2.563281211420583438e+14
2.436817244739225000e+14
2.315800609414586875e+14
2.199981305135098438e+14
2.089149456082343750e+14
1.983056963587467500e+14
1.881443834243593438e+14
1.784097961545570000e+14
1.690868772856981250e+14
1.601638098912217500e+14
1.516286902828391250e+14
1.434681270080854062e+14
1.356676652818220156e+14
1.282125559363325000e+14
1.210880684316171562e+14
1.142796628337124062e+14
1.077734688188240938e+14
1.015571172948399844e+14
9.562063033381143750e+13
8.995693942310489062e+13
8.456170431420601562e+13
7.943242713243075000e+13
7.456718948833535938e+13
6.996344986512542188e+13
6.561719921840836719e+13
6.152256133141199219e+13
5.767180102287039062e+13
5.405564968090691406e+13
5.066380942639800000e+13
4.748546469334108594e+13
4.450965505625479688e+13
4.172546615225856250e+13
3.912211623857681250e+13
3.668905023863379688e+13
3.441608051308042578e+13
3.229351756110125000e+13
3.031221899185290234e+13
2.846355968487807812e+13
2.673938847677483984e+13
2.513201340848701172e+13
2.363419267486962109e+13
2.223909233630723438e+13
2.094021581742343750e+13
1.973134480997187500e+13
1.860651442570802734e+13
1.756000977776729688e+13
1.658636772359234570e+13
1.568039321013542578e+13
1.483720465233283008e+13
1.405229107731781445e+13
1.332153883799571875e+13
1.264120692222189453e+13
1.200787317168357422e+13
1.141838789776091406e+13
1.086984852332881250e+13
1.035958551092457227e+13
9.885149204986279297e+12
9.444293890975203125e+12
9.034952883904056641e+12
8.655198275577563477e+12
8.303194002843437500e+12
7.977164758999829102e+12
7.675392879131119141e+12
7.396230738720470703e+12
7.138108850062081055e+12
6.899535857615853516e+12
6.679100000825473633e+12
6.475475713814129883e+12
6.287427996965590820e+12
6.113808466310836914e+12
5.953545639166557617e+12
5.805634862596513672e+12
5.669130775100003906e+12
5.543144385391324219e+12
5.426845832589819336e+12
5.319468562515916992e+12
5.220307270159700195e+12
5.128707757665111328e+12
5.044055427256452148e+12
4.965769102113249023e+12
4.893299827458084961e+12
4.826130940157467773e+12
4.763778360804900391e+12
4.705791854709761719e+12
4.651756407690969727e+12
4.601292191348506836e+12
4.554053186158866211e+12
4.509725067879345703e+12
4.468022072461659180e+12
4.428683141261416016e+12
4.391469191010727539e+12
4.356162598964450684e+12
4.322567546304207031e+12
4.290509327704914551e+12
4.259832341790404785e+12
4.230397430968648438e+12
4.202079027809608398e+12
4.174762693826517090e+12
4.148343869330276367e+12
4.122727692552234863e+12
4.097828893862573730e+12
4.073571253760462891e+12
4.049887035620952637e+12
4.026716565611614746e+12
4.004007523994160645e+12
3.981713813276748535e+12
3.959794488870095215e+12
3.938213162694427246e+12
3.916937842096693359e+12
3.895940934090434082e+12
3.875199037104024414e+12
3.854692216695792480e+12
3.834402953097349609e+12
3.814315346526367676e+12
3.794414848840880371e+12
3.774688240701270996e+12
3.755123578690773438e+12
3.735710155132274902e+12
3.716438525947550781e+12
3.697300490585275879e+12
3.678288936060084961e+12
3.659397594252393555e+12
3.640620810937192383e+12
3.621953422324274414e+12
3.603390771938873047e+12
3.584928756870450195e+12
3.566563762214523438e+12
3.548292511418621094e+12
3.530111969606562988e+12
3.512019340247730469e+12
3.494012096318031250e+12
3.476088012094197754e+12
3.458245189518755859e+12
3.440482055729604004e+12
3.422797322333962402e+12
3.405189926674617188e+12
3.387658969184725586e+12
3.370203656724985352e+12
3.352823273587527832e+12
3.335517183102174316e+12
3.318284834317425293e+12
3.301125761062073730e+12
3.284039581686343750e+12
3.267025999417410645e+12
3.250084798643932617e+12
3.233215842576468750e+12
3.216419070551742188e+12
3.199694481394322266e+12
3.183042103279061035e+12
3.166461966855620605e+12
3.149954091005437500e+12
3.133518478883634277e+12
3.117155120013534180e+12
3.100863993661361328e+12
3.084645070987710449e+12
3.068498318772567383e+12
3.052423704725270996e+12
3.036421199239848633e+12
3.020490773639565430e+12
3.004632399756181641e+12
2.988846049917825684e+12
2.973131692960424316e+12
2.957489287474744629e+12
2.941918777223018066e+12
2.926420091421275879e+12
2.910993149277422363e+12
2.895637865348621582e+12
2.880354152125208496e+12
2.865141920104579102e+12
2.850001077683168945e+12
2.834931531077773438e+12
2.819933183763935059e+12
2.805005936305047852e+12
2.790149686854425293e+12
2.775364331341979004e+12
2.760649762945395996e+12
2.746005871234771484e+12
2.731432541571597168e+12
2.716929655505022949e+12
2.702497092103388184e+12
2.688134729016949219e+12
2.673842442528197266e+12
2.659620106943775391e+12
2.645467593833923828e+12
2.631384771493107910e+12
2.617371504873709961e+12
2.603427655788920898e+12
2.589553083079699219e+12
2.575747642761411621e+12
2.562011188112045898e+12
2.548343569586746094e+12
2.534744634745066406e+12
2.521214228396254395e+12
2.507752192838683105e+12
2.494358367985250000e+12
2.481032591286244141e+12
2.467774697505009766e+12
2.454584518551778809e+12
2.441461883489854492e+12
2.428406618604368652e+12
2.415418547459414062e+12
2.402497490982628418e+12
2.389643267551431152e+12
2.376855693033152832e+12
2.364134580805543945e+12
2.351479741786368652e+12
2.338890984475720703e+12
2.326368115001288574e+12
2.313910937130999023e+12
2.301519252252044922e+12
2.289192859365760742e+12
2.276931555112776855e+12
2.264735133808693848e+12
2.252603387488401855e+12
2.240536105955061523e+12
2.228533076824966309e+12
2.216594085575892090e+12
2.204718915597241211e+12
2.192907348230990967e+12
2.181159162808518799e+12
2.169474136691151611e+12
2.157852045312314209e+12
2.146292662222698486e+12
2.134795759138054932e+12
2.123361105988848877e+12
2.111988470975922363e+12
2.100677620627066406e+12
2.089428319847713623e+12
2.078240331971392578e+12
2.067113418815872314e+12
2.056047340739437256e+12
2.045041856692743652e+12
2.034096724267431641e+12
2.023211699744589111e+12
2.012386538144908691e+12
2.001620993278031006e+12
1.990914817789585205e+12
1.980267763208779541e+12
1.969679579996458008e+12
1.959150017590199463e+12
1.948678824448029541e+12
1.938265748092932373e+12
1.927910535158706787e+12
1.917612931435593506e+12
1.907372681914564697e+12
1.897189530830374512e+12
1.887063221704531494e+12
1.876993497387826416e+12
1.866980100102200928e+12
1.857022771482693359e+12
1.847121252619332031e+12
1.837275284098493896e+12
1.827484606043592529e+12
1.817748958155029785e+12
1.808068079749611816e+12
1.798441709799562012e+12
1.788869586970679688e+12
1.779351449659502686e+12
1.769887036029668457e+12
1.760476084047479248e+12
1.751118331516994385e+12
1.741813516114784180e+12
1.732561375424308838e+12
1.723361646969807617e+12
1.714214068249798584e+12
1.705118376769741943e+12
1.696074310074076904e+12
1.687081605777559814e+12
1.678140001596134521e+12
1.669249235377225586e+12
1.660409045129429932e+12
1.651619169051628174e+12
1.642879345561702393e+12
1.634189313324694824e+12
1.625548811280475830e+12
1.616957578670841797e+12
1.608415355066099365e+12
1.599921880390941895e+12
1.591476894949661377e+12
1.583080139450719971e+12
1.574731355030802734e+12
1.566430283278318604e+12
1.558176666256349854e+12
1.549970246525162109e+12
1.541810767164071533e+12
1.533697971793057373e+12
1.525631604593590576e+12
1.517611410329269531e+12
1.509637134365712402e+12
1.501708522690078613e+12
1.493825321930034912e+12
1.485987279372195557e+12
1.478194142980111084e+12
1.470445661411762451e+12
1.462741584036606201e+12
1.455081660952142090e+12
1.447465643000005859e+12
1.439893281781633057e+12
1.432364329673420898e+12
1.424878539841472656e+12
1.417435666255880127e+12
1.410035463704532471e+12
1.402677687806531494e+12
1.395362095025093506e+12
1.388088442680188721e+12
1.380856488960626953e+12
1.373665992935815918e+12
1.366516714567163574e+12
1.359408414719039307e+12
1.352340855169384033e+12
1.345313798619968750e+12
1.338327008706250977e+12
1.331380250006846436e+12
1.324473288052676514e+12
1.317605889335780518e+12
1.310777821317661621e+12
1.303988852437464600e+12
1.297238752119648438e+12
1.290527290781460205e+12
1.283854239839994385e+12
1.277219371719006104e+12
1.270622459855371338e+12
1.264063278705218262e+12
1.257541603749811768e+12
1.251057211501140869e+12
1.244609879507148193e+12
1.238199386356752197e+12
1.231825511684568604e+12
1.225488036175368408e+12
1.219186741568252441e+12
1.212921410660610352e+12
1.206691827311783203e+12
1.200497776446496338e+12
1.194339044058057617e+12
1.188215417211283936e+12
1.182126684045223877e+12
1.176072633775617188e+12
1.170053056697147705e+12
1.164067744185495605e+12
1.158116488699110352e+12
1.152199083780846924e+12
1.146315324059351074e+12
1.140465005250258545e+12
1.134647924157175049e+12
1.128863878672522217e+12
1.123112667778116211e+12
1.117394091545598633e+12
1.111707951136743164e+12
1.106054048803491699e+12
1.100432187887850342e+12
1.094842172821691650e+12
1.089283809126256836e+12
1.083756903411660400e+12
1.078261263376080811e+12
1.072796697804943115e+12
1.067363016569816284e+12
1.061960030627303833e+12
1.056587552017655273e+12
1.051245393863379761e+12
1.045933370367610962e+12
1.040651296812404663e+12
1.035398989556874756e+12
1.030176266035256226e+12
1.024982944754830811e+12
1.019818845293655518e+12
1.014683788298336182e+12
1.009577595481538696e+12
1.004500089619505005e+12
9.994510945493753662e+11
9.944304351665051270e+11
9.894379374215810547e+11
9.844734283177492676e+11
9.795367359075718994e+11
9.746276892899029541e+11
9.697461186067423096e+11
9.648918550399283447e+11
9.600647308077940674e+11
9.552645791617239990e+11
9.504912343826693115e+11
9.457445317775319824e+11
9.410243076755379639e+11
9.363303994245115967e+11
9.316626453870698242e+11
9.270208849367889404e+11
9.224049584543055420e+11
9.178147073233148193e+11
9.132499739265837402e+11
9.087106016418103027e+11
9.041964348375541992e+11
8.997073188690253906e+11
8.952431000738333740e+11
8.908036257677225342e+11
8.863887442402597656e+11
8.819983047504569092e+11
8.776321575223560791e+11
8.732901537405711670e+11
8.689721455458612061e+11
8.646779860305339355e+11
8.604075292339353027e+11
8.561606301378663330e+11
8.519371446619500732e+11
8.477369296589797363e+11
8.435598429102841797e+11
8.394057431209642334e+11
8.352744899152362061e+11
8.311659438316456299e+11
8.270799663183041992e+11
8.230164197281237793e+11
8.189751673139825439e+11
8.149560732239057617e+11
8.109590024962381592e+11
8.069838210547940674e+11
8.030303957039416504e+11
7.990985941237905273e+11
7.951882848652540283e+11
7.912993373451478271e+11
7.874316218413040771e+11
7.835850094876165771e+11
7.797593722691536865e+11
7.759545830171872559e+11
7.721705154042807617e+11
7.684070439393538818e+11
7.646640439627065430e+11
7.609413916411208496e+11
7.572389639628634033e+11
7.535566387327855225e+11
7.498942945673387451e+11
7.462518108896728516e+11
7.426290679246595459e+11
7.390259466939599609e+11
7.354423290111182861e+11
7.318780974766044922e+11
7.283331354728995361e+11
7.248073271595974121e+11
7.213005574684541016e+11
7.178127120985368652e+11
7.143436775112896729e+11
7.108933409256660156e+11
7.074615903132680664e+11
7.040483143934542236e+11
7.006534026285002441e+11
6.972767452187780762e+11
6.939182330978785400e+11
6.905777579278498535e+11
6.872552120943426514e+11
6.839504887018535156e+11
6.806634815689445801e+11
6.773940852234696045e+11
6.741421948978410645e+11
6.709077065242735596e+11
6.676905167301101074e+11
6.644905228330864258e+11
6.613076228366760254e+11
6.581417154254001465e+11
6.549926999601925049e+11
6.518604764737886963e+11
6.487449456660788574e+11
6.456460088995307617e+11
6.425635681946412354e+11
6.394975262253364258e+11
6.364477863144642334e+11
6.334142524292781982e+11
6.303968291769415283e+11
6.273954218000325928e+11
6.244099361721245117e+11
6.214402787933218994e+11
6.184863567858717041e+11
6.155480778897568359e+11
6.126253504583220215e+11
6.097180834539589844e+11
6.068261864437235107e+11
6.039495695950938721e+11
6.010881436716490479e+11
5.982418200288201904e+11
5.954105106096612549e+11
5.925941279406184082e+11
5.897925851273665771e+11
5.870057958506197510e+11
5.842336743619809570e+11
5.814761354798493652e+11
5.787330945852929688e+11
5.760044676180003662e+11
5.732901710722017822e+11
5.705901219926701660e+11
5.679042379706953125e+11
5.652324371401242676e+11
5.625746381733933105e+11
5.599307602775767822e+11
5.573007231905489502e+11
5.546844471770069580e+11
5.520818530246920166e+11
5.494928620404992065e+11
5.469173960466931763e+11
5.443553773771301270e+11
5.418067288734685059e+11
5.392713738814371338e+11
5.367492362471621704e+11
5.342402403134151611e+11
5.317443109159837036e+11
5.292613733800288696e+11
