1.243832441858774062e+14
1.181208338000275781e+14
1.120937865914427812e+14
1.063050676685243125e+14
1.007546481962554219e+14
9.543901290051623438e+13
9.035326781791375000e+13
8.549424682682925000e+13
8.086112882579512500e+13
7.645418815843546875e+13
7.227353879227887500e+13
6.831835669474015625e+13
6.458645513473460156e+13
6.107407318204178125e+13
5.777581762983657031e+13
5.468475007829408594e+13
5.179261666015157812e+13
4.909018403497793750e+13
4.656760397434685938e+13
4.421472202388117969e+13
4.202128355963985156e+13
3.997704215925101562e+13
3.807180655859191406e+13
3.629546673378756250e+13
3.463802970382129688e+13
3.308968369201717188e+13
3.164089843330873047e+13
3.028255747036890234e+13
2.900610478344524219e+13
2.780367775234426562e+13
2.666819788633718359e+13
2.559340181515451172e+13
2.457381221159025781e+13
2.360466331149859766e+13
2.268180341089556641e+13
2.180159683098173828e+13
2.096084249876848438e+13
2.015671780869132812e+13
1.938674689897949219e+13
1.864878433378076172e+13
1.794100105308432031e+13
1.726186082451817383e+13
1.661008142268656836e+13
1.598458242830030859e+13
1.538442758131412891e+13
1.480877200957101758e+13
1.425682310763191602e+13
1.372781940217891602e+13
1.322102617300223828e+13
1.273574188479722070e+13
1.227130726360110156e+13
1.182710977930329492e+13
1.140257971762681641e+13
1.099717830599822070e+13
1.061038171448455469e+13
1.024166604357700977e+13
9.890497473260457031e+12
9.556329279204453125e+12
9.238604596731095703e+12
8.936761810961011719e+12
8.650239006011016602e+12
8.378475029882166992e+12
8.120906761628151367e+12
7.876964123532785156e+12
7.646065437554842773e+12
7.427615545806928711e+12
7.221007923507061523e+12
7.025630426660829102e+12
6.840873045129680664e+12
6.666135570081827148e+12
6.500833522303964844e+12
6.344401709928347656e+12
6.196295859887138672e+12
6.055993417021285156e+12
5.922994609022081055e+12
5.796824337507874023e+12
5.677034710326561523e+12
5.563207462162234375e+12
5.454955372141842773e+12
5.351922097798861328e+12
5.253780411027412109e+12
5.160229344081890625e+12
5.070991032559108398e+12
4.985807912723459961e+12
4.904440615766116211e+12
4.826666474099250000e+12
4.752278296517735352e+12
4.681083044127715820e+12
4.612900224568999023e+12
4.547560087191452148e+12
4.484901915530398438e+12
4.424772606607462891e+12
4.367026004940340820e+12
4.311522567429187500e+12
4.258129443627449219e+12
4.206720588041731445e+12
4.157176725622962891e+12
4.109385114397154297e+12
4.063239183296392578e+12
4.018638184021738281e+12
3.975486965736092773e+12
3.933695892731677246e+12
3.893180835747671387e+12
3.853863126736156250e+12
3.815669390752582520e+12
3.778531236341386230e+12
3.742384855689857422e+12
3.707170620825960449e+12
3.672832748919213867e+12
3.639319062551667969e+12
3.606580819854752441e+12
3.574572562222312988e+12
3.543251934313093262e+12
3.512579462423326172e+12
3.482518311418553711e+12
3.453034057545992188e+12
3.424094507440505371e+12
3.395669569981736328e+12
3.367731163138659668e+12
3.340253126501781738e+12
3.313211116373329102e+12
3.286582477967646973e+12
3.260346106782588867e+12
3.234482318738639648e+12
3.208972743638814453e+12
3.183800243864310547e+12
3.158948848541010254e+12
3.134403689316825684e+12
3.110150928537008301e+12
3.086177679842855469e+12
3.062471928849496094e+12
3.039022463293690430e+12
3.015818817755879395e+12
2.992851231226259766e+12
2.970110610863580566e+12
2.947588494918684570e+12
2.925277011475553711e+12
2.903168834554420898e+12
2.881257142107781738e+12
2.859535580048470703e+12
2.837998233492120605e+12
2.816639603115608887e+12
2.795454583003848145e+12
2.774438437239916504e+12
2.753586774850726074e+12
2.732895524844783203e+12
2.712360913680436523e+12
2.691979446445155273e+12
2.671747891235569824e+12
2.651663264945626953e+12
2.631722818626506836e+12
2.611924021612835938e+12
2.592264544904245117e+12
2.572742245004877441e+12
2.553355149220564941e+12
2.534101442598544922e+12
2.514979455913319824e+12
2.495987653869074707e+12
2.477124623075938477e+12
2.458389060015791016e+12
2.439779759668317871e+12
2.421295605448334961e+12
2.402935560689160156e+12
2.384698661416459961e+12
2.366584009909154785e+12
2.348590768646118652e+12
2.330718154546274902e+12
2.312965433676324219e+12
2.295331916644860840e+12
2.277816954728840820e+12
2.260419936542502441e+12
2.243140284933346680e+12
2.225977453850604980e+12
2.208930925116625488e+12
2.192000205206177002e+12
2.175184822197232178e+12
2.158484322988397461e+12
2.141898270759137451e+12
2.125426242575301025e+12
2.109067827059381592e+12
2.092822622128053467e+12
2.076690232876921631e+12
2.060670269710301514e+12
2.044762346764406982e+12
2.028966080598102295e+12
2.013281089077594727e+12
1.997706990385650879e+12
1.982243402127607666e+12
1.966889940547586426e+12
1.951646219879942871e+12
1.936511851838637207e+12
1.921486445214960938e+12
1.906569605536585938e+12
1.891760934751537354e+12
1.877060030927435059e+12
1.862466487980884766e+12
1.847979895456737793e+12
1.833599838364839111e+12
1.819325897064279785e+12
1.805157647176652588e+12
1.791094659515392578e+12
1.777136500031225342e+12
1.763282729783267822e+12
1.749532904944198242e+12
1.735886576839871826e+12
1.722343292013692383e+12
1.708902592303626465e+12
1.695564014924158203e+12
1.682327092552742676e+12
1.669191353425561035e+12
1.656156321445580811e+12
1.643221516302064697e+12
1.630386453596247314e+12
1.617650644968416504e+12
1.605013598224299805e+12
1.592474817462721436e+12
1.580033803207644287e+12
1.567690052546144287e+12
1.555443059270817627e+12
1.543292314023613770e+12
1.531237304438163086e+12
1.519277515280114746e+12
1.507412428586094971e+12
1.495641523802526855e+12
1.483964277924154785e+12
1.472380165630928955e+12
1.460888659421760986e+12
1.449489229744224854e+12
1.438181345120861816e+12
1.426964472273079102e+12
1.415838076243492920e+12
1.404801620516993164e+12
1.393854567139786133e+12
1.382996376836237305e+12
1.372226509123326416e+12
1.361544422423375977e+12
1.350949574175269287e+12
1.340441420944620850e+12
1.330019418532163330e+12
1.319683022080188232e+12
1.309431686176405518e+12
1.299264864955480713e+12
1.289182012198278320e+12
1.279182581429066162e+12
1.269266026010527100e+12
1.259431799236453857e+12
1.249679354422010986e+12
1.240008144991592285e+12
1.230417624564442139e+12
1.220907247038410156e+12
1.211476466671800049e+12
1.202124738163377197e+12
1.192851516730490479e+12
1.183656258185278076e+12
1.174538419009104980e+12
1.165497456425291260e+12
1.156532828470220215e+12
1.147643994062776855e+12
1.138830413072125977e+12
1.130091546383748291e+12
1.121426855963739014e+12
1.112835804921547119e+12
1.104317857571030029e+12
1.095872479490003052e+12
1.087499137578168091e+12
1.079197300113445801e+12
1.070966436806835571e+12
1.062806018855632202e+12
1.054715518995315063e+12
1.046694411549904541e+12
1.038742172480943237e+12
1.030858279435074463e+12
1.023042211790150513e+12
1.015293450700085083e+12
1.007611479138251831e+12
9.999957819396655273e+11
9.924458458418647461e+11
9.849611595244353027e+11
9.775412136474111328e+11
9.701855008883524170e+11
9.628935159782141113e+11
9.556647557361575928e+11
9.484987191030692139e+11
9.413949071740847168e+11
9.343528232298719482e+11
9.273719727669360352e+11
9.204518635267901611e+11
9.135920055241492920e+11
9.067919110739925537e+11
9.000510948177360840e+11
8.933690737483336182e+11
8.867453672344340820e+11
8.801794970435614014e+11
8.736709873643829346e+11
8.672193648280073242e+11
8.608241585284139404e+11
8.544849000419874268e+11
8.482011234461118164e+11
8.419723653369913330e+11
8.357981648465380859e+11
8.296780636584906006e+11
8.236116060236478271e+11
8.175983387743646240e+11
8.116378113382288818e+11
8.057295757509260254e+11
7.998731866684045410e+11
7.940682013782713623e+11
7.883141798104376221e+11
7.826106845470565186e+11
7.769572808317995605e+11
7.713535365783824463e+11
7.657990223784743652e+11
7.602933115088758545e+11
7.548359799381801758e+11
7.494266063326353760e+11
7.440647720615535889e+11
7.387500612020183105e+11
7.334820605430267334e+11
7.282603595890795898e+11
7.230845505631652832e+11
7.179542284092580566e+11
7.128689907942183838e+11
7.078284381092133789e+11
7.028321734705887451e+11
6.978798027202742920e+11
6.929709344256777344e+11
6.881051798791428223e+11
6.832821530968626709e+11
6.785014708174321289e+11
6.737627524998916016e+11
6.690656203213751221e+11
6.644096991743200684e+11
6.597946166632664795e+11
6.552200031012615967e+11
6.506854915058756104e+11
6.461907175948549805e+11
6.417353197813311768e+11
6.373189391687855225e+11
6.329412195455533447e+11
6.286018073790642090e+11
6.243003518097156982e+11
6.200365046444008789e+11
6.158099203497825928e+11
6.116202560452187500e+11
6.074671714953841553e+11
6.033503291026623535e+11
5.992693938991560059e+11
5.952240335385593262e+11
5.912139182876378174e+11
5.872387210175385742e+11
5.832981171948162842e+11
5.793917848722490234e+11
5.755194046793641357e+11
5.716806598128133545e+11
5.678752360264819336e+11
5.641028216214018555e+11
5.603631074354501953e+11
5.566557868328808594e+11
5.529805556936505127e+11
5.493371124025302124e+11
5.457251578381045532e+11
5.421443953615578613e+11
5.385945308052811279e+11
5.350752724613957520e+11
5.315863310700325928e+11
5.281274198075319214e+11
5.246982542744812012e+11
5.212985524836177368e+11
5.179280348476077881e+11
5.145864241666865234e+11
5.112734456162263184e+11
5.079888267341381226e+11
5.047322974081938477e+11
5.015035898632495728e+11
4.983024386483577881e+11
4.951285806237963867e+11
4.919817549480285034e+11
4.888617030645281982e+11
4.857681686885789185e+11
4.827008977939877319e+11
4.796596385997061768e+11
4.766441415564036255e+11
4.736541593329877319e+11
4.706894468030671997e+11
4.677497610313286133e+11
4.648348612598970337e+11
4.619445088946613770e+11
4.590784674915209961e+11
4.562365027426188965e+11
4.534183824625360107e+11
4.506238765744614868e+11
4.478527570963134766e+11
4.451047981268581543e+11
4.423797758318125000e+11
4.396774684298833008e+11
4.369976561788686523e+11
4.343401213616730957e+11
4.317046482723372803e+11
4.290910232021066284e+11
4.264990344254290771e+11
4.239284721859852905e+11
4.213791286827337646e+11
4.188507980559228516e+11
4.163432763731524048e+11
4.138563616154049072e+11
4.113898536631338501e+11
4.089435542823123779e+11
4.065172671105447998e+11
4.041107976431752930e+11
4.017239532194232178e+11
3.993565430085225830e+11
3.970083779959315796e+11
3.946792709695118408e+11
3.923690365057897339e+11
3.900774909562028809e+11
3.878044524334060669e+11
3.855497407976163940e+11
3.833131776429570923e+11
3.810945862839006958e+11
3.788937917416670532e+11
3.767106207307673950e+11
3.745449016454683228e+11
3.723964645464169922e+11
3.702651411472346191e+11
3.681507648011686401e+11
3.660531704878260498e+11
3.639721947999166260e+11
3.619076759300694580e+11
3.598594536576802368e+11
3.578273693358425293e+11
3.558112658782951660e+11
3.538109877464548340e+11
3.518263809364829102e+11
3.498572929664281006e+11
3.479035728633902588e+11
3.459650711508045654e+11
3.440416398357160645e+11
3.421331323961692505e+11
3.402394037686113892e+11
3.383603103354080200e+11
3.364957099123635254e+11
3.346454617363681641e+11
3.328094264530481567e+11
3.309874661045236206e+11
3.291794441172089844e+11
3.273852252896789551e+11
3.256046757806260986e+11
3.238376630968443604e+11
3.220840560813096313e+11
3.203437249013275146e+11
3.186165410367272949e+11
3.169023772681392822e+11
3.152011076653518677e+11
3.135126075757105713e+11
3.118367536126116943e+11
3.101734236440485840e+11
3.085224967812359009e+11
3.068838533673181152e+11
3.052573749661088257e+11
3.036429443509428101e+11
3.020404454935819092e+11
3.004497635531929321e+11
2.988707848653916626e+11
2.973033969313702393e+11
2.957474884070882568e+11
2.942029490925380249e+11
2.926696699210899048e+11
2.911475429488857422e+11
2.896364613443344116e+11
2.881363193776679688e+11
2.866470124105626221e+11
2.851684368858253174e+11
2.837004903171989746e+11
2.822430712791766357e+11
2.807960793969313965e+11
2.793594153363049316e+11
2.779329807938590088e+11
2.765166784870324097e+11
2.751104121443200073e+11
2.737140864955707092e+11
2.723276072623282776e+11
2.709508811482551880e+11
2.695838158296317139e+11
2.682263199459132996e+11
2.668783030903867798e+11
2.655396758008476868e+11
2.642103495504134827e+11
2.628902367383560791e+11
2.615792693309747925e+11
2.602773242208172607e+11
2.589843352071581421e+11
2.577002183045461121e+11
2.564248904089456787e+11
2.551582692890031433e+11
2.539002735774108582e+11
2.526508227623199158e+11
2.514098371788257751e+11
2.501772380005393982e+11
2.489529472311872559e+11
2.477368876963346252e+11
