1.772218735098615234e+13
1.630908096174518750e+13
1.497712918573917383e+13
1.372749903217566797e+13
1.256075447194220508e+13
1.147668243350130859e+13
1.047410595738263672e+13
9.550731136301611328e+12
8.703107997247353516e+12
7.926783921938941406e+12
7.216649856317217773e+12
6.567361249071587891e+12
5.973678139565895508e+12
5.430655708052214844e+12
4.933722501142632812e+12
4.478713446145645508e+12
4.061895036760975586e+12
3.679986023958807617e+12
3.330163073548377441e+12
3.010042916319928223e+12
2.717639833739831055e+12
2.451303398871767090e+12
2.209644441167460938e+12
1.991457732854037842e+12
1.795648863128952148e+12
1.621170902426500488e+12
1.466974252610525879e+12
1.331970921864080811e+12
1.215012691941783203e+12
1.114881501231610596e+12
1.030289840760487793e+12
9.598890346810570068e+11
9.022835063820379639e+11
8.560494573864033203e+11
8.197565439726645508e+11
7.919911792974445801e+11
7.713800964804920654e+11
7.566128860706726074e+11
7.464624155703218994e+11
7.398023175295601807e+11
7.356210168301020508e+11
7.330319838128880615e+11
7.312800229817666016e+11
7.297434701806724854e+11
7.279322412862041016e+11
7.254818129787675781e+11
7.221434413815511475e+11
7.177712069530993652e+11
7.123067476202639160e+11
7.057627337982048340e+11
6.982061978092105713e+11
6.897427433550922852e+11
6.805024524121553955e+11
6.706280256403403320e+11
6.602653931973873291e+11
6.495567627670541992e+11
6.386358617374606934e+11
6.276249948800424805e+11
6.166334779925668945e+11
6.057570131973974609e+11
5.950776291057712402e+11
5.846639020098599854e+11
5.745712840054903564e+11
5.648424714093745117e+11
5.555078345961655273e+11
5.465859853188687744e+11
5.380845732797614746e+11
5.300013817768865967e+11
5.223257418121876831e+11
5.150402196780903320e+11
5.081224713924811401e+11
5.015471134952288818e+11
4.952874439920025024e+11
4.893168632957772827e+11
4.836098894693041382e+11
4.781427255784279785e+11
4.728934065795750732e+11
4.678416152417187500e+11
4.629682996487455444e+11
4.582552416793804321e+11
4.536847148128889771e+11
4.492393343569824829e+11
4.449021517328880615e+11
4.406569872459500732e+11
4.364889436229683838e+11
4.323850046464924927e+11
4.283346053944096680e+11
4.243300647936089478e+11
4.203667952327135010e+11
4.164432422798370972e+11
4.125605524148494873e+11
4.087220098214366455e+11
4.049323173392565918e+11
4.011968164700828857e+11
3.975207445901785889e+11
3.939086150272376099e+11
3.903637808393649902e+11
3.868882112040872803e+11
3.834824762139757080e+11
3.801459071064210815e+11
3.768768787305114746e+11
3.736731516562832031e+11
3.705322129414711304e+11
3.674515654754874268e+11
3.644289329424198608e+11
3.614623670564227295e+11
3.585502621840801392e+11
3.556912968634441528e+11
3.528843302781583862e+11
3.501282839580653076e+11
3.474220355495332031e+11
3.447643440034724121e+11
3.421538159981234131e+11
3.395889138974686890e+11
3.370679977380283813e+11
3.345893887251220703e+11
3.321514398938689575e+11
3.297526006884426270e+11
3.273914654896863403e+11
3.250668005706680908e+11
3.227775485522568970e+11
3.205228133109495239e+11
3.183018309022512817e+11
3.161139331955745850e+11
3.139585106766469116e+11
3.118349795989348755e+11
3.097427568114060059e+11
3.076812436185599976e+11
3.056498183172130127e+11
3.036478358426980591e+11
3.016746323334172974e+11
2.997295323408809204e+11
2.978118567374169922e+11
2.959209299278222046e+11
2.940560855828436279e+11
2.922166706489263306e+11
2.904020477721856689e+11
2.886115964837835693e+11
2.868447135501152954e+11
2.851008128419335938e+11
2.833793249757575073e+11
2.816796968741312256e+11
2.800013913082167358e+11
2.783438864380709229e+11
2.767066753497443237e+11
2.750892655922201538e+11
2.734911787281525879e+11
2.719119499192644653e+11
2.703511275657942810e+11
2.688082730094381409e+11
2.672829602946307983e+11
2.657747759695886230e+11
2.642833188995884705e+11
2.628082000632002563e+11
2.613490423068016052e+11
2.599054800416265564e+11
2.584771588785155945e+11
2.570637352054620056e+11
2.556648757212033997e+11
2.542802569437433777e+11
2.529095647160357971e+11
2.515524937326776428e+11
2.502087471110308533e+11
2.488780360279181519e+11
2.475600794376150818e+11
2.462546038789855957e+11
2.449613433687086487e+11
2.436800393656316528e+11
2.424104407800332031e+11
2.411523039937706299e+11
2.399053928546666565e+11
2.386694786128157043e+11
2.374443397769988403e+11
2.362297618844975281e+11
2.350255371945192871e+11
2.338314643300648193e+11
2.326473479029235840e+11
2.314729981588056946e+11
2.303082306746418457e+11
2.291528661284793091e+11
2.280067301475699768e+11
2.268696532248650818e+11
2.257414706823995056e+11
2.246220226532915649e+11
2.235111540543293152e+11
2.224087145269363708e+11
2.213145583343956604e+11
2.202285442147093201e+11
2.191505351984006042e+11
2.180803984076712952e+11
2.170180048553315430e+11
2.159632292599498291e+11
2.149159498881161194e+11
2.138760484276237793e+11
2.128434098885862122e+11
2.118179225243063660e+11
2.107994777614818115e+11
2.097879701296877747e+11
2.087832971827635193e+11
2.077853594087486267e+11
2.067940601289833374e+11
2.058093053900947876e+11
2.048310038543809814e+11
2.038590666939636230e+11
2.028934074929172974e+11
2.019339421594630432e+11
2.009805888481131592e+11
2.000332678899552612e+11
1.990919017282727051e+11
1.981564148565562134e+11
1.972267337566283875e+11
1.963027868355867615e+11
1.953845043613029480e+11
1.944718183971217957e+11
1.935646627369008789e+11
1.926629728415003967e+11
1.917666857777321777e+11
1.908757401601665344e+11
1.899900760958966370e+11
1.891096351319606934e+11
1.882343602050017700e+11
1.873641955926966858e+11
1.864990868667271729e+11
1.856389808470908203e+11
1.847838255579135742e+11
1.839335701847214966e+11
1.830881650334132690e+11
1.822475614908959351e+11
1.814117119873912659e+11
1.805805699602712402e+11
1.797540898192404480e+11
1.789322269127531433e+11
1.781149374955071106e+11
1.773021786969848938e+11
1.764939084910442200e+11
1.756900856666372375e+11
1.748906697996706238e+11
1.740956212261120300e+11
1.733049010162556152e+11
1.725184709502306519e+11
1.717362934945285645e+11
1.709583317795626221e+11
1.701845495780808411e+11
1.694149112843787842e+11
1.686493818942628479e+11
1.678879269857037354e+11
1.671305127001722412e+11
1.663771057246921692e+11
1.656276732746110840e+11
1.648821830770790100e+11
1.641406033552293091e+11
1.634029028130620728e+11
1.626690506209623108e+11
1.619390164018577576e+11
1.612127702179230042e+11
1.604902825578144836e+11
1.597715243244310913e+11
1.590564668230942383e+11
1.583450817502357178e+11
1.576373411824722595e+11
1.569332175661702881e+11
1.562326837073963318e+11
1.555357127623193665e+11
1.548422782279937439e+11
1.541523539335740356e+11
1.534659140318647766e+11
1.527829329912410889e+11
1.521033855878847656e+11
1.514272468983369141e+11
1.507544922923225403e+11
1.500850974258497620e+11
1.494190382345637207e+11
1.487562909273716125e+11
1.480968319803070679e+11
1.474406381306227417e+11
1.467876863711732788e+11
1.461379539449692688e+11
1.454914183399918213e+11
1.448480572842264709e+11
1.442078487408600159e+11
1.435707709037037354e+11
1.429368021927750854e+11
1.423059212500574951e+11
1.416781069354165039e+11
1.410533383226813049e+11
1.404315946958678284e+11
1.398128555455526428e+11
1.391971005653660889e+11
1.385843096486594543e+11
1.379744628852286682e+11
1.373675405582190094e+11
1.367635231410901184e+11
1.361623912947253723e+11
1.355641258645988007e+11
1.349687078780785370e+11
1.343761185417943726e+11
1.337863392390989532e+11
1.331993515276016693e+11
1.326151371368090210e+11
1.320336779658225250e+11
1.314549560810820160e+11
1.308789537142552490e+11
1.303056532600759888e+11
1.297350372743569641e+11
1.291670884719868164e+11
1.286017897250120239e+11
1.280391240607551117e+11
1.274790746600106812e+11
1.269216248552400513e+11
1.263667581288634949e+11
1.258144581115481415e+11
1.252647085805752869e+11
1.247174934582053528e+11
1.241727968101152496e+11
1.236306028438468323e+11
1.230908959072949982e+11
1.225536604872293854e+11
1.220188812078458252e+11
1.214865428293416595e+11
1.209566302465184937e+11
1.204291284874299316e+11
1.199040227120280457e+11
1.193812982108442078e+11
1.188609404036966400e+11
1.183429348384196777e+11
1.178272671896143341e+11
1.173139232574040222e+11
1.168028889662380829e+11
1.162941503636783447e+11
1.157876936192420959e+11
1.152835050232290039e+11
1.147815709855728455e+11
1.142818780347374573e+11
1.137844128165758362e+11
1.132891620932411346e+11
1.127961127421105347e+11
1.123052517546976776e+11
1.118165662356017456e+11
1.113300434014628448e+11
1.108456705799176025e+11
1.103634352085900421e+11
1.098833248340585022e+11
1.094053271108762970e+11
1.089294298005639801e+11
1.084556207706376343e+11
1.079838879936259613e+11
1.075142195461192780e+11
1.070466036078134766e+11
1.065810284605524750e+11
1.061174824874131012e+11
1.056559541717580719e+11
1.051964320963251190e+11
1.047389049423176270e+11
1.042833614884897003e+11
1.038297906102556458e+11
1.033781812788029480e+11
1.029285225601968079e+11
1.024808036145256195e+11
1.020350136950106506e+11
1.015911421471530762e+11
1.011491784078767700e+11
1.007091120046902771e+11
1.002709325548188019e+11
9.983462976439517212e+10
9.940019342761332703e+10
9.896761342590325928e+10
9.853687972712432861e+10
9.810798238473870850e+10
9.768091153702456665e+10
9.725565740625129700e+10
9.683221029790246582e+10
9.641056059988395691e+10
9.599069878173162842e+10
9.557261539383973694e+10
9.515630106669458008e+10
9.474174651009805298e+10
9.432894251240798950e+10
9.391787993978727722e+10
9.350854973544584656e+10
9.310094291890174866e+10
9.269505058523791504e+10
9.229086390436955261e+10
9.188837412031301880e+10
9.148757255045880127e+10
9.108845058485737610e+10
9.069099968550050354e+10
9.029521138561712646e+10
8.990107728896195984e+10
8.950858906912785339e+10
8.911773846883702087e+10
8.872851729926225281e+10
8.834091743934654236e+10
8.795493083510494995e+10
8.757054949896971130e+10
8.718776550911985779e+10
8.680657100879772949e+10
8.642695820567567444e+10
8.604891937117684937e+10
8.567244683984431458e+10
8.529753300868118286e+10
8.492417033652049255e+10
8.455235134338633728e+10
8.418206860986216736e+10
8.381331477645503235e+10
8.344608254299966431e+10
8.308036466801165771e+10
8.271615396809780884e+10
8.235344331733570862e+10
8.199222564667799377e+10
8.163249394334806824e+10
8.127424125025759888e+10
8.091746066540194702e+10
8.056214534129066467e+10
8.020828848435485840e+10
7.985588335439108276e+10
7.950492326396286011e+10
7.915540157786648560e+10
7.880731171254519653e+10
7.846064713554138184e+10
7.811540136494987488e+10
7.777156796886567688e+10
7.742914056483049011e+10
7.708811281932122803e+10
7.674847844718234253e+10
7.641023121112197876e+10
7.607336492117581177e+10
7.573787343419038391e+10
7.540375065330061340e+10
7.507099052742977905e+10
7.473958705076696777e+10
7.440953426228031921e+10
7.408082624520474243e+10
7.375345712655461121e+10
7.342742107663861084e+10
7.310271230856532288e+10
7.277932507776382446e+10
7.245725368151179504e+10
7.213649245846435547e+10
7.181703578817803955e+10
7.149887809065109253e+10
7.118201382586946106e+10
7.086643749334516907e+10
7.055214363166610718e+10
7.023912681804960632e+10
6.992738166790686035e+10
6.961690283439341736e+10
6.930768500798220825e+10
6.899972291603524780e+10
6.869301132237425995e+10
6.838754502685812378e+10
6.808331886496746063e+10
6.778032770740158081e+10
6.747856645964624786e+10
6.717803006158824921e+10
6.687871348711157990e+10
6.658061174369538116e+10
6.628371987201586914e+10
6.598803294557778168e+10
6.569354607031002045e+10
6.540025438419206238e+10
6.510815305687740326e+10
6.481723728931840515e+10
6.452750231340425873e+10
6.423894339158706665e+10
6.395155581652533722e+10
6.366533491072608185e+10
6.338027602619168091e+10
6.309637454407144165e+10
6.281362587431434631e+10
6.253202545532368469e+10
6.225156875363107300e+10
6.197225126354658508e+10
6.169406850683694458e+10
6.141701603240261078e+10
6.114108941594194031e+10
6.086628425964451599e+10
6.059259619186675262e+10
6.032002086682615662e+10
6.004855396428895569e+10
5.977819118926180267e+10
5.950892827169674683e+10
5.924076096619611359e+10
5.897368505170746613e+10
5.870769633123803711e+10
5.844279063157473755e+10
5.817896380298514557e+10
5.791621171895207214e+10
5.765453027588865662e+10
5.739391539286515045e+10
5.713436301134154510e+10
5.687586909489762878e+10
5.661842962897354126e+10
5.636204062060440063e+10
5.610669809817238617e+10
5.585239811113784790e+10
5.559913672980493164e+10
5.534691004506583405e+10
5.509571416815940857e+10
5.484554523042899323e+10
5.459639938308067322e+10
