1.700604550496809062e+14
1.618181785837138750e+14
1.539201667791009688e+14
1.463388785484539062e+14
1.390656437057964219e+14
1.320934080878398906e+14
1.254136517459616250e+14
1.190177234278531562e+14
1.128989576970789844e+14
1.070534425472697656e+14
1.014785380865599844e+14
9.617036817935393750e+13
9.112226854635868750e+13
8.632474554901606250e+13
8.176653965501168750e+13
7.743595339513475000e+13
7.332160518071515625e+13
6.941255834056094531e+13
6.569828397571446094e+13
6.216877864630976562e+13
5.881484872550622656e+13
5.562835548967917188e+13
5.260219226132746094e+13
4.973000434925321875e+13
4.700587957314232812e+13
4.442417681776214844e+13
4.197949050844580469e+13
3.966662463859857812e+13
3.748045468102025781e+13
3.541571848578528906e+13
3.346689273440023438e+13
3.162824841355826172e+13
2.989404642654919141e+13
2.825874399086681641e+13
2.671709631402510547e+13
2.526414720723382031e+13
2.389518430743490625e+13
2.260572095203288281e+13
2.139149958918260547e+13
2.024847160475894531e+13
1.917274510724925000e+13
1.816054969830553516e+13
1.720826542698661719e+13
1.631250339812431250e+13
1.547016731556866602e+13
1.467843306494872656e+13
1.393465587248669141e+13
1.323627461944607227e+13
1.258077125079762891e+13
1.196568057989919922e+13
1.138860571687951758e+13
1.084721583629385938e+13
1.033924645531250391e+13
9.862527975315185547e+12
9.415030074707839844e+12
8.994881452963369141e+12
8.600348134068595703e+12
8.229799790297458008e+12
7.881702277753427734e+12
7.554635773347998047e+12
7.247304074016988281e+12
6.958515065077175781e+12
6.687151498767975586e+12
6.432160738756814453e+12
6.192562758879205078e+12
5.967452168461536133e+12
5.755983872468782227e+12
5.557358198976054688e+12
5.370820292714189453e+12
5.195665125547369141e+12
5.031231539907120117e+12
4.876887486671118164e+12
4.732023535479865234e+12
4.596060229892616211e+12
4.468455962771847656e+12
4.348703980306047852e+12
4.236323891190420410e+12
4.130857848207913086e+12
4.031870315284446777e+12
3.938944335646551270e+12
3.851675599945611816e+12
3.769672127160739746e+12
3.692560228431565918e+12
3.619988773257343750e+12
3.551627656502777344e+12
3.487165414889590332e+12
3.426310521006277344e+12
3.368793546889847656e+12
3.314366277433186035e+12
3.262799622872834473e+12
3.213883815538849121e+12
3.167429475913635742e+12
3.123265959593369141e+12
3.081237607396157227e+12
3.041201453532081055e+12
3.003026905129490234e+12
2.966594715570730957e+12
2.931794415647087891e+12
2.898522285873468750e+12
2.866680957141533203e+12
2.836179249041022461e+12
2.806931282070795410e+12
2.778855824513318359e+12
2.751876577933614746e+12
2.725922463473909180e+12
2.700927050910726074e+12
2.676827737681346680e+12
2.653565525264600586e+12
2.631085161455987793e+12
2.609335036996993652e+12
2.588266881920142090e+12
2.567835590574407227e+12
2.547999085576123535e+12
2.528717994467411133e+12
2.509955286450507812e+12
2.491676138945572266e+12
2.473847976282185547e+12
2.456440443630557617e+12
2.439425275467837891e+12
2.422776178545388672e+12
2.406468756745825195e+12
2.390480410277604980e+12
2.374790208110328613e+12
2.359378793202424316e+12
2.344228313562711914e+12
2.329322316125124512e+12
2.314645608843788574e+12
2.300184165462230469e+12
2.285925087242367676e+12
2.271856552549451172e+12
2.257967725311319336e+12
2.244248673857458008e+12
2.230690324999873535e+12
2.217284413414328125e+12
2.204023416220845215e+12
2.190900513380384766e+12
2.177909569054618652e+12
2.165045078587860596e+12
2.152302080673921875e+12
2.139676091061155518e+12
2.127163066916703857e+12
2.114759361847973145e+12
2.102461670493467041e+12
2.090266992692152588e+12
2.078172607916749756e+12
2.066176034329966553e+12
2.054274988523251709e+12
2.042467369542092285e+12
2.030751250323610107e+12
2.019124856929922607e+12
2.007586549229532227e+12
1.996134813747657959e+12
1.984768254997042969e+12
1.973485580411523926e+12
1.962285590607836670e+12
1.951167174091166748e+12
1.940129296009749756e+12
1.929170985338627686e+12
1.918291329421521240e+12
1.907489470709814209e+12
1.896764599551691650e+12
1.886115947689601074e+12
1.875542784721652832e+12
1.865044412898123535e+12
1.854620160983922363e+12
1.844269381825231445e+12
1.833991451428184814e+12
1.823785765325706055e+12
1.813651734338002441e+12
1.803588782368750732e+12
1.793596344344997559e+12
1.783673863481381348e+12
1.773820789885728760e+12
1.764036580291058594e+12
1.754320696981405762e+12
1.744672606439866943e+12
1.735091779107185059e+12
1.725577689535930664e+12
1.716129815989605469e+12
1.706747640038231934e+12
1.697430646543467773e+12
1.688178323548127686e+12
1.678990162000037109e+12
1.669865655687657227e+12
1.660804301257785645e+12
1.651805597990245605e+12
1.642869047519708740e+12
1.633994153817660156e+12
1.625180423330145264e+12
1.616427365064557861e+12
1.607734490657128418e+12
1.599101314448374756e+12
1.590527353481472412e+12
1.582012127486555420e+12
1.573555158986255615e+12
1.565155973430609375e+12
1.556814099226805420e+12
1.548529067749204834e+12
1.540300413397620361e+12
1.532127673620024414e+12
1.524010388915757812e+12
1.515948102899605957e+12
1.507940362349394287e+12
1.499986717178687744e+12
1.492086720438001465e+12
1.484239928360810059e+12
1.476445900357685059e+12
1.468704198986799805e+12
1.461014389969576660e+12
1.453376042202362061e+12
1.445788727747427490e+12
1.438252021862348633e+12
1.430765503042325684e+12
1.423328753021047607e+12
1.415941356768535645e+12
1.408602902512692871e+12
1.401312981747520264e+12
1.394071189229125244e+12
1.386877122981193604e+12
1.379730384288699463e+12
1.372630577675126465e+12
1.365577310890651123e+12
1.358570194907385010e+12
1.351608843906004883e+12
1.344692875264628174e+12
1.337821909552049805e+12
1.330995570514325928e+12
1.324213485060765137e+12
1.317475283254180908e+12
1.310780598295655518e+12
1.304129066504984619e+12
1.297520327304692871e+12
1.290954023204124512e+12
1.284429799780558594e+12
1.277947305662162354e+12
1.271506192511753418e+12
1.265106115008898193e+12
1.258746730833603760e+12
1.252427700652500000e+12
1.246148688103563477e+12
1.239909359779147949e+12
1.233709385209036621e+12
1.227548436843115723e+12
1.221426190033324219e+12
1.215342323015933594e+12
1.209296516893959473e+12
1.203288455618713379e+12
1.197317825971283936e+12
1.191384317544753906e+12
1.185487622726492432e+12
1.179627436680281006e+12
1.173803457328664062e+12
1.168015385335221680e+12
1.162262924086623779e+12
1.156545779674718994e+12
1.150863660878631104e+12
1.145216279146416992e+12
1.139603348576884521e+12
1.134024585901570801e+12
1.128479710466684570e+12
1.122968444215013672e+12
1.117490511668054443e+12
1.112045639907764648e+12
1.106633558558546387e+12
1.101253999769369141e+12
1.095906698195767944e+12
1.090591390981763672e+12
1.085307817741869263e+12
1.080055720543017944e+12
1.074834843886386475e+12
1.069644934689417114e+12
1.064485742267754395e+12
1.059357018317102905e+12
1.054258516895088501e+12
1.049189994403159058e+12
1.044151209568398193e+12
1.039141923425282227e+12
1.034161899297538574e+12
1.029210902779833984e+12
1.024288701719587891e+12
1.019395066198714355e+12
1.014529768515402832e+12
1.009692583165833374e+12
1.004883286826006348e+12
1.000101658333503052e+12
9.953474786693176270e+11
9.906205309397215576e+11
9.859206003580808105e+11
9.812474742267813721e+11
9.766009419191429443e+11
9.719807948613986816e+11
9.673868265147070312e+11
9.628188323572490234e+11
9.582766098663447266e+11
9.537599585005943604e+11
9.492686796821956787e+11
9.448025767791890869e+11
9.403614550878508301e+11
9.359451218151202393e+11
9.315533860611131592e+11
9.271860588016700439e+11
9.228429528710201416e+11
9.185238829444906006e+11
9.142286655212781982e+11
9.099571189073604736e+11
9.057090631984012451e+11
9.014843202628187256e+11
8.972827137248533936e+11
8.931040689477987061e+11
8.889482130172701416e+11
8.848149747245336914e+11
8.807041845499978027e+11
8.766156746467261963e+11
8.725492788240561523e+11
8.685048325313133545e+11
8.644821728416375732e+11
8.604811384358529053e+11
8.565015695864801025e+11
8.525433081418248291e+11
8.486061975101402588e+11
8.446900826439432373e+11
8.407948100243636475e+11
8.369202276456518555e+11
8.330661849997341309e+11
8.292325330609415283e+11
8.254191242707467041e+11
8.216258125227025146e+11
8.178524531473905029e+11
8.140989028975926514e+11
8.103650199334300537e+11
8.066506638077340088e+11
8.029556954514460449e+11
7.992799771591732178e+11
7.956233725748088379e+11
7.919857466773079834e+11
7.883669657665472412e+11
7.847668974493031006e+11
7.811854106253221436e+11
7.776223754735548096e+11
7.740776634384261475e+11
7.705511472162960205e+11
7.670427007419493408e+11
7.635521991753001709e+11
7.600795188880998535e+11
7.566245374508227539e+11
7.531871336196832275e+11
7.497671873236922607e+11
7.463645796518717041e+11
7.429791928405976562e+11
7.396109102610295410e+11
7.362596164066250000e+11
7.329251968808569336e+11
7.296075383849335938e+11
7.263065287057106934e+11
7.230220567036735840e+11
7.197540123010447998e+11
7.165022864700167236e+11
7.132667712210552979e+11
7.100473595913593750e+11
7.068439456334361572e+11
7.036564244036737061e+11
7.004846919512258301e+11
6.973286453068208008e+11
6.941881824717589111e+11
6.910632024070390625e+11
6.879536050225266113e+11
6.848592911663190918e+11
6.817801626141082764e+11
6.787161220587609863e+11
6.756670730999348145e+11
6.726329202338092041e+11
6.696135688429554443e+11
6.666089251862785645e+11
6.636188963890694580e+11
6.606433904331652832e+11
6.576823161472358398e+11
6.547355831971174316e+11
6.518031020763071289e+11
6.488847840965267334e+11
6.459805413783843994e+11
6.430902868421604004e+11
6.402139341986668701e+11
6.373513979402269287e+11
6.345025933317365723e+11
6.316674364018367920e+11
6.288458439341740723e+11
6.260377334587613525e+11
6.232430232434272461e+11
6.204616322853734131e+11
6.176934803028167725e+11
6.149384877267330322e+11
6.121965756926712646e+11
6.094676660327020264e+11
6.067516812674068604e+11
6.040485445979981689e+11
6.013581798985220947e+11
5.986805117081137695e+11
5.960154652234130859e+11
5.933629662909880371e+11
5.907229413999036865e+11
5.880953176743570557e+11
5.854800228663814697e+11
5.828769853486767578e+11
5.802861341074857178e+11
5.777073987355584717e+11
5.751407094252203369e+11
5.725859969615141602e+11
5.700431927154133301e+11
5.675122286371168213e+11
5.649930372494321289e+11
5.624855516412395020e+11
5.599897054610329590e+11
5.575054329105045166e+11
5.550326687382806396e+11
5.525713482336508789e+11
5.501214072204338379e+11
5.476827820508790283e+11
5.452554095996771240e+11
5.428392272580005493e+11
5.404341729276532593e+11
5.380401850152869873e+11
5.356572024266608887e+11
5.332851645610042725e+11
5.309240113054392700e+11
5.285736830294425659e+11
5.262341205794370728e+11
5.239052652733862915e+11
5.215870588955060425e+11
5.192794436909965820e+11
5.169823623608771973e+11
5.146957580568793945e+11
5.124195743763720093e+11
5.101537553574048462e+11
5.078982454737508545e+11
5.056529896300598755e+11
5.034179331570541992e+11
5.011930218067890015e+11
4.989782017479633179e+11
4.967734195612979736e+11
4.945786222349690552e+11
4.923937571601185913e+11
4.902187721263659058e+11
4.880536153174484253e+11
4.858982353068711548e+11
4.837525810536221313e+11
4.816166018979385986e+11
4.794902475571505127e+11
4.773734681215298462e+11
4.752662140502596436e+11
4.731684361673740234e+11
4.710800856578222046e+11
4.690011140635469971e+11
4.669314732796102905e+11
4.648711155503880615e+11
4.628199934657974243e+11
4.607780599575885620e+11
4.587452682956495361e+11
4.567215720844091797e+11
4.547069252592523804e+11
4.527012820829797363e+11
4.507045971423269653e+11
4.487168253445347290e+11
4.467379219139371948e+11
4.447678423886080322e+11
4.428065426170770264e+11
4.408539787550234985e+11
4.389101072620858765e+11
4.369748848986579590e+11
4.350482687227590942e+11
4.331302160869128418e+11
4.312206846351253662e+11
4.293196322998131104e+11
4.274270172988571777e+11
4.255427981326450806e+11
4.236669335811605835e+11
4.217993827011171875e+11
4.199401048231375732e+11
4.180890595489409180e+11
4.162462067485955811e+11
4.144115065577874146e+11
4.125849193751286621e+11
4.107664058595303345e+11
4.089559269275409546e+11
4.071534437507879639e+11
4.053589177534234009e+11
4.035723106095958252e+11
4.017935842409667358e+11
4.000227008142554932e+11
3.982596227388059692e+11
3.965043126642223511e+11
3.947567334779711914e+11
3.930168483030739136e+11
3.912846204957929688e+11
3.895600136433713379e+11
3.878429915617759399e+11
3.861335182934938354e+11
3.844315581053429565e+11
3.827370754863127441e+11
3.810500351454361572e+11
3.793704020096855469e+11
