5.542351147499191875e+14
2.789434529000612812e+14
1.347601412412834844e+14
8.081980518990715625e+13
7.366075574119845312e+13
8.321603640138064062e+13
9.426392305633764062e+13
1.001849724039788906e+14
9.842064100979625000e+13
8.916685973716421875e+13
7.527734074259887500e+13
6.057637966336475781e+13
4.776860223407817188e+13
3.790559430155300781e+13
3.107603463872004297e+13
2.708492554377869141e+13
2.556478146350257422e+13
2.577554206810506641e+13
2.659204443831849609e+13
2.688889453120297656e+13
2.601790827182966406e+13
2.393907242765377344e+13
2.099356017140270312e+13
1.766058146761496094e+13
1.450388888107585352e+13
1.209853903125860742e+13
1.075634415392974414e+13
1.028799057725911328e+13
1.013976182070366797e+13
9.819622309488923828e+12
9.183916190813433594e+12
8.378051470308654297e+12
7.604623240696148438e+12
6.961881941356079102e+12
6.418203589032934570e+12
5.876488055518023438e+12
5.270053491093496094e+12
4.627735930862090820e+12
4.057869579821209961e+12
3.662482705243305176e+12
3.458457478441111816e+12
3.372103715969611816e+12
3.294785671083088379e+12
3.139794189799509766e+12
2.875601623566142578e+12
2.540738786824779297e+12
2.224239878337442871e+12
2.004842356178231934e+12
1.898751467223176514e+12
1.863062435884977051e+12
1.834474464476560059e+12
1.762155814766461914e+12
1.629409577720784668e+12
1.464004092823789307e+12
1.318580836087523682e+12
1.227328674212866943e+12
1.182189928942707275e+12
1.150575160713225342e+12
1.106291369320091797e+12
1.041604369509986572e+12
9.636003497718532715e+11
8.893448721117978516e+11
8.359310334045125732e+11
8.039797499034051514e+11
7.765469045285516357e+11
7.410152376124812012e+11
7.019879012390953369e+11
6.677482243870555420e+11
6.383687586742930908e+11
6.114534968383753662e+11
5.862108511300155029e+11
5.607899880375445557e+11
5.349722193179772339e+11
5.123546181159484863e+11
4.946714763747493896e+11
4.789792657805883179e+11
4.623169946413681030e+11
4.447698675826172485e+11
4.278771444754026489e+11
4.127497389298677368e+11
3.994706077834528198e+11
3.873119019168157349e+11
3.756417298266700439e+11
3.642200126707057495e+11
3.526952275602161255e+11
3.410947452196880493e+11
3.305192960680851440e+11
3.219299532741752319e+11
3.146630875772197266e+11
3.070717480012801514e+11
2.983422178933848267e+11
2.892200219640462646e+11
2.810160623471193848e+11
2.743748108351916504e+11
2.689452997970093689e+11
2.636892941978377686e+11
2.577336344973503723e+11
2.511124340773569641e+11
2.444861517659025574e+11
2.385270073941443176e+11
2.335512821336135559e+11
2.292624765660780945e+11
2.250250553710413208e+11
2.204786434554207764e+11
2.157145703191498108e+11
2.110492697458940735e+11
2.067663703546524963e+11
2.029083838237705994e+11
1.992740927577289429e+11
1.956934016637153931e+11
1.921801787075361633e+11
1.887527306174158325e+11
1.853612759546756287e+11
1.820336261633223877e+11
1.788628743813987427e+11
1.758851726476695557e+11
1.730702265937036133e+11
1.703506150887810059e+11
1.676581050473112793e+11
1.649940317711509094e+11
1.624027679147962646e+11
1.599150773667867126e+11
1.575448230011776733e+11
1.552678453727682800e+11
1.530384965399142761e+11
1.508505432951437683e+11
1.487339579382821960e+11
1.467015287102221069e+11
1.447337859294807739e+11
1.428143212328149719e+11
1.409468108937872620e+11
1.391363450843305054e+11
1.373795244978341064e+11
1.356709411531554413e+11
1.340103971107844849e+11
1.324008806077172394e+11
1.308412350694907684e+11
1.293293624244613190e+11
1.278614992802941437e+11
1.264295470414783325e+11
1.250295811700429382e+11
1.236641235842288055e+11
1.223381641334188232e+11
1.210574316236125946e+11
1.198194262262426300e+11
1.186127143909571075e+11
1.174294989556382294e+11
1.162712014525545044e+11
1.151440930005224915e+11
1.140519185822957001e+11
1.129926745428313293e+11
1.119612150520440979e+11
1.109537828538039703e+11
1.099691993805892792e+11
1.090081371362996674e+11
1.080727200020648804e+11
1.071621561338819580e+11
1.062746154204682770e+11
1.054091466017168732e+11
1.045643455001244507e+11
1.037389302451529083e+11
1.029326554168549500e+11
1.021454272625444336e+11
1.013773762665474396e+11
1.006280405890548401e+11
9.989597546071644592e+10
9.918007061476548767e+10
9.848003178577735901e+10
9.779583944286265564e+10
9.712716240346391296e+10
9.647330857706544495e+10
9.583365915242329407e+10
9.520791316799105835e+10
9.459567196035951233e+10
9.399640075665797424e+10
9.340972127923680115e+10
9.283521068992239380e+10
9.227250142305928040e+10
9.172136208311712646e+10
9.118141417435731506e+10
9.065224759789727783e+10
9.013349179497462463e+10
8.962480641157218933e+10
8.912596144622615051e+10
8.863668951012004089e+10
8.815669530971493530e+10
8.768568663595632935e+10
8.722333685336215210e+10
8.676937873003257751e+10
8.632362719099645996e+10
8.588584913405526733e+10
8.545575962270953369e+10
8.503311878151057434e+10
8.461772453323823547e+10
8.420938342682539368e+10
8.380788573134548950e+10
8.341301690476174927e+10
8.302458309903681946e+10
8.264239489107788086e+10
8.226626214269891357e+10
8.189601662365283203e+10
8.153150951528781128e+10
8.117257497771255493e+10
8.081904422298934937e+10
8.047075181986477661e+10
8.012754850580827332e+10
7.978929302051896667e+10
7.945585362842720032e+10
7.912710338289698792e+10
7.880290631518710327e+10
7.848312680771594238e+10
7.816763877375511169e+10
7.785632804540826416e+10
7.754908466328872681e+10
7.724579984287069702e+10
7.694636561343972778e+10
7.665067423205487061e+10
7.635862426379510498e+10
7.607014556159066772e+10
7.578512543978005981e+10
7.550346679592559814e+10
7.522509237860971069e+10
7.494995095738883972e+10
7.467791411224780273e+10
7.440890207831687927e+10
7.414282901219598389e+10
7.387963454103623962e+10
7.361923832916271973e+10
7.336157183015383911e+10
7.310656788660386658e+10
7.285415973870030212e+10
7.260428307590644836e+10
7.235687609131216431e+10
7.211187921172132874e+10
7.186923526751213074e+10
7.162888854427165222e+10
7.139078454680825806e+10
7.115487053218435669e+10
7.092109537338847351e+10
7.068940978971470642e+10
7.045976650714419556e+10
7.023211945225881958e+10
7.000642380826544189e+10
6.978263600023965454e+10
6.956071379217965698e+10
6.934061655369395447e+10
6.912230496103221130e+10
6.890574087108638000e+10
6.869088727207584381e+10
6.847770813166771698e+10
