1.743483287213893750e+15
1.266203637426684500e+15
9.202031150173325000e+14
6.732848322919053750e+14
4.958597311580276875e+14
3.659371470463322500e+14
2.711295468402956875e+14
2.041021205278004062e+14
1.583084060312500625e+14
1.281390867384766250e+14
1.102112622271089062e+14
1.026609224403502344e+14
1.032245371692351094e+14
1.083978523601584062e+14
1.144152761378857031e+14
1.187416895938844062e+14
1.203701769683502656e+14
1.190707087584278594e+14
1.148047149254935000e+14
1.077520984738315781e+14
9.848054744239009375e+13
8.785746778941164062e+13
7.680211347242885938e+13
6.610919912514119531e+13
5.639858568817136719e+13
4.809692824169917188e+13
4.138281091862994531e+13
3.614459055043588281e+13
3.205398794710866406e+13
2.876388148744192578e+13
2.606216078336448828e+13
2.385378919866242188e+13
2.207240974574228516e+13
2.066779786640881641e+13
1.962754339222143750e+13
1.892542194260603906e+13
1.844365331393067969e+13
1.798582026768271484e+13
1.737913047175238672e+13
1.656713418911619141e+13
1.561482645520599023e+13
1.462638118237510938e+13
1.365454139058661523e+13
1.268684821597556250e+13
1.169575471158447461e+13
1.067718255926683594e+13
9.659784575796041016e+12
8.701410055154392578e+12
7.868269270458776367e+12
7.207502554470468750e+12
6.734275314409914062e+12
6.430822220703804688e+12
6.247575283947069336e+12
6.114621472077501953e+12
5.972336313531670898e+12
5.795409553339727539e+12
5.584541992705324219e+12
5.349756600506356445e+12
5.109937279096785156e+12
4.888091784783423828e+12
4.693266389911488281e+12
4.517240116760922852e+12
4.349909043995572266e+12
4.188295255989842285e+12
4.033822907854186523e+12
3.887142550874775879e+12
3.745408355413533203e+12
3.605286992823403809e+12
3.467819535526748535e+12
3.338844898279543457e+12
3.225397393583488281e+12
3.130815270374687500e+12
3.053209927761894531e+12
2.988094885585445801e+12
2.931004616876331543e+12
2.878536799130106445e+12
2.828440260569628906e+12
2.778928947664363770e+12
2.727495735347915527e+12
2.671937670105057129e+12
2.612824417572534180e+12
2.552977236810375977e+12
2.494751445999595215e+12
2.439206373096936035e+12
2.386848395542898926e+12
2.337611707387815430e+12
2.291279900301392090e+12
2.248532069313251953e+12
2.210378759269261230e+12
2.177055779061970459e+12
2.147994771955881592e+12
2.122007972226122803e+12
2.097281117199173828e+12
2.071837616969331299e+12
2.044351354270926270e+12
2.014695807478780762e+12
1.983613954522290039e+12
1.952032557281288818e+12
1.920797481943000000e+12
1.890635465713239502e+12
1.862203619829861328e+12
1.836021403173437500e+12
1.812271144606195312e+12
1.790704866602048828e+12
1.770656663125105225e+12
1.751268434881189209e+12
1.731820142622840820e+12
1.711922711304520752e+12
1.691559749733679932e+12
1.670975889316903564e+12
1.650444588321310303e+12
1.630168994155840088e+12
1.610329151420835938e+12
1.591080895177324707e+12
1.572489867992563965e+12
1.554537283397991455e+12
1.537174340210264160e+12
1.520319854714337402e+12
1.503861267008766113e+12
1.487692811939285400e+12
1.471722210121829102e+12
1.455891017666839111e+12
1.440205571099572021e+12
1.424707547896817871e+12
1.409441276825275635e+12
1.394443623269250488e+12
1.379723544054219971e+12
1.365258268792038818e+12
1.351004381296302490e+12
1.336946312807391113e+12
1.323102412153645020e+12
1.309489180435673340e+12
1.296119108609322510e+12
1.282990224563023682e+12
1.270081901238241943e+12
1.257365341448475098e+12
1.244813248668134033e+12
1.232404999806313232e+12
1.220134608462582031e+12
1.208005190717183838e+12
1.196024190977818359e+12
1.184206354900448975e+12
1.172564776074106201e+12
1.161105731412349121e+12
1.149822414333817627e+12
1.138693165685098389e+12
1.127705417175650879e+12
1.116852580910321777e+12
1.106132745555235352e+12
1.095545069343763062e+12
1.085088689181125488e+12
1.074762155726049927e+12
1.064563285456144653e+12
1.054490573289289062e+12
1.044543070017858154e+12
1.034718745837813110e+12
1.025014457293359375e+12
1.015427215130140381e+12
1.005955321145377441e+12
9.965975466592110596e+11
9.873517028694095459e+11
9.782156542254593506e+11
9.691878507786483154e+11
9.602671114284423828e+11
9.514521154466575928e+11
9.427412884059238281e+11
9.341318028785289307e+11
9.256213586353234863e+11
9.172081865875007324e+11
9.088911797343131104e+11
9.006694653467110596e+11
8.925421687100244141e+11
8.845092422930015869e+11
8.765684836348234863e+11
8.687185166730916748e+11
8.609579413019073486e+11
8.532851608502730713e+11
8.456986088243721924e+11
8.381969452662279053e+11
8.307790284520810547e+11
8.234438162580709229e+11
8.161903286629510498e+11
8.090175656215812988e+11
8.019245111310703125e+11
7.949116293483789062e+11
7.879773152157175293e+11
7.811198449463500977e+11
7.743381529688361816e+11
7.676311523134735107e+11
7.609978249423820801e+11
7.544372202653751221e+11
7.479483879646096191e+11
7.415303986312297363e+11
7.351824119178981934e+11
7.289036563416778564e+11
7.226933553967436523e+11
7.165506830418780518e+11
7.104752968713052979e+11
7.044698152066783447e+11
6.985294250868861084e+11
6.926533339458062744e+11
6.868407805186690674e+11
6.810911491590144043e+11
6.754035227975756836e+11
6.697771738927385254e+11
6.642113822463532715e+11
6.587054378594019775e+11
6.532604224225158691e+11
6.478754787649284668e+11
6.425482607263868408e+11
6.372781042364020996e+11
6.320643479567858887e+11
6.269063355585415039e+11
6.218034198671838379e+11
6.167549626844526367e+11
6.117603362516525879e+11
6.068189221454421387e+11
6.019301106255695801e+11
5.970933061323123779e+11
5.923079244063890381e+11
5.875733878291629639e+11
5.828891232130333252e+11
5.782545598963730469e+11
5.736691328129772949e+11
5.691322868841195068e+11
5.646434755988343506e+11
5.602021599169063721e+11
5.558078074531668701e+11
5.514598929463288574e+11
5.471578988192365723e+11
5.429013143440475464e+11
5.386896340581001587e+11
5.345226914920846558e+11
5.303998689836193848e+11
5.263204498621832886e+11
5.222839523693713379e+11
5.182899007481567383e+11
5.143378253330032959e+11
5.104272625039558716e+11
5.065577543492482910e+11
5.027288477918604126e+11
4.989400945799979248e+11
4.951910518313229980e+11
4.914812820056554565e+11
4.878103529768626709e+11
4.841778379681467285e+11
4.805833151784907227e+11
4.770277389744034424e+11
4.735093577945665283e+11
4.700277265479402466e+11
