7.851097350133393000e+15
6.591152793996492000e+15
5.507376135794861000e+15
4.589179572301040000e+15
3.818153226912651000e+15
3.173100494101739500e+15
2.634429054243530500e+15
2.185708585985897250e+15
1.814127641379403250e+15
1.509426972869179250e+15
1.262631199632798250e+15
1.065361878497058625e+15
9.096926481134540000e+14
7.882854169412207500e+14
6.944935447088430000e+14
6.223142770734425000e+14
5.663476883103942500e+14
5.219023454018585625e+14
4.852103348813756250e+14
4.535873890539628125e+14
4.254069881556649375e+14
3.998890016158860000e+14
3.767752263376085625e+14
3.560012106996216875e+14
3.374477989142286875e+14
3.208336564285118750e+14
3.057363951329082500e+14
2.916683399217723750e+14
2.781730180503427188e+14
2.649250168843736250e+14
2.517998798893177500e+14
2.388828930523248438e+14
2.264137227093805000e+14
2.146733607321511562e+14
2.038605806990326562e+14
1.940239152855867500e+14
1.850688065342479062e+14
1.768106929485783438e+14
1.690320627868019375e+14
1.615399439263270312e+14
1.542115392783894375e+14
1.470052136731292812e+14
1.399351897847950156e+14
1.330388354260338281e+14
1.263631108443564062e+14
1.199624445276803281e+14
1.138924458806025938e+14
1.082021510821206875e+14
1.029258372500443594e+14
9.808328790569268750e+13
9.368107109527737500e+13
8.971259969919898438e+13
8.613385910506471875e+13
8.290542901621718750e+13
7.999248245450443750e+13
7.736498755714959375e+13
7.498511089733367188e+13
7.281293095750543750e+13
7.081509706073051562e+13
6.896155637877853125e+13
6.722451839250444531e+13
6.558023088395842188e+13
6.400486909907646875e+13
6.247246678948138281e+13
6.096292534574621875e+13
5.946414497080853906e+13
5.796859872740238281e+13
5.647560024431891406e+13
5.499228142609235156e+13
5.353117436854248438e+13
5.210617928132029688e+13
5.073082939219217969e+13
4.941592549750600000e+13
4.816751963136563281e+13
4.698629566396032031e+13
4.586862154222234375e+13
4.480889488216952344e+13
4.380135454840572656e+13
4.283980398647929688e+13
4.191711256679557031e+13
4.102607264213353125e+13
4.016304120723662500e+13
3.932392160896750000e+13
3.850649582416365625e+13
3.771100868330978125e+13
3.693680380810350781e+13
3.618389062525906250e+13
3.545105320524785938e+13
3.473723211858879688e+13
3.404270704659736328e+13
3.336739128197789453e+13
3.271188532223446094e+13
3.207692304937114453e+13
3.146195240143334375e+13
3.086595685857990234e+13
3.028755413875049219e+13
2.972504153782614062e+13
2.917731267016060156e+13
2.864349951904600000e+13
2.812310216704267188e+13
2.761580336944906641e+13
2.712123146412638672e+13
2.665995536316100000e+13
2.618867027361025000e+13
2.572833166901630078e+13
2.527881965984701562e+13
2.484019990416473047e+13
2.441249295886784766e+13
2.399560110361919531e+13
2.358918826448529688e+13
2.319282010212620703e+13
2.280595257833772656e+13
2.242824055668476172e+13
2.205935531672891797e+13
2.169910897599225781e+13
2.134734358430465234e+13
2.100382740155405078e+13
2.066831839163923438e+13
2.034054119237074609e+13
2.002020733988168359e+13
1.970703645129991797e+13
1.940075428654505078e+13
1.910594622056693750e+13
1.881269645804382422e+13
1.852569873922941797e+13
1.824487663859245312e+13
1.797014089051091406e+13
1.770137476497211719e+13
1.743844813500750977e+13
1.718125204663678125e+13
1.692963609162107617e+13
1.668344781464833203e+13
1.644254183758946875e+13
1.620676652482308398e+13
1.597596758845660938e+13
1.574998714768245312e+13
1.552867266358311133e+13
1.531187876594405273e+13
1.509947587385519727e+13
1.489134889314149805e+13
1.468739140758337305e+13
1.448749935275898633e+13
1.429157134120498828e+13
1.409951935287544922e+13
1.391126830184872461e+13
1.372673717889949805e+13
1.354585569866699414e+13
1.336853275910410938e+13
1.319467990866138867e+13
1.302426999774260742e+13
1.285724270630387695e+13
1.269346690624423047e+13
1.253286690667311914e+13
1.237530146108622461e+13
1.222069861367072070e+13
1.206898890510580078e+13
1.192010455342776953e+13
1.177397979547853125e+13
1.163055023964360547e+13
1.148975551104653906e+13
1.135153127194159180e+13
1.121581779453483984e+13
1.108255588169011328e+13
1.095168741670011328e+13
1.082315651878659180e+13
1.069690945616001953e+13
1.057291497993742773e+13
1.045111630132266211e+13
1.033144640792161719e+13
1.021385682181492383e+13
1.009830046737417383e+13
9.984731976749361328e+12
9.873107462035267578e+12
9.763383982276832031e+12
9.655521985426371094e+12
9.549479210026136719e+12
9.445212595733544922e+12
9.342682433285826172e+12
9.241850209786669922e+12
9.142678578697015625e+12
9.045131357762892578e+12
8.949173458394472656e+12
8.854770743623019531e+12
8.761889920083085938e+12
8.670498525256726562e+12
8.580564901283672852e+12
8.492058112791680664e+12
8.404947898100507812e+12
8.319204661016531250e+12
8.234799486406207031e+12
8.151704195568105469e+12
8.069891368095208008e+12
7.989337771180848633e+12
7.910013875292104492e+12
7.831894288087169922e+12
7.754954238616169922e+12
7.679169640554779297e+12
7.604516845571504883e+12
7.530972815337016602e+12
7.458515099952157227e+12
7.387121804137287109e+12
7.316771576536328125e+12
7.247443585292324219e+12
7.179117488954125977e+12
7.111773422896669922e+12
7.045391992091106445e+12
6.979954278563410156e+12
6.915442538807800781e+12
6.851839100548679688e+12
6.789125848199132812e+12
6.727286675125155273e+12
6.666307600107490234e+12
6.606180053053670898e+12
6.546908108284899414e+12
6.488524506678993164e+12
6.431129229004021484e+12
6.374878290287556641e+12
6.319665099025805664e+12
6.264279435218804688e+12
6.208068116151647461e+12
6.153392530074226562e+12
6.101173949291558594e+12
6.048713390083433594e+12
5.995721654799294922e+12
5.944771007761004883e+12
5.894778842957405273e+12
5.844130387634873047e+12
5.794765066114334961e+12
5.746633973246174805e+12
5.698128077461879883e+12
5.650526158714924805e+12
5.604077575458373047e+12
5.557492699132895508e+12
5.511651981717688477e+12
5.466808092708276367e+12
5.421989095421278320e+12
5.377837602686517578e+12
5.334535197944116211e+12
5.291366830916353516e+12
5.248816145263261719e+12
5.206995352236017578e+12
5.165383983050721680e+12
5.124346833021578125e+12
5.083949312080575195e+12
5.043812937568162109e+12
5.004206974038717773e+12
4.965173622253663086e+12
4.926435674565489258e+12
4.888186443175537109e+12
4.850459970327558594e+12
