1.704521490773814080e+17
1.649301536922011840e+17
1.594239553604985280e+17
1.539394058247719360e+17
1.484831090241267200e+17
1.430672571493836160e+17
1.376757306659535680e+17
1.323222519135058400e+17
1.270242881352426080e+17
1.217806055508325760e+17
1.165909524028445920e+17
1.114637050123930080e+17
1.064021189561280800e+17
1.014109102436732160e+17
9.650074381651619200e+16
9.166603601921667200e+16
8.691109541299177600e+16
8.224176416714292800e+16
7.766903529248664000e+16
7.319511713981750400e+16
6.882275688261380800e+16
6.455593677677865600e+16
6.039899788665764800e+16
5.635608279093338400e+16
5.242799792707453600e+16
4.861977542956594400e+16
4.493636046599396000e+16
4.138059131663319200e+16
3.795571521754647200e+16
3.466590246041627600e+16
3.151346238010472000e+16
2.850210548670589200e+16
2.563486944534580800e+16
2.291448898638235600e+16
2.034349087825214400e+16
1.792437465842280600e+16
1.565983073994144600e+16
1.355241643524930800e+16
1.160457756510188200e+16
9.818577903676256000e+15
8.196541464207850000e+15
6.740323585650867000e+15
5.451309971492621000e+15
4.330425597071897500e+15
3.377725223845785000e+15
2.590808840761344500e+15
1.965299902704443750e+15
1.492949893186139250e+15
1.160323626519964750e+15
9.486464030695691250e+14
8.362345510039827500e+14
7.958665936392876250e+14
7.961905604818710000e+14
8.089908283139718750e+14
8.141521685360668750e+14
7.999305694751140000e+14
7.615404282317956250e+14
7.003054832905007500e+14
6.214451661846908750e+14
5.321867303608749375e+14
4.413013099603333125e+14
3.575208918380123750e+14
2.872459040574094375e+14
2.342619008068763125e+14
1.985391888039781250e+14
1.760050887219430938e+14
1.625065289689178438e+14
1.530053302242082188e+14
1.426065171254608125e+14
1.287770752079109688e+14
1.116222161389239531e+14
9.356341041686831250e+13
7.732503623665526562e+13
6.498437728642764844e+13
5.734678414679342188e+13
5.308627923934836719e+13
5.078360508165598438e+13
4.954991703866234375e+13
4.801923123559592188e+13
4.574854023100232812e+13
4.272293227948770312e+13
3.885775553401541406e+13
3.495770544880256250e+13
3.171828642239248438e+13
2.953322679961528906e+13
2.833161414512528125e+13
2.713819604710773828e+13
2.497389088705592188e+13
2.205983387842901172e+13
1.911322896963415234e+13
1.697307162641365234e+13
1.596367931670130469e+13
1.532262434317116602e+13
1.461494075440158984e+13
1.381387004543106641e+13
1.306553319797044141e+13
1.226862834957097070e+13
1.163336585051515234e+13
1.125916007188196484e+13
1.070206755766247266e+13
9.753575821424837891e+12
8.832386851486578125e+12
8.309752495487457031e+12
7.975387367573233398e+12
7.472010325581895508e+12
6.855166497388871094e+12
6.389321679889129883e+12
6.179894031048913086e+12
6.108905506566502930e+12
6.117850088917296875e+12
5.966198604027658203e+12
5.725806361780830078e+12
5.466487985859402344e+12
5.307038657785684570e+12
5.162720704449938477e+12
4.836599894750750977e+12
4.521205962304081055e+12
4.493556390678442383e+12
4.598197402325309570e+12
4.502218415986012695e+12
4.306339746999819336e+12
4.188081291806584961e+12
4.035912450453412109e+12
3.863985888449230469e+12
3.749158499966101562e+12
3.675135723702423340e+12
3.635357255814452637e+12
3.497291347649354492e+12
3.238760270875011719e+12
3.201998576637823730e+12
3.358759956394189453e+12
3.241076311338151855e+12
2.969007218505597168e+12
2.930518253754577148e+12
3.087734514701143066e+12
3.187046150940842773e+12
3.002720742835734863e+12
2.713393872137002441e+12
2.683675386855751465e+12
2.826804857408524902e+12
2.856568419706173340e+12
2.868270864974753906e+12
2.795878161261986328e+12
2.729918774308943359e+12
2.692382706084687500e+12
2.617824327973007812e+12
2.541197558569095703e+12
2.512821468077977539e+12
2.491544093150242676e+12
2.619428279875577148e+12
2.756160540669175293e+12
2.588819097457615723e+12
2.273015645307296875e+12
2.336719793320245117e+12
2.598657239577485840e+12
2.534777903786975586e+12
2.321521578522940430e+12
2.307799134690552734e+12
2.554943744355184570e+12
2.753734386617226074e+12
2.545735013553397461e+12
2.274777821477081543e+12
2.239629833686408203e+12
2.329438297562360352e+12
2.364543988665763184e+12
2.383422286810915527e+12
2.346035286298532715e+12
2.256070825763084473e+12
2.229214982261021973e+12
2.328199549070973145e+12
2.434041590630828613e+12
2.372739055202644043e+12
2.144335087186115967e+12
2.143659419617952148e+12
2.450281376967908691e+12
2.504032629657447754e+12
2.273220721597995605e+12
2.166103881944805664e+12
2.191691028019555664e+12
2.190731386901312988e+12
2.112835655959924561e+12
2.181106907276347412e+12
2.295998411657429199e+12
2.265015911047974121e+12
2.193383193445184082e+12
2.300778395960716309e+12
2.241775968430244141e+12
2.020811896857401367e+12
2.012642908282118652e+12
2.326848295033934082e+12
2.474313558955992676e+12
2.302194097695020020e+12
2.067835958909246094e+12
2.066141437546933105e+12
2.299026039459377441e+12
2.355204268589420410e+12
2.130776426750880371e+12
2.133731929902039062e+12
2.274498997974372559e+12
2.341624982882728516e+12
2.310264154107598633e+12
2.283035039947344727e+12
2.274866468468820312e+12
2.238285963614558105e+12
2.201871580204995117e+12
2.269772278304517090e+12
2.386879237152266113e+12
2.325823641473912598e+12
2.217557951212933105e+12
2.361184604998196289e+12
2.486300089649037598e+12
2.377489772186311035e+12
2.229758005109142090e+12
2.337252999437728516e+12
2.483880530978537109e+12
2.382955015217318848e+12
2.152330055396970215e+12
2.085358489206709229e+12
2.190406012580138672e+12
2.326556223386574219e+12
2.273724849656150879e+12
2.152578439399028564e+12
2.082709196747107422e+12
2.176956643379663086e+12
2.291886112200681641e+12
2.297087233217732910e+12
2.110677752569527588e+12
1.977776031382747559e+12
1.994687783314587646e+12
2.166052534080457764e+12
2.335985044495501953e+12
2.307182507607397949e+12
2.154943341718741699e+12
2.141776902313381104e+12
2.135104070833900635e+12
2.115682533185012451e+12
2.094985684946898438e+12
2.128677385301388672e+12
2.101693787773449463e+12
2.262791293007053711e+12
2.359337169768689453e+12
2.261783389567846680e+12
2.127568508395536377e+12
2.111895625569718018e+12
2.192404624483597168e+12
2.383318775393502930e+12
2.372837915058058594e+12
2.161968626442487061e+12
2.197960628824287842e+12
2.394621839758788086e+12
2.432302793907578613e+12
2.346774970016627930e+12
2.193195435941871582e+12
2.183031439921349365e+12
2.395226911408493164e+12
2.465671391971079590e+12
2.223325729419660156e+12
2.117921802431476562e+12
2.157676127086280518e+12
2.275606827743418457e+12
2.444740464034284180e+12
2.511833617156224121e+12
2.338317032320586426e+12
2.227238989230818359e+12
2.262799014165698730e+12
2.385958387487045410e+12
2.450953754828020996e+12
2.333842863728198242e+12
2.171356283463342773e+12
2.354369681396213867e+12
2.521593367849751953e+12
2.432020182486523926e+12
2.219895175148423828e+12
2.181115856958500000e+12
2.236519396031382812e+12
2.250812981932102539e+12
2.175614154504704590e+12
2.117812301783490723e+12
2.192105066655928711e+12
2.335894687670849121e+12
2.308340917868128418e+12
2.287793167215568848e+12
2.216435625913819824e+12
2.084314122096742188e+12
2.103786796427664062e+12
2.325035216211788574e+12
2.337721221284388184e+12
2.214884618672629883e+12
2.173632657243225098e+12
2.303241528684600098e+12
2.416005568791904297e+12
2.298492199934294434e+12
2.052443333665294189e+12
2.179273278363369873e+12
2.384341375881872070e+12
2.300726551250239746e+12
2.192715430720029541e+12
2.243408814970525391e+12
2.252360187969404785e+12
2.294675522940277832e+12
2.302971326058812988e+12
2.262224022147244629e+12
2.257028564189199707e+12
2.302415752090989258e+12
2.260545444321122559e+12
2.287205524530766113e+12
2.246873708044517578e+12
2.229289600326551270e+12
2.290276146153098145e+12
2.489094139374127441e+12
2.533256401337408691e+12
2.440177946755576660e+12
2.305624497469997559e+12
2.303311070397318359e+12
2.429958375842749512e+12
2.507122881709918457e+12
2.349144996439999512e+12
2.258855425037714355e+12
2.327064560430235352e+12
2.419248244726324707e+12
2.438369551828580566e+12
2.442197840377470215e+12
2.281054220688857910e+12
2.201912921440051758e+12
2.266453723929255371e+12
2.406187638308223633e+12
2.432971997418929199e+12
2.323391712615096191e+12
2.223882864207842285e+12
2.388730293923268066e+12
2.500524857414637207e+12
2.382178958944895996e+12
2.231626167551394531e+12
2.395784648177831543e+12
2.535966182968659180e+12
2.524262748494948730e+12
2.380499975121114746e+12
2.273674678231838379e+12
2.413547006519958984e+12
2.548321764294532227e+12
2.415911945729636230e+12
2.427005210924711426e+12
2.485228494942840332e+12
2.436302351306350586e+12
2.425275073173952637e+12
2.556384565691379883e+12
2.455800003098647949e+12
2.305466154739039551e+12
2.321933594321650879e+12
2.557427889528809570e+12
2.732489353931262207e+12
2.631004610111991699e+12
2.325078143373209473e+12
2.283690455660997070e+12
2.394787008390079102e+12
2.333057190152958984e+12
2.217558027146758301e+12
2.307492623216677734e+12
2.320470658389280762e+12
2.367841550037529297e+12
2.378141181383474609e+12
2.328291269647796875e+12
2.328034851118901855e+12
2.353266077060120605e+12
2.230187399243546875e+12
2.310152479020676270e+12
2.416359619101001465e+12
2.392881671522490723e+12
2.375226942774746094e+12
2.442901924875476074e+12
2.469839621435020020e+12
2.399217696401610840e+12
2.253860781734403809e+12
2.280786337916720703e+12
2.534521492791957520e+12
2.608331687927984375e+12
2.318913307955947754e+12
2.202476619841993652e+12
2.324922159124502930e+12
2.435045865909275879e+12
2.438880908434481445e+12
2.473379326108034180e+12
2.413634940753232910e+12
2.355525045440351562e+12
2.322179232705464844e+12
2.372260027419890625e+12
2.548483250219825195e+12
2.503595022165414551e+12
2.271154521140823730e+12
2.420036280261839355e+12
2.626281078199586426e+12
2.495639059093815430e+12
2.350033533950942383e+12
2.388412760475207520e+12
2.398802418756213867e+12
2.324143067260858887e+12
2.170146333649133057e+12
2.139670859235654541e+12
2.334380324059505371e+12
2.536421939341737305e+12
2.463031869266168945e+12
2.390013840111177246e+12
2.315174062258071777e+12
2.197659544740070068e+12
2.249562521916523438e+12
2.466406584121044434e+12
2.474576017963998047e+12
2.347008358542729980e+12
2.230143561955957520e+12
2.320249723246120605e+12
2.486508685844674316e+12
2.411609507155000977e+12
2.153252468718203857e+12
2.204555071169885742e+12
2.391321470837406250e+12
2.366450842650082031e+12
2.239959978995354004e+12
2.313861366352850586e+12
2.340809941506914551e+12
2.275739102793052246e+12
2.233961826283455566e+12
2.364885134075814453e+12
2.487498426778409668e+12
2.462807191505477539e+12
2.232472134178001953e+12
2.219928083299604004e+12
2.359379865010454102e+12
2.302488223525843262e+12
2.242297804254873535e+12
2.501561794986911621e+12
2.652504284359908203e+12
2.506555884273875977e+12
2.276656300484903320e+12
2.273710324673035645e+12
2.433726928745938477e+12
2.453253991598668945e+12
2.260194482070905273e+12
2.283540689513238770e+12
2.406632300246220703e+12
2.456642608243888184e+12
2.445951379041865234e+12
2.460435265444827148e+12
2.360499203373718262e+12
2.271347953934762695e+12
2.298434847131544922e+12
2.406206293122039062e+12
2.457703103957998047e+12
2.430359138390659668e+12
2.286980516173820801e+12
2.327222810626848145e+12
2.387833011541713867e+12
2.289529916176087891e+12
2.191649802330083740e+12
2.320353820409821289e+12
2.431040041119630371e+12
2.438830329281500977e+12
2.331867167196647461e+12
2.282505225475418457e+12
2.401343263798201660e+12
2.511017699889954102e+12
2.361885151535140625e+12
2.326549767397610840e+12
2.391898405126910156e+12
2.341240892072572754e+12
2.282567001870066895e+12
2.401112989580953613e+12
2.409038910733351074e+12
2.310360795471761230e+12
2.209838934514305664e+12
2.331636671586043457e+12
2.583249983144892090e+12
2.625484079977301270e+12
2.353313964679261719e+12
2.241364440125109375e+12
2.298842329490202637e+12
2.283346296714138184e+12
2.304106799458693848e+12
2.468709035734750977e+12
2.492415053183371582e+12
2.409283945357729004e+12
2.338196381252496094e+12
2.383481232695910156e+12
2.446619878631182129e+12
2.402533001110021973e+12
2.260514410905255859e+12
2.352242704069564453e+12
2.483232208035352539e+12
2.454462554203284668e+12
2.392992626096646484e+12
2.490692339817884277e+12
2.494293347201285156e+12
2.363080193546123047e+12
2.157772792429382568e+12
2.195011614117986084e+12
2.411251748978323242e+12
2.440343865351935059e+12
2.244259519016121094e+12
2.227926706353723633e+12
2.287779199737324219e+12
2.288146311094791992e+12
