1.740383335910033920e+17
1.684836997262380480e+17
1.629443561195700160e+17
1.574261501102201280e+17
1.519357247857950720e+17
1.464854370545252800e+17
1.410586923722910400e+17
1.356693855594846240e+17
1.303352917743196000e+17
1.250550440135194560e+17
1.198282466601572960e+17
1.146633785892697120e+17
1.095636583093234080e+17
1.045337959870410880e+17
9.958470418360430400e+16
9.471041502316420800e+16
8.991518138362902400e+16
8.520486514739180800e+16
8.059079590976270400e+16
7.607510168163356800e+16
7.166046246127368000e+16
6.735086391564536800e+16
6.315025421426484000e+16
5.906252928953988800e+16
5.509369736739632800e+16
5.124259095287185600e+16
4.751289582956060000e+16
4.390911347299340000e+16
4.043656336135804000e+16
3.709907105204331200e+16
3.389889881499043200e+16
3.083921937665038800e+16
2.792304900426662400e+16
2.515333164502579600e+16
2.253297778034149600e+16
2.006480044647869600e+16
1.775028287012506000e+16
1.559122476946334400e+16
1.358964489625672200e+16
1.174729368845870200e+16
1.006540984899178400e+16
8.544619965601364000e+15
7.185315312872795000e+15
5.986782523846498000e+15
4.946292325068885000e+15
4.059703171741524500e+15
3.320460518414084500e+15
2.716211631277626000e+15
2.230286962520592750e+15
1.846972558473999750e+15
1.550588442461374500e+15
1.325720256368172250e+15
1.158293462210894750e+15
1.033737334766413000e+15
9.370903620193448750e+14
8.556863666003636250e+14
7.811774534600395000e+14
7.095967508718285000e+14
6.407505053891646250e+14
5.757178121392558750e+14
5.156032846378334375e+14
4.613120168022450000e+14
4.118279716701293125e+14
3.656064723331185000e+14
3.222656212788576250e+14
2.823255442729617500e+14
2.467739904719668438e+14
2.163070229608521562e+14
1.905592365876717812e+14
1.689527231672296250e+14
1.510089502501357500e+14
1.363341871697889375e+14
1.233562880318926406e+14
1.108821344527306875e+14
9.899952044596370312e+13
8.797554945510485938e+13
7.839549456255262500e+13
7.095622011082054688e+13
6.588592742429122656e+13
6.263303649380500781e+13
5.970087680864665625e+13
5.605067286468088281e+13
5.170109388974175781e+13
4.700150512429166406e+13
4.254633004000389062e+13
3.906026883308662500e+13
3.664529823127961719e+13
3.467962220329878125e+13
3.277026716966370703e+13
3.084598278393489844e+13
2.871500552987768359e+13
2.652666765189821875e+13
2.467450266103481641e+13
2.302070948142606250e+13
2.150028242595749219e+13
2.014124660153428516e+13
1.879818558710350391e+13
1.775476036921683984e+13
1.700099096790350391e+13
1.611730284780008984e+13
1.509497868885212305e+13
1.409954373224439648e+13
1.348817166442844141e+13
1.307205177740373438e+13
1.236887836908087109e+13
1.161376024378432617e+13
1.092305383151110156e+13
1.026148178538345117e+13
9.681284786487998047e+12
9.127915864355695312e+12
8.483080222766765625e+12
7.840058634923258789e+12
7.402368375100752930e+12
7.103041596554162109e+12
6.726355630143816406e+12
6.325732250455586914e+12
5.982560173480672852e+12
5.790964144854311523e+12
5.626205202802148438e+12
5.379304884280565430e+12
5.192316315316149414e+12
4.980199487379514648e+12
4.689257081389877930e+12
4.416702451993274414e+12
4.248455330058078125e+12
4.146718809318112305e+12
4.034691974692600586e+12
3.882526607652706055e+12
3.724727835338700195e+12
3.581103060826461426e+12
3.483171792499874512e+12
3.282686297197666016e+12
3.183203160512342285e+12
3.206726758478880859e+12
3.182873643370195801e+12
3.107796875810451172e+12
3.046986126457966797e+12
3.020515829523212891e+12
3.067660599735334961e+12
3.030872440276520020e+12
2.879453489528431152e+12
2.785830538390827637e+12
2.744464669216686523e+12
2.783296009211656738e+12
2.883326552961501465e+12
2.823196323476637695e+12
2.645549318896370117e+12
2.671088748067650879e+12
2.724456431641649902e+12
2.668914434133791016e+12
2.595674540463708008e+12
2.490671988004877441e+12
2.496981470733233398e+12
2.523170956836745117e+12
2.510886023760255859e+12
2.512617431692202148e+12
2.586185681739282715e+12
2.657853579224511230e+12
2.594160454624072266e+12
2.459059562429085449e+12
2.362942658542333008e+12
2.376167822031612793e+12
2.456773008266402832e+12
2.424960175122897949e+12
2.391201822244979492e+12
2.435385632663162109e+12
2.490380914679639160e+12
2.490095661341315430e+12
2.450199678438141602e+12
2.448799458185898926e+12
2.499411730483994629e+12
2.456673323812283691e+12
2.362177160926975586e+12
2.416119985503706543e+12
2.485171809366236328e+12
2.373393712082905762e+12
2.381336848757897949e+12
2.518833323200329102e+12
2.478418570577526855e+12
2.364150806940615723e+12
2.351000487359130371e+12
2.347218146815531250e+12
2.296033981823708984e+12
2.418783427208707031e+12
2.470190394351241699e+12
2.382102538708398926e+12
2.345143889990567871e+12
2.346685897582908203e+12
2.403818970665399902e+12
2.508434950879704102e+12
2.429474971483402832e+12
2.383019847936900391e+12
2.488770697715970215e+12
2.535397558710946289e+12
2.633683991394697754e+12
2.584887666648683594e+12
2.286647214182664551e+12
2.296622613681935547e+12
2.529121824060019043e+12
2.592202017011870117e+12
2.506291656705412109e+12
2.364878341651496094e+12
2.290331407164841797e+12
2.413978503717382812e+12
2.442656929787083008e+12
2.230547366543851562e+12
2.213950522241735352e+12
2.365052031035035156e+12
2.312714304475604980e+12
2.299271765005907715e+12
2.259441697298367188e+12
2.143681450939396973e+12
2.147270358550203857e+12
2.220862656450557617e+12
2.282680699709955566e+12
2.384109708086272949e+12
2.343072530788181641e+12
2.257067065275098633e+12
2.406135785336166504e+12
2.492828111862038086e+12
2.293581587844680664e+12
2.268681882864556641e+12
2.432645615031022949e+12
2.332541802574404785e+12
2.197130641840394287e+12
2.235324516336478516e+12
2.368214375803682617e+12
2.496095263990161621e+12
2.411369758121791504e+12
2.231746280330764648e+12
2.332987348830288574e+12
2.472896188514920898e+12
2.422537809185044434e+12
2.313203629772791992e+12
2.244612688483118164e+12
2.282856156281278320e+12
2.394257405093170898e+12
2.375135549545612793e+12
2.277474347916071289e+12
2.312496878445304199e+12
2.291433745200720215e+12
2.184225062212201172e+12
2.409765608757423340e+12
2.576036441698430664e+12
2.395590582327838867e+12
2.187706585438973389e+12
2.245904110155707031e+12
2.367130875017545410e+12
2.400929379900049316e+12
2.315427656836520020e+12
2.175975161266207520e+12
2.186321453008087158e+12
2.183306788988939209e+12
2.047364128372538818e+12
2.133304160923324707e+12
2.259337018286616211e+12
2.183180180636243164e+12
2.141253296164586426e+12
2.220981699780772461e+12
2.265881565641307129e+12
2.220231661632250000e+12
2.197870594377287842e+12
2.268341464650976074e+12
2.369969213923570312e+12
2.322618737575156738e+12
2.264808678611164062e+12
2.341176569866081055e+12
2.390660942681276367e+12
2.264175076771506348e+12
2.258110186137859863e+12
2.355810711374434570e+12
2.372366798561797852e+12
2.392210690506128906e+12
2.346904000265559570e+12
2.317249017430208984e+12
2.367153674112848633e+12
2.310594981192937012e+12
2.255567001575571289e+12
2.360625172918754883e+12
2.436775415465735840e+12
2.319210617078008789e+12
2.289586193264130371e+12
2.390120701496247559e+12
2.381292342203644531e+12
2.375116191537765625e+12
2.231340698435759766e+12
2.202087118769052734e+12
2.337820130441125000e+12
2.326512890738094727e+12
2.282263052762809082e+12
2.336555433389051758e+12
2.308044836907685059e+12
2.207859792409682617e+12
2.281740254449964355e+12
2.362934126650941406e+12
2.277013053438632324e+12
2.274338324114131348e+12
2.360894178703132324e+12
2.380347118194127930e+12
2.367802025716413574e+12
2.284412670107819824e+12
2.216264619317191895e+12
2.353874685622474609e+12
2.397900555984445801e+12
2.301948481479259766e+12
2.267732224832941406e+12
2.293354147057373047e+12
2.217240669322043457e+12
2.107694688088750000e+12
2.085520693421898682e+12
2.119163007578363281e+12
2.244035798746827148e+12
2.312439159946905273e+12
2.244308780903190918e+12
2.355361231004839355e+12
2.429420550182933105e+12
2.329063245597207520e+12
2.199425621810250000e+12
2.271594527000265137e+12
2.315907661698945801e+12
2.275067693120736328e+12
2.235605280224427246e+12
2.236629199104616699e+12
2.267639744682904785e+12
2.254589542536740234e+12
2.119477503229295410e+12
2.250268186507733887e+12
2.464733814625029785e+12
2.307995672123923340e+12
2.171103322383928955e+12
2.326480842096366699e+12
2.377352550738425781e+12
2.303330005211182129e+12
2.221746150441614258e+12
2.250587661998941406e+12
2.392032471598714844e+12
2.419648280334581055e+12
2.290325499758384277e+12
2.292168269054028320e+12
2.363165503164433594e+12
2.192831024613086670e+12
2.042483701085317627e+12
2.192035248046684326e+12
2.297163590249546387e+12
2.300086978545181641e+12
2.270665069963490234e+12
2.263532603566761719e+12
2.304247864202432129e+12
2.194344699210595947e+12
2.039891174136606934e+12
2.171710715683550293e+12
2.349630658003982422e+12
2.255502844474469727e+12
2.142563825764907227e+12
2.280480089484157227e+12
2.270316751439016602e+12
2.169409306300854004e+12
2.219249746461881348e+12
2.211132193464100098e+12
2.243565004077241699e+12
2.220022604177029785e+12
2.152620053938862061e+12
2.273529916606987793e+12
2.356930983578919434e+12
2.199931500150458008e+12
2.090385242969846680e+12
2.286471465184904785e+12
2.423668028045070312e+12
2.329897842086738281e+12
2.222925579371862305e+12
2.249064858905758301e+12
2.298598934303765625e+12
2.203991073826632812e+12
2.163878965994717529e+12
2.370925945919211426e+12
2.425189508162365234e+12
2.255417091737539062e+12
2.332167461938589355e+12
2.468724033923172852e+12
2.380038154408870605e+12
2.215541598391955078e+12
2.231456915635602051e+12
2.348293707732273438e+12
2.400857757766227051e+12
2.392141704410009277e+12
2.362381154405126465e+12
2.429110060346698730e+12
2.481550745128869629e+12
2.258455827819980469e+12
2.103094511500489746e+12
2.227918118960544922e+12
2.323693277969543945e+12
2.289828168851921387e+12
2.281389422075103516e+12
2.377359337040767090e+12
2.433346792140171387e+12
2.368644336172344238e+12
2.268653051487843750e+12
2.349436064012674316e+12
2.494904894080476074e+12
2.439561555011099609e+12
2.351855653704329590e+12
2.436107702477979004e+12
2.435931715058335449e+12
2.325798965429380371e+12
2.244192485053472168e+12
2.335815683936410645e+12
2.441688482748240234e+12
2.382435405514736328e+12
2.268461270785446289e+12
2.340404863351379883e+12
2.428489611780910156e+12
2.297235822711684082e+12
2.127605985512080811e+12
2.231089536828745605e+12
2.381506686669864746e+12
2.369584483842666504e+12
2.287257427287132812e+12
2.264357164857661621e+12
2.326914632019908203e+12
2.280924523939820312e+12
2.140115641332029053e+12
2.252691591761026855e+12
2.370255193751318848e+12
2.360300377826458984e+12
2.332255448061787598e+12
2.390661794373681152e+12
2.355199991647057617e+12
2.222433337150571289e+12
2.158442478991510010e+12
2.177487486265891846e+12
2.308796292129569336e+12
2.415345187604381348e+12
2.310394939618993652e+12
2.351207339108745117e+12
2.386724707080873047e+12
2.311152898043330078e+12
2.364884665153116211e+12
2.458333102746169922e+12
2.403399669634666016e+12
2.312410463415480957e+12
2.373394215188271484e+12
2.452632181859256836e+12
2.473183834726023438e+12
2.415455372912679688e+12
2.264292716818880371e+12
2.400969094123362305e+12
2.593384361647319336e+12
2.451597746017475586e+12
2.276094578868232910e+12
2.289427054191147949e+12
2.288176391383360840e+12
2.299048609618142090e+12
2.237554690826174316e+12
2.223004173283375000e+12
2.343252730115814941e+12
2.440819838703937988e+12
2.399253667457992188e+12
2.401597866673976074e+12
2.472295377098529785e+12
2.332409290719603516e+12
2.192434006786833008e+12
2.316043084545662109e+12
2.393817261287772949e+12
2.361113945797663574e+12
2.317621100929409180e+12
2.391133502364013672e+12
2.510072482853951660e+12
2.403863246664507812e+12
2.251589927110714844e+12
2.327004754630731445e+12
2.469269709175153320e+12
2.380625345169092285e+12
2.222056105871458008e+12
2.404042226315454590e+12
2.525097948050221680e+12
2.428916200430329590e+12
2.287641008085006836e+12
2.297481715718219727e+12
2.424981815131895508e+12
2.418680915843362793e+12
2.296710605940995117e+12
2.361291169609895020e+12
2.410416980546484375e+12
2.285379126240319824e+12
2.151938800811597412e+12
2.264273209402032715e+12
2.395428580554654297e+12
2.373536216820881348e+12
2.291292871801341309e+12
2.220557382116218262e+12
2.299790959550018555e+12
2.350622235557138184e+12
2.206034829689288086e+12
2.302815041472227051e+12
2.467004436029299316e+12
2.369401803832356445e+12
2.295171492364804688e+12
2.383935512371858398e+12
2.353975751383241699e+12
