1.738126154253323520e+17
1.683150911611257280e+17
1.628341397579864320e+17
1.573756245767428480e+17
1.519461953449426560e+17
1.465582328603357440e+17
1.411950733084220480e+17
1.358706198985272640e+17
1.306026668377743360e+17
1.253898317387102560e+17
1.202316946153336800e+17
1.151367528273407360e+17
1.101082096448936320e+17
1.051507584045475360e+17
1.002753482520500480e+17
9.547592360632052800e+16
9.075670994440505600e+16
8.612355272735692800e+16
8.158783965172676800e+16
7.715166069968888000e+16
7.281766212076878400e+16
6.858979075519929600e+16
6.447232705791530400e+16
6.046951591804527200e+16
5.658177707425156000e+16
5.281434865828349600e+16
4.917188776721912000e+16
4.565700327891642400e+16
4.227329558546182400e+16
3.902281959042835200e+16
3.590830863245744800e+16
3.293222066952420000e+16
3.009631005890548800e+16
2.740222203837646400e+16
2.485089473197834400e+16
2.244327722042152400e+16
2.018047276024782000e+16
1.806416691026432000e+16
1.609618522866495600e+16
1.427818526985139000e+16
1.261107878215108800e+16
1.109501162027316800e+16
9.727903296254398000e+15
8.504701754123587000e+15
7.417392104025549000e+15
6.456447908782396000e+15
5.609930252746239000e+15
4.863960603457189000e+15
4.206681472452849500e+15
3.628438728383996000e+15
3.121682554180016500e+15
2.681266125337580000e+15
2.301319428489712500e+15
1.973279036352823750e+15
1.690676237941931750e+15
1.450038637898139250e+15
1.249132055532592750e+15
1.084539221432486500e+15
9.506473577361967500e+14
8.413611485144895000e+14
7.514406776299403750e+14
6.767139421285206250e+14
6.139372950008728750e+14
5.601359345677300000e+14
5.126590556203841875e+14
4.707036631384111250e+14
4.339877243609751875e+14
4.016235218120296875e+14
3.720892276331240625e+14
3.441523277203179375e+14
3.174799449037320000e+14
2.915400948989102500e+14
2.665387472940247812e+14
2.429378996824553750e+14
2.208773912012445938e+14
2.011066753096160625e+14
1.844622284626007812e+14
1.707136382415439688e+14
1.586574367460165625e+14
1.470077645361021562e+14
1.352451096973393438e+14
1.238831332034371875e+14
1.133740756842969844e+14
1.038726829434146875e+14
9.565081399233682812e+13
8.843826168017918750e+13
8.172639471140909375e+13
7.529214231125835938e+13
6.953836040432909375e+13
6.452454459418742188e+13
5.984306308192282031e+13
5.536715067790667969e+13
5.120903245954878125e+13
4.727597993929400781e+13
4.377060234123391406e+13
4.086626421768684375e+13
3.828520242144350000e+13
3.588315813300009375e+13
3.351234582063241406e+13
3.081712410731573047e+13
2.814930970673517578e+13
2.595961095828812891e+13
2.420040197643687109e+13
2.241836305107775391e+13
2.063083140253565234e+13
1.904406105499867188e+13
1.783157781360894531e+13
1.666400016375735938e+13
1.550006521674816016e+13
1.480431357802251367e+13
1.422997655718036523e+13
1.342876037556148633e+13
1.262724388416160547e+13
1.188561923957078320e+13
1.117833249702028125e+13
1.066710699113653125e+13
1.019611549066653711e+13
9.614243038068460938e+12
9.033179913428382812e+12
8.440415612920087891e+12
7.912359501971720703e+12
7.598198764158818359e+12
7.340069585928852539e+12
6.983366001841735352e+12
6.585050827367769531e+12
6.322236862686414062e+12
6.155706171297851562e+12
5.925899493682875000e+12
5.613362842152230469e+12
5.403944266535846680e+12
5.250446561407282227e+12
5.116843402918146484e+12
4.986515905566577148e+12
4.834130536995154297e+12
4.715224187850876953e+12
4.659601602640423828e+12
4.509078286125919922e+12
4.338831074984233398e+12
4.272988902080896973e+12
4.245970745117619141e+12
4.148434266031117188e+12
4.034034343381179688e+12
3.976588089557967285e+12
3.895326448437512207e+12
3.847381026094753906e+12
3.773523280852187012e+12
3.754403938312027344e+12
3.788272318147028320e+12
3.748208540022586426e+12
3.693835063489267090e+12
3.688612766093356445e+12
3.706310328112997070e+12
3.677492544896039551e+12
3.540312347786341797e+12
3.369147797913618164e+12
3.384226757799454590e+12
3.518609161733239258e+12
3.524399581027915039e+12
3.436205640841857422e+12
3.420810652628319336e+12
3.386079103358700195e+12
3.400409903037306152e+12
3.443716323971142578e+12
3.401539943071329102e+12
3.382474437109240723e+12
3.354290513024148926e+12
3.183717380406296387e+12
3.109866984278612793e+12
3.138466234829311035e+12
3.186425042052342285e+12
3.248129912018652344e+12
3.305655444179553711e+12
3.334175662165176758e+12
3.378777677180115234e+12
3.283724809126855469e+12
3.176581200065998047e+12
3.158751408219263184e+12
3.149985858600830566e+12
3.197861295970639160e+12
3.130976619744198242e+12
2.931729789564839355e+12
2.955503643557431641e+12
3.142532792965813965e+12
3.162373388007948730e+12
3.061104719619767090e+12
2.937602417621720703e+12
2.930369705905904297e+12
3.030727352273285156e+12
3.111474486389456543e+12
3.040208486599913574e+12
2.953111212748482910e+12
2.972665474283949219e+12
2.987721132768080078e+12
3.120082490392853027e+12
3.239732739963545410e+12
3.125077575295000000e+12
3.008032693969009766e+12
3.048564969409863281e+12
3.101653773831373047e+12
3.136640828056949707e+12
3.064132838557309082e+12
3.038820261740334473e+12
3.138903831526688965e+12
3.147755745989589844e+12
3.031737991168049805e+12
3.062475445408485840e+12
3.121307820052708008e+12
3.049230459656238770e+12
2.981024776370100098e+12
2.982595846924033203e+12
3.012106101264431152e+12
3.074636128479847168e+12
3.090129319187954102e+12
3.046224424851690430e+12
3.058546935811399414e+12
3.033809350343814941e+12
3.040708316928230957e+12
3.109668907319779297e+12
3.078112163088464844e+12
2.953236438121875000e+12
2.946329327777270996e+12
3.016144634872268555e+12
2.967381215418363281e+12
2.932022648828574219e+12
3.006783475355573242e+12
3.093693560455735352e+12
3.131032389088933105e+12
3.031057219728414062e+12
2.987763290592502441e+12
3.035549819113770020e+12
2.959706413067077637e+12
2.829053272087089355e+12
2.885701693010786133e+12
2.958851203170716797e+12
2.931545791055488281e+12
2.922560733409829590e+12
3.009786029832216309e+12
3.100424169903164551e+12
3.036684014191376465e+12
2.833293640924302246e+12
2.832856512626932617e+12
3.001605927386232910e+12
3.022623185825776855e+12
2.911399693323429199e+12
2.916347856957973145e+12
3.019893357177833984e+12
3.004953483622566895e+12
2.900165984159417480e+12
2.874685254497423828e+12
2.960945070366672363e+12
2.957742480305555664e+12
2.918365275732766602e+12
3.044657352579860840e+12
3.202280358392701172e+12
3.157899942001877930e+12
2.962074374558200195e+12
2.905853328271250000e+12
3.023698784029264648e+12
3.047991398560445312e+12
2.995537223870820801e+12
3.004363396902389160e+12
3.041766682002784668e+12
2.996468780573136719e+12
2.860767935388190918e+12
2.847388996946514160e+12
2.940109869759547852e+12
2.913709950242177734e+12
2.831624448648926758e+12
2.853105133344907715e+12
2.914135572629896484e+12
2.920621385724358887e+12
2.873942395272959961e+12
2.883538900018328613e+12
2.930869068073251953e+12
2.944480675782502930e+12
2.925912698181659180e+12
2.926262735941302734e+12
3.017248011423477051e+12
2.977499392113084473e+12
2.881241849443179688e+12
2.862733481284261230e+12
2.905671709120274414e+12
2.951113232462547363e+12
3.001441653736642090e+12
3.054052274546879395e+12
3.056383734242979492e+12
2.983115788948076660e+12
2.889314660352991699e+12
2.830595544394498047e+12
2.917881785688131348e+12
3.009198657006462402e+12
2.996382727832198242e+12
2.948219816528485840e+12
3.010026240364059570e+12
3.043595849255209961e+12
3.010710195083806641e+12
2.927172455524292969e+12
2.954237163631895508e+12
2.994614379657660156e+12
2.991313938723396484e+12
3.017716828153149902e+12
3.160236845371105957e+12
3.118526148225023926e+12
2.891541723466122070e+12
2.921046232327219727e+12
3.065580755429027344e+12
3.143141846006014648e+12
3.134246740714667969e+12
3.011912721005513184e+12
3.009925107761374512e+12
3.132918339226508789e+12
3.050845155551457031e+12
2.894893321689673828e+12
2.966822444004734863e+12
3.093993820892018066e+12
3.068333508155002441e+12
3.000385065291626465e+12
3.044305632470809570e+12
3.053179093539164551e+12
3.038014478742380859e+12
2.948040474720380859e+12
2.934669066680848145e+12
3.000822241032983887e+12
2.958026782827421387e+12
2.904728866311459473e+12
3.039802139228939453e+12
3.063962037556778809e+12
2.943647896983852051e+12
2.850790634181525391e+12
2.922812249844189453e+12
2.987018530780598145e+12
3.027950546951956055e+12
3.049156511157816406e+12
3.018441215710658691e+12
2.928796675445184082e+12
2.797922269377049316e+12
2.835744626312385254e+12
3.047491393482363281e+12
3.085468870936466309e+12
2.977176237763989746e+12
2.850564069772856445e+12
2.848527452696389160e+12
2.874589927760971191e+12
2.858267153131889648e+12
2.880517404174959473e+12
2.899160598832879883e+12
2.851108308204060059e+12
2.837551889708884766e+12
2.866032990421092773e+12
2.911393488954385742e+12
2.874611594232289551e+12
2.765651524967327148e+12
2.798512167392567871e+12
2.918719862182748047e+12
2.928938990993094727e+12
2.870760569426093262e+12
2.921059141372899414e+12
2.947718652927296387e+12
2.865399431567776367e+12
2.736544336263458984e+12
2.740837191956619629e+12
2.937686739724500000e+12
3.007291446533607910e+12
2.908814142012032227e+12
2.822202447428197266e+12
2.852231199390349609e+12
2.890057268092650879e+12
2.871391866538334473e+12
2.818069951895194336e+12
2.843168111270783691e+12
2.864086831168421875e+12
2.838920000846893066e+12
2.872464966061012695e+12
3.005750857872763672e+12
2.991971004537516602e+12
2.783109803634957520e+12
2.731060024666259766e+12
2.898892413353308594e+12
2.949412102555576660e+12
2.931823148420292480e+12
2.885984544133874023e+12
2.865971033139109863e+12
2.899289822024151855e+12
2.851615283037219238e+12
2.795708789830415527e+12
2.843883483451464355e+12
2.897632967013121582e+12
2.866174894183146973e+12
2.824970396077515137e+12
2.905173520083201172e+12
2.902682890869075195e+12
2.844751447060260254e+12
2.887510495728099121e+12
2.971622698790951172e+12
2.884234163964227051e+12
2.731841588659581055e+12
2.773689288227681152e+12
2.890705208730883789e+12
2.860437558766707031e+12
2.753626258530026855e+12
2.771541196756087402e+12
2.912917623973089355e+12
2.947023250476896484e+12
2.947608871211164551e+12
2.975675782902457031e+12
3.016761070388070801e+12
2.926653915824821777e+12
2.861258859100234375e+12
2.859688129173809570e+12
2.896217103235061523e+12
2.847798218484410645e+12
2.797897312770899414e+12
2.912338643183661133e+12
2.957034380107337402e+12
2.875805697598908691e+12
2.839658842673273438e+12
2.918197463138026855e+12
2.967422802320513184e+12
2.892767804068502441e+12
2.844366600627371094e+12
2.893258920385851074e+12
3.057737998726728516e+12
3.037979773753754883e+12
2.861052397346197754e+12
2.772292322802768066e+12
2.812960240889965332e+12
2.846578528617942871e+12
2.914738922649850586e+12
2.979190332444181641e+12
2.972307248627258301e+12
2.818147646745824219e+12
2.754512851969810547e+12
2.841034603122666016e+12
2.930105064016604004e+12
2.888770584738076172e+12
2.840617241984511230e+12
2.871346336939259766e+12
2.875064288391968750e+12
2.807247194291411621e+12
2.779412634332521484e+12
2.814439561416120605e+12
2.876670957731347656e+12
2.857344117829805176e+12
2.805494272406854492e+12
2.860547891367854980e+12
2.993004142810973145e+12
2.893322604002067383e+12
2.789102156862853516e+12
2.783840112560146973e+12
2.817395313212208008e+12
2.837812803753008301e+12
2.886317487761754883e+12
2.934701018378284668e+12
2.913905872082416992e+12
2.791036745395403320e+12
2.621740625211963867e+12
2.667561253487078125e+12
2.858284326276411133e+12
2.852652754776448730e+12
2.749083624091916992e+12
2.749635473390982910e+12
2.839906620079703613e+12
2.830276835616132812e+12
2.786451524889628418e+12
2.808383494678199219e+12
2.828628695808680176e+12
2.796123290705094727e+12
2.710731101369041992e+12
2.697821611204271484e+12
2.850679152465020020e+12
2.856848129211944824e+12
2.699259482645402344e+12
2.700746489579681152e+12
2.846374311728790039e+12
2.846880605618286621e+12
2.839977986912662598e+12
2.916319812728220703e+12
2.913463126346138184e+12
2.784300298599374023e+12
2.729471592065831055e+12
2.782007544043235352e+12
2.901758015878628906e+12
2.917770949336665039e+12
2.850020878275145996e+12
2.843042576815170410e+12
2.888048001373954590e+12
2.844342284393370117e+12
2.810974890504147949e+12
2.837378988417343750e+12
2.885864611642015137e+12
2.856112413477587402e+12
2.823573196305354004e+12
2.863008971676839355e+12
2.996763953421617676e+12
2.983926716097369629e+12
2.809090953126872559e+12
2.746420793688193848e+12
2.837696310882422363e+12
2.864317187885042969e+12
2.898929042733468750e+12
