8.673477973063212633e+08
8.303325643846976757e+08
7.937819146698535681e+08
7.577341257843852043e+08
7.222274167479150295e+08
6.872998278971592188e+08
6.529890887542338371e+08
6.193324743590396643e+08
5.863666507162095308e+08
5.541275101450941563e+08
5.226499974623423219e+08
4.919679280705740452e+08
4.621137992067134380e+08
4.331185955266025662e+08
4.050115910086719990e+08
3.778201482555009127e+08
3.515695273153344393e+08
3.262826469981114864e+08
3.019799470288231373e+08
2.786791596843056083e+08
2.563951375626819730e+08
2.351396827661559880e+08
2.149213896404785514e+08
1.957455038369961381e+08
1.776138005311160982e+08
1.605244846634834707e+08
1.444721160583678782e+08
1.294475622082324922e+08
1.154379813843086958e+08
1.024268385304571688e+08
9.039395611255827546e+07
7.931560172043049335e+07
6.916461374840492010e+07
5.991056591188714653e+07
5.151997069234377146e+07
4.395652104896694422e+07
3.718136890432740003e+07
3.115343802235222235e+07
2.582976797505076230e+07
2.116588497061099857e+07
1.711619442600662261e+07
1.363438935194375366e+07
1.067386791833730415e+07
8.188153025211274624e+06
6.131306353956403211e+06
4.458329247683182359e+06
3.125542887488619424e+06
2.090940608723690500e+06
1.314505811573446961e+06
7.584898005426698364e+05
3.876449217392785940e+05
1.694096015304366592e+05
7.404321147541105165e+04
7.471006276074165362e+04
1.475132017422493082e+05
2.714799797717683250e+05
4.285025530147052486e+05
6.032374877299456857e+05
7.829694705023763236e+05
9.574447301979596959e+05
1.118680160219270037e+06
1.260754288885217626e+06
1.379586195620277431e+06
1.472708232676643878e+06
1.539038014064382995e+06
1.578654606864620466e+06
1.592583238501473330e+06
1.582592149979131063e+06
1.551004510864258278e+06
1.500527595182409510e+06
1.434100722812827909e+06
1.354762818475453882e+06
1.265539845588655677e+06
1.169351846309152432e+06
1.068938869017872028e+06
9.668046937525777612e+05
8.651769747987984447e+05
7.659822053489291575e+05
6.708337672403519973e+05
5.810312530902590370e+05
4.975692313470672816e+05
4.211536588709885837e+05
3.522242223160944413e+05
2.909810004857380409e+05
2.374139769005326671e+05
1.913340874423172500e+05
1.524046551229212782e+05
1.201722365039069700e+05
9.409607658788937260e+04
7.357553646918507002e+04
5.797501686066028924e+04
4.664604780623708939e+04
3.894634821933550847e+04
3.425577684565128584e+04
3.198919797046947861e+04
3.160637038509023841e+04
3.261903699360608152e+04
3.459544559218148061e+04
3.716256973151671991e+04
4.000632337863928115e+04
4.287007571126097901e+04
4.555177431109089230e+04
4.789997783875253663e+04
4.980908455116310506e+04
5.121402230942331516e+04
5.208464050178238540e+04
5.242001595623011235e+04
5.224285470684762549e+04
5.159414053970912937e+04
5.052815056582122634e+04
4.910792848898239026e+04
4.740127844324411126e+04
4.547731680854916340e+04
4.340359667209241161e+04
4.124379985348696937e+04
3.905597479676337389e+04
3.689128518657985842e+04
3.479322380730688747e+04
3.279723878971047088e+04
3.093071477029826201e+04
2.921324936214850459e+04
2.765716540356480982e+04
2.626820138904481428e+04
2.504632596103994001e+04
2.398662701605683469e+04
2.308023152967996066e+04
2.231521832588532561e+04
2.167749242527308525e+04
2.115159605401531735e+04
2.072143766477250028e+04
2.037092623239708337e+04
2.008450349956530772e+04
1.984757165463129058e+04
1.964681805638196238e+04
1.947044204044055368e+04
1.930829154183624269e+04
1.915191926543173759e+04
1.899456946922911084e+04
1.883110715123387854e+04
1.865790161695572169e+04
1.847267612918267696e+04
1.827433468588848336e+04
1.806277601904531912e+04
1.783870373752204614e+04
1.760344022733276506e+04
1.735875054221956816e+04
1.710668112819579983e+04
1.684941687994667154e+04
1.658915876753608973e+04
1.632802313181346653e+04
1.606796274974180051e+04
1.581070893122526650e+04
1.555773323328880178e+04
1.531022686514588895e+04
1.506909550200293234e+04
1.483496701489187762e+04
1.460820954332775364e+04
1.438895736922809374e+04
1.417714217528201516e+04
1.397252746895618111e+04
1.377474420516804093e+04
1.358332592794996162e+04
1.339774205716578581e+04
1.321742825574739254e+04
1.304181311310944147e+04
1.287034066118233386e+04
1.270248849285757751e+04
1.253778147299126795e+04
1.237580121609472189e+04
1.221619165094819982e+04
1.205866110104252948e+04
1.190298138256340462e+04
1.174898446167794100e+04
1.159655722376418998e+04
1.144563489336232851e+04
1.129619360961825078e+04
1.114824261254614612e+04
1.100181643517664997e+04
1.085696742978776456e+04
1.071375888689788917e+04
1.057225893681216985e+04
1.043253535807385197e+04
1.029465135737635501e+04
1.015866233292373727e+04
1.002461358892360295e+04
9.892538933401501708e+03
9.762460064905873878e+03
9.634386635548116828e+03
9.508316867663144876e+03
9.384238598230489515e+03
9.262130628042059470e+03
9.141964260422879306e+03
9.023704925755133445e+03
8.907313802262464378e+03
8.792749359152801844e+03
8.679968764590823412e+03
8.568929117036786920e+03
8.459588473762109061e+03
8.351906664134203311e+03
8.245845887300496543e+03
