3.590760421752929688e+01
7.185790300369262695e+01
1.077477474212646484e+02
1.437137107849121094e+02
1.796334478855133057e+02
2.156378698348999023e+02
2.515788495540618896e+02
2.875694975852966309e+02
3.235376420021057129e+02
3.618581342697143555e+02
4.003349828720092773e+02
4.387010626792907715e+02
4.784538030624389648e+02
5.181920893192291260e+02
5.596985580921173096e+02
5.995811879634857178e+02
6.396114234924316406e+02
6.795960464477539062e+02
7.195900518894195557e+02
7.595640444755554199e+02
7.995790665149688721e+02
8.396227090358734131e+02
8.796284272670745850e+02
9.196346132755279541e+02
9.593730137348175049e+02
9.997097020149230957e+02
1.039677815437316895e+03
1.079202398061752319e+03
1.118796888589859009e+03
1.158327757358551025e+03
1.197825025081634521e+03
1.237737614631652832e+03
1.277303000211715698e+03
1.316851258039474487e+03
1.356483978986740112e+03
1.396239514589309692e+03
1.439194728136062622e+03
1.483778000354766846e+03
1.531951373338699341e+03
1.573464323520660400e+03
1.614018931150436401e+03
1.660431468009948730e+03
1.711994074821472168e+03
1.762672923803329468e+03
1.809581999778747559e+03
1.856118115186691284e+03
1.907710367918014526e+03
1.960500940084457397e+03
2.015475574254989624e+03
2.070456882715225220e+03
2.125410518407821655e+03
2.180431947708129883e+03
2.224634207248687744e+03
2.265194408416748047e+03
2.316996811151504517e+03
2.368688618421554565e+03
2.420692047119140625e+03
2.468235164642333984e+03
2.519177567481994629e+03
2.568133956670761108e+03
2.619054797410964966e+03
2.662891055345535278e+03
2.702699102878570557e+03
2.754913598060607910e+03
2.806819522142410278e+03
2.855038763046264648e+03
2.895313962697982788e+03
2.937532397747039795e+03
2.982660910606384277e+03
3.025696447849273682e+03
3.068324141979217529e+03
3.117495009660720825e+03
3.158448795795440674e+03
3.205095250129699707e+03
3.256441156387329102e+03
3.304864945650100708e+03
3.355112920761108398e+03
3.403665426969528198e+03
3.450637897253036499e+03
3.501068250179290771e+03
3.553650957584381104e+03
3.605779900789260864e+03
3.657500421762466431e+03
3.709080450057983398e+03
3.757448733329772949e+03
3.808799135923385620e+03
3.860003243446350098e+03
3.910492972850799561e+03
3.962176549434661865e+03
4.008024330854415894e+03
4.057799886703491211e+03
4.101604306936264038e+03
4.151455532312393188e+03
4.202391655921936035e+03
4.253178346395492554e+03
4.303610712528228760e+03
4.343599945783615112e+03
4.390815174818038940e+03
4.442353955745697021e+03
4.493697562932968140e+03
4.545238538503646851e+03
4.596524783849716187e+03
4.648336797952651978e+03
4.698458219528198242e+03
4.748704496622085571e+03
4.794552897453308105e+03
4.836307570934295654e+03
4.884511451482772827e+03
4.923986894369125366e+03
4.971469122409820557e+03
5.023555612087249756e+03
5.068636941194534302e+03
5.113819766283035278e+03
5.154119276046752930e+03
5.194649207353591919e+03
5.233976032257080078e+03
5.273217411518096924e+03
5.313025251626968384e+03
5.352141381740570068e+03
5.395967396259307861e+03
5.435122533559799194e+03
5.475410865783691406e+03
5.516591887712478638e+03
5.559299779176712036e+03
5.609140074491500854e+03
5.661411796092987061e+03
5.712380939722061157e+03
5.757298659324645996e+03
5.800349471092224121e+03
5.850115457057952881e+03
5.897294762134552002e+03
5.949181951761245728e+03
6.000676105260848999e+03
6.047261047363281250e+03
6.093552348136901855e+03
6.141157599687576294e+03
6.184381191253662109e+03
6.233778472900390625e+03
6.274881790161132812e+03
6.325829262256622314e+03
6.373254483699798584e+03
6.424462100744247437e+03
6.475514030933380127e+03
6.521131608247756958e+03
6.570112944126129150e+03
6.612447886943817139e+03
6.656551621913909912e+03
6.708158849239349365e+03
6.757767240047454834e+03
6.809398579597473145e+03
6.855755006551742554e+03
6.900503377914428711e+03
6.939907428503036499e+03
6.986963084697723389e+03
7.039149413585662842e+03
7.085218786239624023e+03
7.135857235670089722e+03
7.177946026086807251e+03
7.217857818603515625e+03
7.266641294717788696e+03
7.318382013082504272e+03
7.369542781591415405e+03
7.420400086164474487e+03
7.471015814304351807e+03
7.510735546588897705e+03
7.555322239637374878e+03
7.598584536075592041e+03
7.640147750377655029e+03
7.679707669496536255e+03
7.719837257623672485e+03
7.759203132390975952e+03
7.802964754581451416e+03
7.842212349891662598e+03
7.881684664011001587e+03
7.921183720827102661e+03
7.960694226980209351e+03
8.000160910129547119e+03
8.045686928510665894e+03
8.096731187820434570e+03
8.148541243791580200e+03
8.190764381647109985e+03
8.240094650745391846e+03
8.291168293476104736e+03
8.342575722455978394e+03
8.388625197172164917e+03
8.438556933879852295e+03
8.490377921342849731e+03
8.541451736927032471e+03
8.592839904785156250e+03
8.643926475286483765e+03
8.693177613258361816e+03
8.745319415330886841e+03
8.796104537725448608e+03
8.846750594139099121e+03
8.898280186414718628e+03
8.948590154886245728e+03
8.988323203802108765e+03
9.027739088773727417e+03
9.074639418601989746e+03
9.126459210157394409e+03
9.174061945915222168e+03
9.222395095586776733e+03
9.270177026987075806e+03
9.320326928615570068e+03
9.372407587766647339e+03
9.417440592765808105e+03
9.460309590816497803e+03
9.504493808269500732e+03
9.554017632961273193e+03
9.604212881088256836e+03
9.654910278558731079e+03
9.698577388286590576e+03
9.737986373424530029e+03
9.777528142452239990e+03
9.817120551824569702e+03
9.856536784887313843e+03
9.895914345741271973e+03
9.935279702663421631e+03
9.974759352445602417e+03
1.001411945819854736e+04
1.005346645498275757e+04
1.009287967538833618e+04
1.013223035240173340e+04
1.017167598295211792e+04
1.021099531173706055e+04
1.025030749917030334e+04
1.029163784265518188e+04
1.033093119454383850e+04
1.037023349809646606e+04
1.040945603799819946e+04
1.044865983581542969e+04
1.048784425854682922e+04
1.052697204685211182e+04
1.056612331676483154e+04
1.060533649158477783e+04
1.064464147210121155e+04
1.068382905149459839e+04
1.072306997489929199e+04
1.076236796188354492e+04
1.080155283069610596e+04
1.084074121880531311e+04
1.088001009702682495e+04
1.091928612780570984e+04
1.095852135348320007e+04
1.099792351436614990e+04
1.103737958669662476e+04
1.107680157542228699e+04
1.111616816020011902e+04
1.115555386495590210e+04
1.119539910697937012e+04
1.123485490322113037e+04
1.127429717898368835e+04
1.131371633052825928e+04
1.135315685892105103e+04
1.139252818083763123e+04
1.143187239074707031e+04
1.147125918388366699e+04
1.151069514679908752e+04
1.155015824508666992e+04
1.158951965308189392e+04
1.162887995505332947e+04
1.166827994132041931e+04
1.170769657421112061e+04
1.174709258985519409e+04
1.178649993753433228e+04
1.182585286617279053e+04
1.186517872738838196e+04
1.190457501888275146e+04
1.194396013307571411e+04
1.198335870623588562e+04
1.202268874526023865e+04
1.206203523707389832e+04
1.210140264415740967e+04
1.214073324131965637e+04
1.218012900161743164e+04
1.221950714778900146e+04
1.225888394188880920e+04
1.229815099763870239e+04
1.233749476599693298e+04
1.237685687112808228e+04
1.241624646425247192e+04
1.245566480755805969e+04
1.249495583558082581e+04
1.253430554461479187e+04
1.257368368911743164e+04
1.261305026769638062e+04
1.265255036830902100e+04
1.269192104291915894e+04
1.273127532601356506e+04
1.277060617280006409e+04
1.280994268488883972e+04
1.284931132626533508e+04
1.288859235930442810e+04
1.292787180137634277e+04
1.296723575019836426e+04
1.300658184766769409e+04
1.304605989313125610e+04
1.308543711614608765e+04
1.312480462694168091e+04
1.316418016767501831e+04
1.320356305336952209e+04
1.324308396959304810e+04
1.328236690020561218e+04
1.332173950409889221e+04
1.336103007769584656e+04
1.340039562582969666e+04
1.343980134725570679e+04
1.347919216227531433e+04
1.351857095670700073e+04
1.355787272143363953e+04
1.359717618608474731e+04
1.363652803707122803e+04
1.367583236265182495e+04
1.371510490107536316e+04
1.375436274147033691e+04
1.379368696713447571e+04
1.383296518921852112e+04
1.387228810286521912e+04
1.391162246346473694e+04
1.395092798376083374e+04
1.399028358530998230e+04
1.402956150913238525e+04
1.406890134525299072e+04
1.410824331665039062e+04
1.414759122347831726e+04
1.418689619016647339e+04
1.422611893439292908e+04
1.426545535326004028e+04
1.430470772218704224e+04
1.434398923945426941e+04
1.438329453802108765e+04
1.442253368687629700e+04
1.446180574584007263e+04
1.450114989495277405e+04
1.454041741275787354e+04
1.457974070286750793e+04
1.461929799699783325e+04
1.465859922432899475e+04
1.469792469573020935e+04
1.473726465535163879e+04
1.477663288211822510e+04
1.481593168425559998e+04
1.485533848810195923e+04
1.489474602866172791e+04
1.493415808129310608e+04
1.497362702107429504e+04
1.501311534357070923e+04
1.505253122878074646e+04
1.509202045869827271e+04
1.513140285897254944e+04
1.517078012871742249e+04
1.521013244867324829e+04
1.524943871307373047e+04
1.528893704509735107e+04
1.532826592445373535e+04
1.536751590538024902e+04
1.540677927708625793e+04
1.544607495617866516e+04
1.548533660697937012e+04
1.552453900170326233e+04
1.556372908329963684e+04
1.560300650405883789e+04
1.564227107858657837e+04
1.568147972536087036e+04
1.572071781945228577e+04
1.576004292178153992e+04
1.579922270607948303e+04
1.583844862627983093e+04
1.587773207187652588e+04
1.591694173073768616e+04
1.595616524410247803e+04
1.599545423936843872e+04
1.603468483519554138e+04
1.607390443277359009e+04
1.611317120480537415e+04
1.615250126338005066e+04
1.619168902826309204e+04
1.623097652220726013e+04
1.627016136765480042e+04
1.630935972142219543e+04
1.634863534235954285e+04
1.638784910941123962e+04
1.642706982922554016e+04
1.646632951807975769e+04
1.650556085300445557e+04
1.654489102602005005e+04
1.658426655220985413e+04
1.662346259641647339e+04
1.666264333581924438e+04
1.670192511892318726e+04
1.674118253684043884e+04
1.677831071209907532e+04
1.681493538665771484e+04
1.685143093037605286e+04
1.689477255702018738e+04
1.693157065320014954e+04
1.696830941295623779e+04
1.700506457138061523e+04
1.704187088441848755e+04
1.707864799189567566e+04
1.711541106176376343e+04
1.716430810451507568e+04
1.720259449672698975e+04
1.725320844721794128e+04
1.730386518287658691e+04
1.735452252840995789e+04
1.740515979599952698e+04
1.745583945465087891e+04
1.750657081127166748e+04
1.755723595833778381e+04
1.760792305636405945e+04
1.765862278079986572e+04
1.770931395530700684e+04
1.776000448489189148e+04
1.781064065194129944e+04
1.786128864288330078e+04
1.791189556455612183e+04
1.796256961202621460e+04
1.801327362847328186e+04
1.806404110121726990e+04
1.811475208282470703e+04
1.816547425866127014e+04
1.821616388130187988e+04
1.826688857483863831e+04
1.831767965316772461e+04
1.836836547040939331e+04
1.841899565458297729e+04
1.846971312236785889e+04
1.852038850140571594e+04
1.857116577792167664e+04
1.862179530286788940e+04
1.867247760534286499e+04
1.872317388105392456e+04
1.877386839365959167e+04
1.882455873417854309e+04
1.887524988174438477e+04
1.892594440031051636e+04
1.897662050724029541e+04
1.902732136869430542e+04
1.907800127387046814e+04
1.912867863464355469e+04
1.917930789637565613e+04
1.922998657226562500e+04
1.928063342714309692e+04
1.933126614904403687e+04
1.938202201724052429e+04
1.943268720388412476e+04
1.948336000990867615e+04
1.953403280544281006e+04
1.958476799297332764e+04
1.963548646831512451e+04
1.968617350983619690e+04
1.973687532901763916e+04
1.978750205850601196e+04
1.983813857340812683e+04
1.988874453949928284e+04
1.993943218994140625e+04
1.999005304670333862e+04
2.004067687869071960e+04
2.009132590603828430e+04
2.014194844365119934e+04
2.019256966066360474e+04
2.024319360446929932e+04
2.029381548452377319e+04
2.034443707871437073e+04
2.039507166528701782e+04
2.044567946600914001e+04
2.049630352592468262e+04
2.054697714757919312e+04
2.059763267970085144e+04
2.064823202252388000e+04
2.069883823513984680e+04
2.074945758056640625e+04
2.080009855365753174e+04
2.085071646118164062e+04
2.090132655215263367e+04
2.095192869448661804e+04
2.100253821945190430e+04
2.105316065692901611e+04
2.110384874820709229e+04
2.115453211665153503e+04
2.120522366404533386e+04
2.125594001626968384e+04
2.130666423273086548e+04
2.135737721824645996e+04
2.140804191875457764e+04
2.145868519806861877e+04
2.150932413101196289e+04
2.156000947737693787e+04
2.161069344091415405e+04
2.166138908529281616e+04
2.171207926702499390e+04
2.176270540809631348e+04
2.181338829398155212e+04
2.186405706596374512e+04
2.191476386070251465e+04
2.196539651727676392e+04
2.201606385350227356e+04
2.206677564048767090e+04
2.211752155470848083e+04
2.216820262002944946e+04
2.221891318297386169e+04
2.226956093478202820e+04
2.232027618813514709e+04
2.237093665623664856e+04
2.242156993341445923e+04
2.247218245720863342e+04
2.252290091037750244e+04
2.257354291200637817e+04
2.262427022194862366e+04
2.267499576592445374e+04
2.272568074321746826e+04
2.277629446482658386e+04
2.282693938088417053e+04
2.287762953853607178e+04
2.292832227253913879e+04
2.297897320318222046e+04
2.302962780427932739e+04
2.308026879501342773e+04
2.313093983268737793e+04
2.318156466960906982e+04
2.323216532921791077e+04
2.328286919569969177e+04
2.333349798274040222e+04
2.338412120485305786e+04
2.343476236939430237e+04
2.348538093042373657e+04
2.353611375236511230e+04
2.358673750185966492e+04
2.363736602330207825e+04
2.368806925058364868e+04
2.373877496361732483e+04
2.378958961820602417e+04
2.384028986215591431e+04
2.389100260925292969e+04
2.394170878481864929e+04
2.399232373857498169e+04
2.404313179612159729e+04
2.409382999920845032e+04
2.414454768705368042e+04
2.419517485237121582e+04
2.424587103939056396e+04
2.429667913866043091e+04
2.434731915998458862e+04
2.439797613954544067e+04
2.444866255474090576e+04
2.449937236213684082e+04
2.455016595649719238e+04
2.460085757231712341e+04
2.465156343531608582e+04
2.470229808425903320e+04
2.475300735592842102e+04
2.480374280309677124e+04
2.485443569993972778e+04
2.490513262367248535e+04
2.495582741546630859e+04
2.500654786944389343e+04
2.505729170107841492e+04
2.510805283570289612e+04
2.515874649930000305e+04
2.520944413828849792e+04
2.526016207671165466e+04
2.531088181161880493e+04
2.536159053182601929e+04
2.541228578948974609e+04
2.546297153806686401e+04
2.551365775895118713e+04
2.556437531900405884e+04
2.561502957344055176e+04
2.566569470238685608e+04
2.571634561848640442e+04
2.576702678442001343e+04
2.581777661681175232e+04
2.586849843978881836e+04
2.591922226262092590e+04
2.596989320158958435e+04
2.602054633688926697e+04
2.607120248436927795e+04
2.612188517570495605e+04
2.617257130694389343e+04
2.622319262242317200e+04
2.627387770724296570e+04
2.632459271788597107e+04
2.637525252628326416e+04
2.642586416745185852e+04
2.647652957844734192e+04
2.652716149067878723e+04
2.657776820516586304e+04
2.662847329163551331e+04
2.667918313980102539e+04
2.672980130982398987e+04
2.678043393874168396e+04
2.683111644911766052e+04
2.688179155659675598e+04
2.693245621228218079e+04
2.698306390166282654e+04
2.703372196197509766e+04
2.708444388818740845e+04
2.713514457654953003e+04
2.718582606077194214e+04
2.723654572033882141e+04
2.728725383520126343e+04
2.733795181369781494e+04
2.738867324256896973e+04
2.743936610317230225e+04
2.749016994881629944e+04
2.754086083364486694e+04
2.759155906987190247e+04
2.764223742532730103e+04
2.769293715691566467e+04
2.774379284954071045e+04
2.779452625203132629e+04
2.784525345802307129e+04
2.789594810390472412e+04
2.794662172174453735e+04
2.799741101884841919e+04
2.804802199554443359e+04
2.809867531132698059e+04
2.814933955550193787e+04
2.819998414969444275e+04
2.825071354269981384e+04
2.830136741137504578e+04
2.835201748394966125e+04
2.840274296569824219e+04
2.845345273923873901e+04
2.850426535868644714e+04
2.855495542669296265e+04
2.860560547876358032e+04
2.865630394339561462e+04
2.870696436643600464e+04
2.875764595985412598e+04
2.880835679459571838e+04
2.885906427764892578e+04
2.890970598435401917e+04
2.896037291741371155e+04
2.901110322737693787e+04
2.906172943639755249e+04
2.911245835065841675e+04
2.916314723277091980e+04
2.921386151504516602e+04
2.926452131724357605e+04
2.931516349768638611e+04
2.936588767361640930e+04
2.941659415173530579e+04
2.946727409625053406e+04
2.951799595570564270e+04
2.956863281559944153e+04
2.961926648831367493e+04
2.966995992755889893e+04
2.972066533899307251e+04
2.977132885074615479e+04
2.982196151447296143e+04
2.987263136601448059e+04
2.992337408185005188e+04
2.997409957981109619e+04
3.002479463148117065e+04
3.007546948790550232e+04
3.012616022801399231e+04
3.017689118385314941e+04
3.022758448910713196e+04
3.027828317642211914e+04
3.032898300838470459e+04
3.037966998124122620e+04
3.043040786170959473e+04
3.048101128077507019e+04
3.053172579884529114e+04
3.058238259291648865e+04
3.063311020612716675e+04
3.068387048840522766e+04
3.073450764799118042e+04
3.078514819478988647e+04
3.083584311580657959e+04
3.088646808314323425e+04
3.093718630719184875e+04
3.098788869214057922e+04
3.103861057591438293e+04
3.108930562520027161e+04
3.113999078631401062e+04
3.119073996829986572e+04
3.124141821455955505e+04
3.129210244584083557e+04
3.134282178902626038e+04
3.139345250844955444e+04
3.144420151281356812e+04
3.149489614033699036e+04
3.154558402585983276e+04
3.159624231600761414e+04
3.164696694111824036e+04
3.169767645716667175e+04
3.174836041188240051e+04
3.179904195594787598e+04
3.184970773172378540e+04
3.190040267610549927e+04
3.195111264419555664e+04
3.200175207042694092e+04
3.205243086481094360e+04
3.210312290048599243e+04
3.215381119537353516e+04
3.220454148745536804e+04
3.225518197917938232e+04
3.230589932417869568e+04
3.235659602761268616e+04
3.240736649131774902e+04
3.245810168409347534e+04
3.250872875404357910e+04
3.255935875988006592e+04
3.261005652546882629e+04
3.266075297760963440e+04
3.271145616269111633e+04
3.276208972430229187e+04
3.281270358777046204e+04
3.286340130758285522e+04
3.291411755108833313e+04
3.296476193857192993e+04
3.301544262671470642e+04
3.306612429523468018e+04
3.311676552820205688e+04
3.316747519326210022e+04
3.321808239293098450e+04
3.326870151901245117e+04
3.331932339334487915e+04
3.336999632120132446e+04
3.342062704300880432e+04
3.347133290982246399e+04
3.352196566963195801e+04
3.357260793685913086e+04
3.362329126882553101e+04
3.367390553522109985e+04
3.372460210442543030e+04
3.377524213886260986e+04
3.382586261558532715e+04
3.387657577395439148e+04
3.392721909761428833e+04
3.397784658932685852e+04
3.402853612375259399e+04
3.407923440098762512e+04
3.412995913529396057e+04
3.418062564969062805e+04
3.423132837271690369e+04
3.428201481819152832e+04
3.433264969515800476e+04
3.438343442702293396e+04
3.443412865686416626e+04
3.448475114250183105e+04
3.453543377113342285e+04
3.458610041308403015e+04
3.463680062127113342e+04
3.468740807437896729e+04
3.473801835370063782e+04
3.478865628743171692e+04
3.483940912652015686e+04
3.489017795681953430e+04
3.494076804161071777e+04
3.499140069985389709e+04
3.504206334495544434e+04
3.509276610350608826e+04
3.514341019487380981e+04
3.519411738920211792e+04
3.524472613072395325e+04
3.529541717672348022e+04
3.534612638902664185e+04
3.539676721024513245e+04
3.544757606196403503e+04
3.549829312491416931e+04
3.554902270603179932e+04
3.559967822051048279e+04
3.565041926980018616e+04
3.570108008718490601e+04
3.575176350712776184e+04
3.580239836740493774e+04
3.584868308067321777e+04
3.589936819958686829e+04
3.595004651737213135e+04
3.600080227017402649e+04
3.605147396183013916e+04
3.610212478375434875e+04
3.615280494451522827e+04
3.620346301841735840e+04
3.625420943164825439e+04
3.630488145112991333e+04
3.635681352663040161e+04
3.639619386982917786e+04
3.643554908847808838e+04
3.647492014384269714e+04
3.651422655701637268e+04
3.655353575944900513e+04
3.659285075354576111e+04
3.663219751811027527e+04
3.667155403327941895e+04
3.671082940816879272e+04
3.675016058635711670e+04
3.678947685885429382e+04
3.682870892238616943e+04
3.686804355597496033e+04
3.690727945089340210e+04
3.694654748368263245e+04
3.698582679796218872e+04
3.702509688639640808e+04
3.706434233832359314e+04
3.710360990810394287e+04
3.714287979292869568e+04
3.718218477940559387e+04
3.722145612144470215e+04
3.726077691149711609e+04
3.730004891991615295e+04
3.733931104207038879e+04
3.737864705872535706e+04
3.741796586155891418e+04
3.745728788614273071e+04
3.749659548544883728e+04
3.753586466264724731e+04
3.757513960647583008e+04
3.761441072916984558e+04
3.765371563005447388e+04
3.769300043797492981e+04
3.773231811237335205e+04
3.777156981372833252e+04
3.781087963509559631e+04
3.785016028666496277e+04
3.788955759835243225e+04
3.792888852715492249e+04
3.796816214966773987e+04
3.800745593571662903e+04
3.804685660481452942e+04
3.808615009164810181e+04
3.812543663811683655e+04
3.816472629547119141e+04
3.820403795671463013e+04
3.824335500645637512e+04
3.828265071058273315e+04
3.832195472478866577e+04
3.836126868057250977e+04
3.840058657336235046e+04
3.843994168829917908e+04
3.847925100588798523e+04
3.851856978845596313e+04
3.855780539059638977e+04
3.859709963822364807e+04
3.863641532564163208e+04
3.867580116558074951e+04
3.871510958194732666e+04
3.875442304587364197e+04
3.879376183009147644e+04
3.883309396600723267e+04
3.887248483085632324e+04
3.891180464482307434e+04
3.895110801553726196e+04
3.899040870738029480e+04
3.902977851915359497e+04
3.906916990065574646e+04
3.910850002574920654e+04
3.914783463978767395e+04
3.918719028592109680e+04
3.922657668828964233e+04
3.926590779137611389e+04
3.930521640658378601e+04
3.934454122996330261e+04
3.938374645137786865e+04
3.942305166316032410e+04
3.946240819191932678e+04
3.950174974560737610e+04
3.954104224967956543e+04
3.958035413551330566e+04
3.961966266846656799e+04
3.965899343466758728e+04
3.969827241539955139e+04
3.973758909964561462e+04
3.977692090415954590e+04
3.981625943589210510e+04
3.985567593097686768e+04
3.989503829646110535e+04
3.993434685158729553e+04
3.997367488741874695e+04
4.001297210025787354e+04
4.005237885046005249e+04
4.009173250961303711e+04
4.013109044361114502e+04
4.017040355014801025e+04
4.020976335430145264e+04
4.024921415352821350e+04
4.028855251097679138e+04
4.032797579622268677e+04
4.036732296848297119e+04
4.040666477203369141e+04
4.044601505351066589e+04
4.048538443779945374e+04
4.052482720017433167e+04
4.056415465784072876e+04
4.060347427392005920e+04
4.064279974198341370e+04
4.068214742493629456e+04
4.072148192405700684e+04
4.076086663675308228e+04
4.080014890122413635e+04
4.083949112296104431e+04
4.087885425090789795e+04
4.091822321796417236e+04
4.095755052590370178e+04
4.099690358352661133e+04
4.103624496150016785e+04
4.107555561614036560e+04
4.111488141679763794e+04
4.115426533675193787e+04
4.119359524798393250e+04
4.123289573931694031e+04
4.127228387379646301e+04
4.131164427471160889e+04
4.135099295735359192e+04
4.139039123320579529e+04
4.142973938322067261e+04
4.146905346989631653e+04
4.150840232396125793e+04
4.154770678615570068e+04
4.158699239563941956e+04
4.162635699677467346e+04
4.166573283004760742e+04
4.170512036037445068e+04
4.174448603415489197e+04
4.178384679603576660e+04
4.182322069454193115e+04
4.186259037971496582e+04
4.190192351818084717e+04
4.194129587173461914e+04
4.198068346595764160e+04
4.202006499147415161e+04
4.205944469809532166e+04
4.209879602241516113e+04
4.213819320631027222e+04
4.217751927232742310e+04
4.221690945935249329e+04
4.225621548533439636e+04
4.229548889064788818e+04
4.233483379507064819e+04
4.237420619702339172e+04
4.241354182815551758e+04
4.245282328820228577e+04
4.249223642253875732e+04
4.253157926321029663e+04
4.257097060418128967e+04
4.261029950714111328e+04
4.264960480189323425e+04
4.268895635271072388e+04
4.272833104944229126e+04
4.276765627551078796e+04
4.280703317952156067e+04
4.284636321425437927e+04
4.288572267103195190e+04
4.292507590961456299e+04
4.296442041349411011e+04
4.300375862669944763e+04
4.304309899592399597e+04
4.308244122767448425e+04
4.312177516222000122e+04
4.316114780402183533e+04
4.320050183606147766e+04
4.323986701536178589e+04
4.327920625257492065e+04
4.331864519858360291e+04
4.335802441048622131e+04
4.339737743473052979e+04
4.343670438981056213e+04
4.347605759406089783e+04
4.351538818097114563e+04
4.355476130652427673e+04
4.359406158256530762e+04
4.363341048979759216e+04
4.367279952764511108e+04
4.371215824460983276e+04
4.375159830737113953e+04
4.379093249440193176e+04
4.383030850315093994e+04
4.386962490582466125e+04
4.390894321489334106e+04
4.394836035251617432e+04
4.398769594502449036e+04
4.402703846096992493e+04
4.406639106225967407e+04
4.410576084041595459e+04
4.414510015630722046e+04
4.418445298266410828e+04
4.422385547018051147e+04
4.426320531225204468e+04
4.430244733977317810e+04
4.434186457538604736e+04
4.438118394470214844e+04
4.442056871700286865e+04
4.445985361647605896e+04
4.449918773889541626e+04
4.453854956173896790e+04
4.457781710386276245e+04
4.461714614963531494e+04
4.465647654533386230e+04
4.469581213045120239e+04
4.473514003038406372e+04
4.477450690603256226e+04
4.481385978269577026e+04
4.485327570486068726e+04
4.489260570383071899e+04
4.493205768728256226e+04
4.497141326260566711e+04
4.501079284930229187e+04
4.505002131915092468e+04
4.508945680093765259e+04
4.512898043155670166e+04
4.516831807303428650e+04
4.520762753224372864e+04
4.524696952128410339e+04
4.528628261780738831e+04
4.532569899821281433e+04
4.536504733514785767e+04
4.540438369679450989e+04
4.544374808549880981e+04
4.548310315823554993e+04
4.552243616008758545e+04
4.556179181432723999e+04
4.560112429404258728e+04
4.564047029352188110e+04
4.567983761453628540e+04
4.571918704843521118e+04
4.575854872202873230e+04
4.579793357920646667e+04
4.583727761983871460e+04
4.587655344796180725e+04
4.591589675211906433e+04
4.595526790237426758e+04
4.599455531930923462e+04
4.603384739542007446e+04
4.607321390652656555e+04
4.611259477519989014e+04
4.615201107168197632e+04
4.619135552120208740e+04
4.623067588353157043e+04
4.626998470473289490e+04
4.630926594185829163e+04
4.634860865616798401e+04
4.638794770002365112e+04
4.642725230789184570e+04
4.646648951005935669e+04
4.650583030271530151e+04
4.654507552576065063e+04
4.658433492636680603e+04
4.662356015181541443e+04
4.666281516098976135e+04
4.670206101298332214e+04
4.674136663413047791e+04
4.678061123776435852e+04
4.681981505417823792e+04
4.685903584575653076e+04
4.689827457833290100e+04
4.693752713775634766e+04
4.697678300213813782e+04
4.701604127669334412e+04
4.705528278851509094e+04
4.709452590632438660e+04
4.713379698824882507e+04
4.717298845434188843e+04
4.721226998758316040e+04
4.725155383348464966e+04
4.729085131454467773e+04
4.733009382700920105e+04
4.736938441205024719e+04
4.740859590744972229e+04
4.744785538816452026e+04
4.748710997271537781e+04
4.752643033909797668e+04
4.756571343421936035e+04
4.760497046208381653e+04
4.764410268211364746e+04
4.768333170938491821e+04
4.772258222746849060e+04
4.776181389284133911e+04
4.780102050852775574e+04
4.784030318784713745e+04
4.787944708204269409e+04
4.791873532843589783e+04
4.795793073654174805e+04
4.799713851404190063e+04
4.803637360835075378e+04
4.807558945202827454e+04
4.811488109731674194e+04
4.815410145521163940e+04
4.819326667881011963e+04
4.823247691631317139e+04
4.827163631701469421e+04
4.831092320036888123e+04
4.835014784145355225e+04
4.838945061349868774e+04
4.842984264683723450e+04
4.846905908250808716e+04
4.850822262358665466e+04
4.854737577629089355e+04
4.858753223967552185e+04
4.863493920946121216e+04
4.867468427562713623e+04
4.871394600629806519e+04
4.875332017230987549e+04
4.879285963034629822e+04
4.883255904078483582e+04
4.887186760783195496e+04
4.891270032882690430e+04
4.895803021597862244e+04
4.899925846576690674e+04
4.903853484487533569e+04
4.907764644265174866e+04
4.911675577521324158e+04
4.915749953079223633e+04
4.919693054270744324e+04
4.923703297138214111e+04
4.927634789395332336e+04
4.931569121575355530e+04
4.935497225403785706e+04
4.939435713291168213e+04
4.943354757928848267e+04
4.947434596443176270e+04
4.951413304948806763e+04
4.955370367026329041e+04
4.959303259468078613e+04
4.963222085356712341e+04
4.967152396798133850e+04
4.971072984051704407e+04
4.974995758795738220e+04
4.978913329672813416e+04
4.982834070730209351e+04
4.986750797080993652e+04
4.991125034904479980e+04
4.995809872508049011e+04
4.999747379994392395e+04
5.003744322538375854e+04
5.007666334390640259e+04
5.011582715082168579e+04
5.015502544784545898e+04
5.019445324563980103e+04
5.023375162720680237e+04
5.027293326759338379e+04
5.031215665626525879e+04
5.035175846076011658e+04
5.039109377455711365e+04
5.043491294288635254e+04
5.048507080554962158e+04
5.052904983925819397e+04
5.056839929151535034e+04
5.061868953084945679e+04
5.067045534586906433e+04
5.070992770314216614e+04
5.075635461091995239e+04
5.080768148422241211e+04
5.086018063211441040e+04
5.090581532216072083e+04
5.094683873462677002e+04
5.099881886076927185e+04
5.105094571089744568e+04
5.109732455706596375e+04
5.114913377141952515e+04
5.119936404228210449e+04
5.123913822388648987e+04
5.128016358709335327e+04
5.133119647550582886e+04
5.137848872923851013e+04
5.142499533987045288e+04
5.147659444594383240e+04
5.152684945869445801e+04
5.157677313208580017e+04
5.161645812559127808e+04
5.165576302576065063e+04
5.169515230822563171e+04
5.173478995275497437e+04
5.177453734350204468e+04
5.181385329437255859e+04
5.185315735912322998e+04
5.189247573423385620e+04
5.193178544688224792e+04
5.197098744082450867e+04
5.201038455772399902e+04
5.204966883921623230e+04
5.208892994999885559e+04
5.212817181897163391e+04
5.216748159003257751e+04
5.220680286478996277e+04
5.224614003944396973e+04
5.228541499900817871e+04
5.232467218661308289e+04
5.236397594666481018e+04
5.240322266769409180e+04
5.244254838657379150e+04
5.248186271119117737e+04
5.252118991899490356e+04
5.256044992208480835e+04
5.259967664623260498e+04
5.263911581277847290e+04
5.267843706846237183e+04
5.271776524996757507e+04
5.275702238273620605e+04
5.279634055590629578e+04
5.283562108230590820e+04
5.287491860270500183e+04
5.291424129128456116e+04
5.295356063127517700e+04
5.299293999528884888e+04
5.303229504561424255e+04
5.307159316468238831e+04
5.311092001795768738e+04
5.315031221938133240e+04
5.318963569283485413e+04
5.322893967962265015e+04
5.326824691772460938e+04
5.330749476528167725e+04
5.334678638935089111e+04
5.338607487249374390e+04
5.342541289091110229e+04
5.346470349287986755e+04
5.350396466660499573e+04
5.354321281099319458e+04
5.358249398636817932e+04
5.362151102066040039e+04
5.366025543594360352e+04
5.369903440809249878e+04
5.373776370811462402e+04
5.377650199055671692e+04
5.381527000546455383e+04
5.385393954038619995e+04
5.389268879246711731e+04
5.393140374636650085e+04
5.397012719988822937e+04
5.400888718128204346e+04
5.404761831784248352e+04
5.408636651134490967e+04
5.412503676843643188e+04
5.416375032210350037e+04
5.420253780174255371e+04
5.424125627613067627e+04
5.427996378135681152e+04
5.431872642064094543e+04
5.435751344943046570e+04
5.439633063626289368e+04
5.443501665472984314e+04
5.447374385833740234e+04
5.451253755426406860e+04
5.455129127883911133e+04
5.459010717868804932e+04
5.462880066657066345e+04
5.466747723698616028e+04
5.470618986034393311e+04
5.474494102358818054e+04
5.478366697597503662e+04
5.482238320326805115e+04
5.486110465526580811e+04
5.489986903333663940e+04
5.493862528681755066e+04
5.497728247737884521e+04
5.501603087902069092e+04
5.505470056462287903e+04
5.509345880651473999e+04
5.513223522400856018e+04
5.517097453045845032e+04
5.520973375153541565e+04
5.524847509813308716e+04
5.528722208642959595e+04
5.532596011161804199e+04
5.536470871472358704e+04
5.540343739771842957e+04
5.544217962098121643e+04
5.548098359727859497e+04
5.551976605010032654e+04
5.555847489237785339e+04
5.559719917035102844e+04
5.563595661902427673e+04
5.567478867840766907e+04
5.571357714843750000e+04
5.575233859539031982e+04
5.579103605985641479e+04
5.582976672029495239e+04
5.586860866475105286e+04
5.590736442112922668e+04
5.594608683085441589e+04
5.598480014896392822e+04
5.602357962560653687e+04
5.606244537711143494e+04
5.610116734170913696e+04
5.613992186522483826e+04
5.617857157444953918e+04
5.621728038191795349e+04
5.625611938428878784e+04
5.629478778934478760e+04
5.633350798773765564e+04
5.637221758604049683e+04
5.641093875288963318e+04
5.644981017398834229e+04
5.648847835493087769e+04
5.652718626141548157e+04
5.656592893362045288e+04
5.660466642117500305e+04
5.664340256714820862e+04
5.668215552854537964e+04
5.672087399864196777e+04
5.675958378577232361e+04
5.679832119798660278e+04
5.683448621821403503e+04
5.687065702176094055e+04
5.690688016939163208e+04
5.694299677681922913e+04
5.697912963747978210e+04
5.701522131729125977e+04
5.705132187294960022e+04
5.708745996284484863e+04
5.712361495232582092e+04
5.715975565767288208e+04
5.719587143063545227e+04
5.723192757225036621e+04
5.726802862024307251e+04
5.730423379206657410e+04
5.734036510014533997e+04
5.737652172160148621e+04
5.741264994502067566e+04
5.744872649526596069e+04
5.748483935618400574e+04
5.752097048687934875e+04
5.755709070348739624e+04
5.759322509932518005e+04
5.762931325864791870e+04
5.766548160886764526e+04
5.770157459330558777e+04
5.773766735124588013e+04
5.777381755900382996e+04
5.780991812705993652e+04
5.784601999807357788e+04
5.788209210062026978e+04
5.791820870089530945e+04
5.795435321855545044e+04
5.799044447612762451e+04
5.802657325911521912e+04
5.806267937040328979e+04
5.809878612518310547e+04
5.813490098524093628e+04
5.817103061175346375e+04
5.820727763509750366e+04
5.824338452768325806e+04
5.827951847720146179e+04
5.831561642360687256e+04
5.835175269508361816e+04
5.838789337801933289e+04
5.842403520178794861e+04
5.846024831652641296e+04
5.849634913611412048e+04
5.853244558095932007e+04
5.856860759711265564e+04
5.860469927692413330e+04
5.864089342427253723e+04
5.867700864601135254e+04
5.871308937501907349e+04
5.874929782056808472e+04
5.878539369368553162e+04
5.882157551980018616e+04
5.885772811532020569e+04
5.889384398341178894e+04
5.893001278400421143e+04
5.896615965938568115e+04
5.900228612041473389e+04
5.903844199991226196e+04
5.907458523797988892e+04
5.911074657034873962e+04
5.914682133173942566e+04
5.918290939378738403e+04
5.921902753734588623e+04
5.925515035724639893e+04
5.929139073109626770e+04
5.932750766968727112e+04
5.936364344716072083e+04
5.939976962661743164e+04
5.943586953496932983e+04
5.947200037360191345e+04
5.950810978102684021e+04
5.954419318175315857e+04
5.958029925394058228e+04
5.961642904090881348e+04
5.965253611969947815e+04
5.968866703748703003e+04
5.972475030779838562e+04
5.976085840511322021e+04
5.979695665788650513e+04
5.983306204748153687e+04
5.986919027352333069e+04
5.990534002041816711e+04
5.994146843910217285e+04
5.997756791973114014e+04
6.001363103413581848e+04
6.004974730873107910e+04
6.008589727711677551e+04
6.012201876878738403e+04
6.015809737038612366e+04
6.019423774099349976e+04
6.023033090519905090e+04
6.026644547891616821e+04
6.030258653545379639e+04
6.033870965147018433e+04
6.037477825355529785e+04
6.041090090751647949e+04
6.044706909036636353e+04
6.048331008934974670e+04
6.051945245552062988e+04
6.055553195500373840e+04
6.059161868715286255e+04
6.062773993420600891e+04
6.066396931099891663e+04
6.070012447118759155e+04
6.073624222254753113e+04
6.077236050987243652e+04
6.080850363540649414e+04
6.084471260309219360e+04
6.088082728457450867e+04
6.091692989373207092e+04
6.095304179406166077e+04
6.098915232872962952e+04
6.102538271093368530e+04
6.106148572492599487e+04
6.109760148310661316e+04
6.113370897531509399e+04
6.116986138939857483e+04
6.120596187019348145e+04
6.124215198516845703e+04
6.127832737421989441e+04
6.131448707032203674e+04
6.135061585831642151e+04
6.138676452994346619e+04
6.142293702197074890e+04
6.145911031246185303e+04
6.149524510049819946e+04
6.153137880659103394e+04
6.156749726366996765e+04
6.160357155370712280e+04
6.163969201207160950e+04
6.167579877066612244e+04
6.171187266302108765e+04
6.174802018165588379e+04
6.178409595108032227e+04
6.182020381855964661e+04
6.185638132047653198e+04
6.189247966909408569e+04
6.192860084152221680e+04
6.196467042994499207e+04
6.200078696012496948e+04
6.203695369458198547e+04
6.207303344249725342e+04
6.210918911790847778e+04
6.214533207082748413e+04
6.218142467808723450e+04
6.221758209896087646e+04
6.225372612023353577e+04
6.228985427570343018e+04
6.232602438378334045e+04
6.236213537859916687e+04
6.239830192971229553e+04
6.243445792031288147e+04
6.247056885647773743e+04
6.250671900963783264e+04
6.254286014294624329e+04
6.257902427053451538e+04
6.261515736842155457e+04
6.265129620003700256e+04
6.268741627073287964e+04
6.272358689165115356e+04
6.275971972084045410e+04
6.279585240364074707e+04
6.283200085902214050e+04
6.286813877558708191e+04
6.290423164582252502e+04
6.294065673017501831e+04
6.297697093510627747e+04
6.301329293847084045e+04
6.304960269427299500e+04
6.308591640925407410e+04
6.312222144389152527e+04
6.315850242662429810e+04
6.319483343052864075e+04
6.323113712859153748e+04
6.326744770026206970e+04
6.330374420595169067e+04
6.334007049798965454e+04
6.337633534812927246e+04
6.341258592319488525e+04
6.344883896279335022e+04
6.348509659242630005e+04
6.352143085026741028e+04
6.355771929430961609e+04
6.359399918174743652e+04
6.363028631401062012e+04
6.366655463910102844e+04
6.370286401629447937e+04
6.373913477349281311e+04
6.377539897537231445e+04
6.381165834474563599e+04
6.384791803073883057e+04
6.388418459844589233e+04
6.392044255852699280e+04
6.395668961310386658e+04
6.399295656299591064e+04
6.402920020747184753e+04
6.406553762984275818e+04
6.410179729461669922e+04
6.413804335618019104e+04
6.417428642129898071e+04
6.421054962086677551e+04
6.424680974769592285e+04
6.428306694674491882e+04
6.431932495379447937e+04
6.435559757637977600e+04
6.439187284827232361e+04
6.442813594770431519e+04
6.446438223743438721e+04
6.450065443563461304e+04
6.453691745567321777e+04
6.457319342350959778e+04
6.460946598696708679e+04
6.464571527528762817e+04
6.468195997905731201e+04
6.471821801614761353e+04
6.475447566890716553e+04
6.479078498601913452e+04
6.482704024696350098e+04
6.486328660082817078e+04
6.489953818035125732e+04
6.493579172825813293e+04
6.497204569292068481e+04
6.500837590599060059e+04
6.504462790703773499e+04
6.508089937496185303e+04
6.511713275575637817e+04
6.515341001510620117e+04
6.518967702531814575e+04
6.522593839144706726e+04
6.526219632649421692e+04
6.529845561623573303e+04
6.533472244811058044e+04
6.537100304317474365e+04
6.540736165165901184e+04
6.544362601137161255e+04
6.547990413689613342e+04
6.551617478537559509e+04
6.555244712781906128e+04
6.558871404719352722e+04
6.562496356439590454e+04
6.566122967863082886e+04
6.569750529217720032e+04
6.573376593279838562e+04
6.577001965427398682e+04
6.580627370190620422e+04
6.584251522350311279e+04
6.587884200263023376e+04
6.591510755467414856e+04
6.595144119095802307e+04
6.598768865776062012e+04
6.602396627020835876e+04
6.606024194359779358e+04
6.609652741241455078e+04
6.613281263756752014e+04
6.616905710959434509e+04
6.620535796213150024e+04
6.624164666199684143e+04
6.627789530563354492e+04
6.631418102192878723e+04
6.635043981909751892e+04
6.638668112611770630e+04
6.642291541552543640e+04
6.645942733645439148e+04
6.649829136419296265e+04
6.653708193230628967e+04
6.657584320735931396e+04
6.661464500951766968e+04
6.665343205785751343e+04
6.669221646332740784e+04
6.673099981880187988e+04
6.676986755943298340e+04
6.680865530514717102e+04
6.684750214004516602e+04
6.688628962898254395e+04
6.692510926413536072e+04
6.696388384103775024e+04
6.700266371297836304e+04
6.704146945095062256e+04
6.708023592042922974e+04
6.711899531388282776e+04
6.715785050630569458e+04
6.719662450838088989e+04
6.723545771479606628e+04
6.727423085808753967e+04
6.731299569392204285e+04
6.735177738404273987e+04
6.739055365324020386e+04
6.742931624984741211e+04
6.746815672230720520e+04
6.750693517851829529e+04
6.754571340441703796e+04
6.758449580693244934e+04
6.762333439588546753e+04
6.766210125470161438e+04
6.770087894344329834e+04
6.773964231777191162e+04
6.777841748714447021e+04
6.781722575736045837e+04
6.785602935719490051e+04
6.789478656053543091e+04
6.793359837388992310e+04
6.797241618800163269e+04
6.801124597382545471e+04
6.805003512740135193e+04
6.808881999540328979e+04
6.812764260792732239e+04
6.816641710925102234e+04
6.820523722624778748e+04
6.824403085541725159e+04
6.828281127524375916e+04
6.832160656476020813e+04
6.836034110593795776e+04
6.839918946290016174e+04
6.843797898149490356e+04
6.847676019740104675e+04
6.851553896927833557e+04
6.855433193230628967e+04
6.859319505310058594e+04
6.863201172280311584e+04
6.867078771138191223e+04
6.870958066749572754e+04
6.874841870045661926e+04
6.878721122121810913e+04
6.882601208615303040e+04
6.886480041170120239e+04
6.890355374288558960e+04
6.894232501316070557e+04
6.898112023854255676e+04
6.901988297772407532e+04
6.905863773036003113e+04
6.909743155431747437e+04
6.913620641374588013e+04
6.917500347542762756e+04
6.921378118085861206e+04
6.925256431984901428e+04
6.929134444069862366e+04
6.933021396327018738e+04
6.936903469061851501e+04
6.940783628749847412e+04
6.944663367724418640e+04
6.948544392991065979e+04
6.952424096608161926e+04
6.956307027649879456e+04
6.960186236691474915e+04
6.964066534900665283e+04
6.967945276522636414e+04
6.971833153414726257e+04
6.975709117913246155e+04
6.979594540476799011e+04
6.983471716761589050e+04
6.987350608992576599e+04
6.991228144168853760e+04
6.995111534953117371e+04
6.998990799093246460e+04
7.002867394876480103e+04
7.006746597146987915e+04
7.010625057506561279e+04
7.014503611683845520e+04
7.018382345581054688e+04
7.022261250543594360e+04
7.026139522767066956e+04
7.030016915583610535e+04
7.033907454633712769e+04
7.037785145187377930e+04
7.041667265701293945e+04
7.045552853894233704e+04
7.049427103734016418e+04
7.053314646029472351e+04
7.057195091533660889e+04
7.061072025990486145e+04
7.064948385071754456e+04
7.068827715730667114e+04
7.072716627001762390e+04
7.076596613192558289e+04
7.080475297665596008e+04
7.084353091239929199e+04
7.088232151246070862e+04
7.092114823389053345e+04
7.095999096822738647e+04
7.099877598261833191e+04
7.103751005744934082e+04
7.107627521371841431e+04
7.111507534074783325e+04
7.115387214732170105e+04
7.119266289305686951e+04
7.123137925314903259e+04
7.127012264871597290e+04
7.130888868403434753e+04
7.134765290927886963e+04
7.138637097525596619e+04
7.142512488508224487e+04
7.146389559650421143e+04
7.150272935199737549e+04
7.154161642241477966e+04
7.158041325187683105e+04
7.161922469520568848e+04
7.165798532962799072e+04
7.169683227872848511e+04
7.173562661218643188e+04
7.177441534876823425e+04
7.181320417809486389e+04
7.185196446323394775e+04
7.189083397674560547e+04
7.192961994647979736e+04
7.196842542600631714e+04
7.200721804237365723e+04
7.204617079019546509e+04
7.208486630344390869e+04
7.212355237054824829e+04
7.216223531746864319e+04
7.220091094827651978e+04
7.223954654502868652e+04
7.227832171821594238e+04
7.231700878643989563e+04
7.235570821499824524e+04
7.239438523864746094e+04
7.243298380804061890e+04
7.247159443569183350e+04
7.251022098445892334e+04
7.254891149353981018e+04
7.258751728558540344e+04
7.262616060161590576e+04
7.266487798500061035e+04
7.270358483004570007e+04
7.274221348595619202e+04
7.278083478832244873e+04
7.281952490711212158e+04
7.285813239240646362e+04
7.289677636933326721e+04
7.293542364597320557e+04
7.297406444239616394e+04
7.301268243479728699e+04
7.305130203509330750e+04
7.308989859414100647e+04
7.312853383445739746e+04
7.316717065238952637e+04
7.320580697178840637e+04
7.324445818829536438e+04
7.328308354353904724e+04
7.332171079659461975e+04
7.336029565286636353e+04
7.339898374462127686e+04
7.343757795763015747e+04
7.347622051501274109e+04
7.351484652686119080e+04
7.355345563077926636e+04
7.359218312048912048e+04
7.363081447696685791e+04
7.366945327401161194e+04
7.370810518717765808e+04
7.374674750232696533e+04
7.378542043638229370e+04
7.382405398440361023e+04
7.386267951846122742e+04
7.390132799243927002e+04
7.393995507574081421e+04
7.397864075326919556e+04
7.401724926662445068e+04
7.405589730262756348e+04
7.409450865125656128e+04
7.413313258981704712e+04
7.417180486178398132e+04
7.421044360661506653e+04
7.424904449176788330e+04
7.428765676307678223e+04
7.432640068936347961e+04
7.436520685625076294e+04
7.440403760290145874e+04
7.444297643136978149e+04
7.448177932906150818e+04
7.452062587690353394e+04
7.455942589116096497e+04
7.459825217652320862e+04
7.463707559657096863e+04
7.467593376016616821e+04
7.471481774091720581e+04
7.475361435008049011e+04
7.479243779015541077e+04
7.483128329229354858e+04
7.487010575366020203e+04
7.490899350547790527e+04
7.494777404808998108e+04
7.498660165214538574e+04
7.502542500591278076e+04
7.506427347469329834e+04
7.510306181979179382e+04
7.514186256194114685e+04
7.518067924189567566e+04
7.521944031190872192e+04
7.525822481942176819e+04
7.529700297927856445e+04
7.533580856299400330e+04
7.537464235973358154e+04
7.541345453548431396e+04
7.545226643681526184e+04
7.549114847135543823e+04
7.552997036695480347e+04
7.556872814512252808e+04
7.560754864764213562e+04
7.564645238256454468e+04
7.568521716499328613e+04
7.572403753137588501e+04
7.576283579730987549e+04
7.580164201235771179e+04
7.584047406601905823e+04
7.587929899954795837e+04
7.591810839653015137e+04
7.595689284253120422e+04
7.599570709967613220e+04
7.603453518509864807e+04
7.607332985067367554e+04
7.611209777259826660e+04
7.615087417626380920e+04
7.618968158793449402e+04
7.622850203633308411e+04
7.626732152771949768e+04
7.630614737701416016e+04
7.634494943165779114e+04
7.638377286481857300e+04
7.642258432269096375e+04
7.646141334962844849e+04
7.650026283478736877e+04
7.653916461491584778e+04
7.657801520967483521e+04
7.661683679628372192e+04
7.665566745114326477e+04
7.669448973798751831e+04
7.673339080715179443e+04
7.677223391842842102e+04
7.681104378104209900e+04
7.684985490202903748e+04
7.688869230175018311e+04
7.692752153825759888e+04
7.696631136608123779e+04
7.700520960521697998e+04
7.704405567693710327e+04
7.708285153460502625e+04
7.712167125439643860e+04
7.716049953341484070e+04
7.719927287006378174e+04
7.723816481447219849e+04
7.727698158121109009e+04
7.731578796291351318e+04
7.735458346414566040e+04
7.739347134399414062e+04
7.743226426792144775e+04
7.747105237722396851e+04
7.750981524181365967e+04
7.754857224535942078e+04
7.758738369178771973e+04
7.762620621228218079e+04
7.766499053573608398e+04
7.770378690123558044e+04
7.774258835148811340e+04
7.778137733364105225e+04
7.782019019031524658e+04
7.785900094056129456e+04
7.789777022099494934e+04
7.793654136371612549e+04
7.797534873080253601e+04
7.801413513851165771e+04
7.805296356344223022e+04
7.809185095143318176e+04
7.813077306652069092e+04
7.816960040760040283e+04
7.820843801188468933e+04
7.824724870467185974e+04
7.828606197118759155e+04
7.832493532919883728e+04
7.836381322526931763e+04
7.840263292288780212e+04
7.844142970275878906e+04
7.848023394918441772e+04
7.851904631948471069e+04
7.855788213849067688e+04
7.859669458723068237e+04
7.863557194876670837e+04
7.867440255808830261e+04
7.871324277067184448e+04
7.875213173556327820e+04
7.879100011658668518e+04
7.882989059400558472e+04
7.886871617245674133e+04
7.890749901700019836e+04
7.894640845346450806e+04
7.898524083185195923e+04
7.902406561350822449e+04
7.906288848924636841e+04
7.910175926113128662e+04
7.914062523317337036e+04
7.917941767263412476e+04
7.921824318575859070e+04
7.925704200243949890e+04
7.929589024162292480e+04
7.933470176696777344e+04
7.937350510334968567e+04
7.941229901742935181e+04
7.945108163976669312e+04
7.948989183688163757e+04
7.952872815799713135e+04
7.956753753256797791e+04
7.960633557057380676e+04
7.964511675238609314e+04
7.968391336083412170e+04
7.972274263811111450e+04
7.976153937864303589e+04
7.980037097978591919e+04
7.983916553926467896e+04
7.987796504688262939e+04
7.991684828996658325e+04
7.995569480538368225e+04
7.999452016687393188e+04
8.003346960639953613e+04
8.007234275054931641e+04
8.011122478699684143e+04
8.015002748918533325e+04
8.018892351031303406e+04
8.022774156188964844e+04
8.026658014774322510e+04
8.030547985291481018e+04
8.034428537201881409e+04
8.038315484189987183e+04
8.042198490691184998e+04
8.046083776497840881e+04
8.049971022486686707e+04
8.053857202792167664e+04
8.057745438504219055e+04
8.061624154806137085e+04
8.065505085086822510e+04
8.069394897103309631e+04
8.073279381656646729e+04
8.077165045499801636e+04
8.081048219084739685e+04
8.084929953742027283e+04
8.088812876391410828e+04
8.092697743201255798e+04
8.096583001232147217e+04
8.100465429162979126e+04
8.104346389961242676e+04
8.108225062608718872e+04
8.112111559057235718e+04
8.115989817595481873e+04
8.119871383357048035e+04
8.123757667779922485e+04
8.127639304280281067e+04
8.131519101452827454e+04
8.135397931003570557e+04
8.139276298952102661e+04
8.143162375235557556e+04
8.147039052224159241e+04
8.150919145846366882e+04
8.154801057577133179e+04
8.158682743144035339e+04
8.162563946270942688e+04
8.166447098231315613e+04
8.170329806923866272e+04
8.174211272335052490e+04
8.178092855453491211e+04
8.181981375980377197e+04
8.185858073139190674e+04
8.189738494205474854e+04
8.193612894034385681e+04
8.197493904066085815e+04
8.201371954989433289e+04
8.205259643673896790e+04
8.209140651082992554e+04
8.213020809459686279e+04
8.216901747798919678e+04
8.220782375741004944e+04
8.224673522782325745e+04
8.228458702039718628e+04
8.232080007052421570e+04
8.235698507523536682e+04
8.239319567608833313e+04
8.242948347854614258e+04
8.246566883850097656e+04
8.250192070508003235e+04
8.253812322139739990e+04
8.257430233192443848e+04
8.261059605121612549e+04
8.264680329012870789e+04
8.268301633286476135e+04
8.271921499538421631e+04
8.275543518638610840e+04
8.279177285528182983e+04
8.282798454475402832e+04
8.286420685815811157e+04
8.290040707683563232e+04
8.293671844649314880e+04
8.297302068042755127e+04
8.300921699428558350e+04
8.304543117117881775e+04
8.308162520146369934e+04
8.311783393740653992e+04
8.315400646018981934e+04
8.319021469569206238e+04
8.322639904451370239e+04
8.326259985280036926e+04
8.329880753040313721e+04
8.333499254393577576e+04
8.337120159125328064e+04
8.340740495610237122e+04
8.344361388254165649e+04
8.347981430983543396e+04
8.351601656723022461e+04
8.355221491503715515e+04
8.358843441557884216e+04
8.362464525961875916e+04
8.366085830569267273e+04
8.369705212926864624e+04
8.373324833273887634e+04
8.376944660949707031e+04
8.380570379495620728e+04
8.384196133327484131e+04
8.387818168830871582e+04
8.391436475443840027e+04
8.395057071590423584e+04
8.398679962372779846e+04
8.402311692380905151e+04
8.405930535936355591e+04
8.409550845646858215e+04
8.413168994641304016e+04
8.416788471651077271e+04
8.420407665324211121e+04
8.424026393342018127e+04
8.427641897797584534e+04
8.431263561892509460e+04
8.434886596941947937e+04
8.438506363129615784e+04
8.442125453376770020e+04
8.445746562314033508e+04
8.449365320849418640e+04
8.452987996149063110e+04
8.456605433654785156e+04
8.460222964262962341e+04
8.463839620137214661e+04
8.467460910320281982e+04
8.471084498929977417e+04
8.474706901097297668e+04
8.478324756407737732e+04
8.481943447184562683e+04
8.485561353445053101e+04
8.489180725908279419e+04
8.492801522040367126e+04
8.496419367337226868e+04
8.500039254021644592e+04
8.503659407758712769e+04
8.507289333724975586e+04
8.510909970712661743e+04
8.514528304505348206e+04
8.518146524953842163e+04
8.521766162538528442e+04
8.525386417937278748e+04
8.529003368663787842e+04
8.532633099985122681e+04
8.536247163677215576e+04
8.539858676719665527e+04
8.543481516981124878e+04
8.547099244713783264e+04
8.550717929315567017e+04
8.554335526728630066e+04
8.557959824657440186e+04
8.561586264896392822e+04
8.565204657173156738e+04
8.568825986051559448e+04
8.572444638895988464e+04
8.576066524028778076e+04
8.579691140127182007e+04
8.583308374118804932e+04
8.586927625465393066e+04
8.590547617626190186e+04
8.594168204855918884e+04
8.597787117004394531e+04
8.601403851079940796e+04
8.605023558735847473e+04
8.608642396640777588e+04
