2.384042150996739388e+09
2.384042101893622398e+09
2.384042121949733734e+09
2.384042122846850872e+09
2.384042136371100903e+09
2.384042138245103359e+09
2.384042136734191418e+09
2.384042143697547913e+09
2.384042150326482773e+09
2.384042152744314671e+09
2.384042151316256046e+09
2.384042150989919662e+09
4.236157841136597633e+09
4.236157784278666019e+09
4.236157764345941067e+09
4.236157813671712399e+09
4.236157814802854538e+09
4.236157821029648781e+09
4.236157829330093861e+09
4.236157835157388687e+09
4.236157840565478325e+09
4.236157838572268486e+09
4.236157840762917042e+09
4.236157841126255035e+09
2.172003154734510183e+07
2.172002893533258140e+07
2.172002897037925571e+07
2.172003039453180134e+07
2.172003096054997295e+07
2.172003104462394491e+07
2.172003221693918109e+07
2.172003195449985191e+07
2.172003160750975832e+07
2.172003057659619302e+07
2.172003115292881802e+07
2.172003154647238180e+07
1.618064763633648679e+07
1.618064819254531153e+07
1.618064801327048987e+07
1.618064795624784753e+07
1.618064797837545350e+07
1.618064789963305369e+07
1.618064874689216912e+07
1.618064826645450667e+07
1.618064771518241242e+07
1.618064668207988515e+07
1.618064726537064277e+07
1.618064763594358228e+07
1.336908545440983959e+07
1.336908574177772366e+07
1.336908560118077137e+07
1.336908563865549676e+07
1.336908564112923108e+07
1.336908559591679834e+07
1.336908639099676721e+07
1.336908599499201402e+07
1.336908552361726761e+07
1.336908460533463210e+07
1.336908511657062545e+07
1.336908545400694199e+07
4.170173499220988713e+06
4.170173425132845528e+06
4.170173449865945615e+06
4.170173447624402586e+06
4.170173152701507322e+06
4.170173232928875834e+06
4.170173573723518290e+06
4.170173573798655067e+06
4.170173514955092687e+06
4.170173252631540410e+06
4.170173371294525452e+06
4.170173498953978531e+06
2.417818916122696828e+06
2.417818808617731556e+06
2.417818864058624022e+06
2.417818839794157539e+06
2.417818708600354847e+06
2.417818750157415401e+06
2.417818893432820681e+06
2.417818931102631148e+06
2.417818923477876931e+06
2.417818772766617592e+06
2.417818833463258576e+06
2.417818915946660563e+06
1.410447731792093953e+06
1.410447765462204348e+06
1.410447805189273087e+06
1.410447726478366414e+06
1.410447788283915725e+06
1.410447763841535896e+06
1.410447692189725582e+06
1.410447727994081099e+06
1.410447734738229308e+06
1.410447660680464935e+06
1.410447687296340708e+06
1.410447731713732937e+06
1.229327388135827146e+06
1.229327396621823078e+06
1.229327424832150573e+06
1.229327376654990017e+06
1.229327460472882027e+06
1.229327431299282936e+06
1.229327330093776342e+06
1.229327371345059481e+06
1.229327389196228003e+06
1.229327339301543543e+06
1.229327354410735657e+06
1.229327388060062192e+06
7.226886524819472106e+05
7.226886124378865352e+05
7.226885871532313759e+05
7.226886387903781142e+05
7.226887038106153486e+05
7.226886809779594187e+05
7.226885637405520538e+05
7.226886100765746087e+05
7.226886496082318481e+05
7.226886542612436460e+05
7.226886437097842572e+05
7.226886523893343983e+05
3.745672006638197927e+05
3.745671645885836915e+05
3.745671099128757487e+05
3.745672008291943930e+05
3.745672176314573735e+05
3.745672077906965278e+05
3.745671248886722024e+05
3.745671596794405486e+05
3.745671971492490266e+05
3.745672209211069276e+05
3.745672029814956477e+05
3.745672005692383391e+05
6.126974849928743060e+04
6.126962490759182401e+04
6.126962905721309653e+04
6.126969284277297993e+04
6.126973701797677495e+04
6.126973764797380136e+04
6.126970007763702597e+04
6.126971769319231680e+04
6.126974485766017460e+04
6.126977602298329293e+04
6.126975951283925679e+04
6.126974847759322438e+04
1.191273668902852842e+04
1.191277711515929877e+04
1.191277437478049251e+04
1.191275571388429307e+04
1.191274869736583969e+04
1.191274738968535348e+04
1.191272818675664166e+04
1.191272992062865160e+04
1.191273573817090073e+04
1.191274687059829193e+04
1.191274108476147921e+04
1.191273669007651006e+04
5.905401566573312266e+03
5.905414295958423281e+03
5.905417293119354326e+03
5.905406392093528666e+03
5.905404473772920028e+03
5.905405474596133899e+03
5.905398999725337490e+03
5.905399460806250318e+03
5.905401334876008150e+03
5.905405382436651962e+03
5.905402747608829486e+03
5.905401566468122837e+03
5.083380890321804145e+03
5.083376177307015496e+03
5.083378455795139416e+03
5.083378643699335953e+03
5.083378523609747390e+03
5.083380690930614946e+03
5.083379180174570138e+03
5.083379965056329638e+03
5.083380934696908298e+03
5.083382119801421140e+03
5.083380502251717189e+03
5.083380884064225938e+03
5.020198313419910846e+03
5.020198201890048949e+03
5.020199059925502297e+03
5.020198636241510940e+03
5.020197478642740862e+03
5.020199292333965786e+03
5.020198183792429518e+03
5.020198434757336145e+03
5.020198496977864124e+03
5.020198522910673091e+03
5.020197453626787137e+03
5.020198306401017362e+03
5.007856345392505318e+03
5.007855985460670126e+03
5.007856476888425277e+03
5.007856721829642993e+03
5.007855411157030176e+03
5.007857256052444427e+03
5.007856212961104575e+03
5.007856450290993962e+03
5.007856526479178683e+03
5.007856607946098848e+03
5.007855515295412260e+03
5.007856338007856721e+03
4.952562309572646882e+03
4.952563578186218365e+03
4.952563626681401729e+03
4.952563595452275877e+03
4.952562916096105255e+03
4.952564334239786149e+03
4.952562934419902376e+03
4.952562813546081998e+03
4.952562522292294489e+03
4.952562395452930105e+03
4.952561487265392316e+03
4.952562302599702889e+03
4.833586916604725047e+03
4.833587740576957913e+03
4.833587341944506989e+03
4.833588211361254253e+03
4.833588177828871267e+03
4.833589365383573750e+03
4.833587723973804714e+03
4.833587462110108390e+03
4.833587120191905342e+03
4.833587123421106298e+03
4.833586221554731310e+03
4.833586909632976131e+03
4.304511859305556754e+03
4.304512306198898841e+03
4.304510187712756306e+03
4.304513658315848261e+03
4.304513004102580453e+03
4.304514087387870859e+03
4.304512882848646768e+03
4.304512367283304229e+03
4.304512029194801471e+03
4.304512482316923524e+03
4.304511509415166074e+03
4.304511851714440127e+03
3.348744510824570625e+03
3.348742152681021707e+03
3.348739743459905185e+03
3.348745044496869014e+03
3.348750481031185700e+03
3.348749608735765378e+03
3.348746679720101383e+03
3.348745561668404662e+03
3.348744681863430287e+03
3.348744890172005398e+03
3.348744409474770237e+03
3.348744505538046724e+03
2.249295987629112915e+03
2.249288068282355653e+03
2.249284943901638144e+03
2.249293946748699000e+03
2.249295837682029287e+03
2.249295994120095656e+03
2.249296264107067600e+03
2.249295889806836385e+03
2.249296024007840060e+03
2.249297262854483506e+03
2.249296279447255529e+03
2.249295981254618709e+03
1.430501071974171737e+03
1.430498103391086488e+03
1.430496818158838096e+03
1.430500205422247518e+03
1.430499998026569756e+03
1.430500018263447828e+03
1.430501149933854776e+03
1.430501002282557920e+03
1.430501123032075839e+03
1.430501866967287469e+03
1.430501107843323780e+03
1.430501067971423026e+03
1.300648855052345198e+03
1.300643683285325096e+03
1.300643899103949025e+03
1.300646310997064120e+03
1.300647777650977787e+03
1.300647558662333495e+03
1.300647983758768532e+03
1.300648447575644241e+03
1.300648907482606546e+03
1.300649221861606520e+03
1.300648544013472019e+03
1.300648851199574437e+03
1.602041819055047199e+03
1.602062853231090003e+03
1.602062495292605036e+03
1.602051307033294279e+03
1.602047568954567396e+03
1.602046382284136598e+03
1.602043470060007621e+03
1.602042607058834847e+03
1.602041932332511124e+03
1.602042213828283366e+03
1.602041765079602101e+03
1.602041819639453252e+03
1.281536886797783382e+03
1.281536856315457044e+03
1.281536962090163343e+03
1.281536704380199581e+03
1.281537149035684706e+03
1.281536741213414871e+03
1.281536510662767569e+03
1.281536714006318562e+03
1.281536951176357661e+03
1.281537259168971104e+03
1.281536626244961326e+03
1.281536883815961801e+03
1.276691633889985951e+03
1.276691943696613407e+03
1.276691794653279430e+03
1.276691716640759523e+03
1.276691896413127097e+03
1.276691517225936650e+03
1.276691531861806652e+03
1.276691609640260140e+03
1.276691713495644308e+03
1.276691933728571030e+03
1.276691358665476628e+03
1.276691630808450554e+03
1.277429476797580037e+03
1.277428818185487216e+03
1.277429389799494174e+03
1.277428857394868373e+03
1.277429183831711271e+03
1.277428969091577301e+03
1.277429206776458159e+03
1.277429313368616022e+03
1.277429529896337272e+03
1.277429999493001560e+03
1.277429322328232729e+03
1.277429474406082136e+03
1.272964784865337606e+03
1.272964638143202819e+03
1.272964832841074895e+03
1.272964535062351160e+03
1.272964784344794680e+03
1.272964483124673279e+03
1.272964603585985969e+03
1.272964694706831096e+03
1.272964851864922139e+03
1.272965190830782376e+03
1.272964567222543110e+03
1.272964782114242325e+03
1.265875360098516467e+03
1.265875510765006993e+03
1.265875711271519094e+03
1.265875245007246576e+03
1.265875528337235210e+03
1.265875193959629314e+03
1.265875427512295573e+03
1.265875434478750776e+03
1.265875448849032182e+03
1.265875582581765912e+03
1.265875063719168338e+03
1.265875357395740593e+03
1.243458491117833773e+03
1.243459376195198956e+03
1.243459628428109681e+03
1.243458689228508092e+03
1.243458992984023098e+03
1.243458592580855338e+03
1.243459151438639537e+03
1.243458965604974310e+03
1.243458633859782822e+03
1.243458240862663615e+03
1.243457989603945180e+03
1.243458488555929080e+03
1.208952821305767202e+03
1.208954336942819737e+03
1.208954624246272715e+03
1.208953293421362559e+03
1.208953590283385211e+03
1.208953144608841058e+03
1.208953991738762397e+03
1.208953639159227350e+03
1.208953009863796296e+03
1.208952157502668797e+03
1.208952145268789309e+03
1.208952818889024229e+03
1.098380011581571125e+03
1.098382705513452947e+03
1.098383033718260322e+03
1.098381008175000488e+03
1.098381221736183761e+03
1.098380722545665776e+03
1.098382154671344551e+03
1.098381479477258154e+03
1.098380285523051271e+03
1.098378533682325269e+03
1.098379008375957028e+03
1.098380009519516079e+03
8.981828467876579225e+02
8.981864463401099101e+02
8.981867496997225544e+02
8.981842778740440281e+02
8.981842887724474167e+02
8.981838197659300249e+02
8.981858593079780348e+02
8.981848848170707242e+02
8.981831934715902435e+02
8.981805754972091336e+02
8.981815580188024342e+02
8.981828451810315528e+02
5.706399562143467392e+02
5.706435339430696558e+02
5.706435965988055159e+02
5.706414699711019693e+02
5.706407058555623735e+02
5.706404873401052100e+02
5.706431015892978849e+02
5.706420557509632090e+02
5.706403020690091807e+02
5.706374049204772518e+02
5.706386535309858345e+02
5.706399551263455123e+02
5.915741881926948736e+03
5.915741716188523242e+03
5.915743323856509051e+03
5.915741710660025092e+03
5.915767829775294558e+03
5.915760915319349806e+03
5.915752981600126986e+03
5.915748211889293088e+03
5.915742540885100425e+03
5.915736123713865709e+03
5.915740096676021494e+03
5.915741890372716625e+03
5.207646034816697238e+02
5.207680625911560810e+02
5.207682676863065581e+02
5.207660591318045817e+02
5.207675862665172417e+02
5.207668184427760707e+02
5.207684109998651820e+02
5.207670489059123611e+02
5.207649705074464919e+02
5.207618277118895094e+02
5.207632973942091894e+02
5.207646033383787199e+02
1.892651393153516892e+02
1.892670880601333465e+02
1.892670994916312850e+02
1.892659649404673985e+02
1.892662984802666415e+02
1.892660270630890409e+02
1.892674146869896106e+02
1.892665959052631308e+02
1.892653619139872490e+02
1.892633640510853752e+02
1.892643218617462537e+02
1.892651394770997797e+02
1.951335761963122479e+02
1.951487638104263453e+02
1.951484503558750134e+02
1.951404532153908065e+02
1.951375452536810258e+02
1.951369298146481697e+02
1.951354327830534316e+02
1.951345498044562419e+02
1.951336565771168807e+02
1.951332238797719469e+02
1.951334910916227159e+02
1.951335793060511037e+02
1.260724359720103820e+02
1.260808198328832503e+02
1.260806788356483565e+02
1.260762019528122835e+02
1.260749677473558990e+02
1.260745301704062058e+02
1.260745038541398060e+02
1.260736498776534376e+02
1.260725881511748696e+02
1.260713604382078472e+02
1.260719836780166219e+02
1.260724375887565287e+02
3.730224250139767150e+01
3.729933208943122480e+01
3.729948029922612562e+01
3.730079766523166285e+01
3.730114551321224781e+01
3.730140977133205382e+01
3.730150177878741147e+01
3.730183794795139818e+01
3.730219602307790439e+01
3.730251221983908749e+01
3.730231231122451874e+01
3.730224299235202778e+01
3.065364219785084998e+01
3.065341092838023584e+01
3.065348720100489999e+01
3.065343841073985587e+01
3.065355922177551307e+01
3.065362256836783672e+01
3.065350276268405239e+01
3.065357267762403737e+01
3.065363188006818973e+01
3.065366918452919620e+01
3.065363128007455984e+01
3.065364309870359349e+01
3.045602645817519516e+01
3.045594020376364952e+01
3.045600080910540086e+01
3.045589457556594226e+01
3.045600781465769913e+01
3.045605855444033239e+01
3.045592922945432690e+01
3.045598117577383945e+01
3.045601870478964202e+01
3.045603104934967575e+01
3.045600840922988795e+01
3.045602738481321836e+01
2.995956855208230962e+01
2.995973305083866833e+01
2.995973830507325886e+01
2.995957149078867943e+01
2.995966114001799241e+01
2.995968883453491927e+01
2.995954643985141530e+01
2.995956569868411634e+01
2.995956492496019052e+01
2.995953621317362447e+01
2.995954016581416113e+01
2.995956951494544640e+01
2.944345098586353870e+01
2.944375343263855882e+01
2.944368891618815809e+01
2.944354249898882259e+01
2.944359761978090972e+01
2.944361143413927095e+01
2.944347590978071949e+01
2.944347360754611032e+01
2.944344958206248108e+01
2.944340145637087502e+01
2.944341928715250845e+01
2.944345194671041455e+01
2.883988645022099817e+01
2.884022783952009306e+01
2.884008270312919819e+01
2.884002524167802051e+01
2.884003216742159736e+01
2.884004051904299359e+01
2.883993574934867254e+01
2.883991979954195983e+01
2.883988534793486380e+01
2.883984217960189866e+01
2.883986016731992308e+01
2.883988738123171558e+01
2.903720812645318716e+01
2.903823663770432617e+01
2.903818298388773655e+01
2.903762365760763231e+01
2.903765156604142206e+01
2.903759564943582916e+01
2.903740108227401606e+01
2.903730437672136588e+01
2.903720586675319382e+01
2.903719671120989787e+01
2.903721555530517406e+01
2.903720945515306795e+01
2.845054941902318291e+01
2.845119925566802621e+01
2.845109520228250588e+01
2.845081244342744498e+01
2.845082880216821763e+01
2.845080827858360095e+01
2.845066312889500182e+01
2.845061094195183671e+01
2.845054778820384556e+01
2.845051996071996570e+01
2.845053832746487643e+01
2.845055052863249401e+01
2.797556106967052614e+01
2.797589343872951062e+01
2.797579180497547569e+01
2.797567861405502754e+01
2.797568121134774799e+01
2.797569053403730877e+01
2.797562936041086701e+01
2.797559645651856286e+01
2.797555664830008837e+01
2.797555513037731600e+01
2.797555829579583175e+01
2.797556213000554237e+01
2.780145288108415613e+01
2.780146708736499406e+01
2.780140867465908272e+01
2.780140969800835649e+01
2.780142595283718521e+01
2.780146489446837066e+01
2.780147050575698131e+01
2.780145994675887522e+01
2.780144550124288827e+01
2.780146834708142478e+01
2.780145700127621566e+01
2.780145392252185843e+01
2.778563399804139777e+01
2.778559893704560935e+01
2.778555516978034845e+01
2.778556305923539682e+01
2.778558719985755587e+01
2.778563066825262240e+01
2.778564373675720134e+01
2.778563692396821239e+01
2.778562620205448397e+01
2.778565111317423941e+01
2.778563848404308700e+01
2.778563504388440109e+01
2.776061233849592824e+01
2.776053795564846638e+01
2.776050873375319128e+01
2.776051811267945268e+01
2.776054442006484990e+01
2.776059319102554923e+01
2.776061047084253275e+01
2.776060886983975706e+01
2.776060374698698041e+01
2.776063350391502382e+01
2.776061830779882555e+01
2.776061339275921824e+01
2.770540198259202214e+01
2.770529669172840315e+01
2.770528212595345607e+01
2.770528820011704241e+01
2.770530789960864837e+01
2.770536339675033943e+01
2.770538475082150853e+01
2.770538994910687336e+01
2.770539224949856916e+01
2.770542897069569221e+01
2.770541027549808177e+01
2.770540304941966880e+01
2.764063332192563749e+01
2.764064347932884047e+01
2.764066149296880681e+01
2.764055742396075033e+01
2.764044879922811404e+01
2.764052861159966312e+01
2.764056920070533963e+01
2.764059343481167375e+01
2.764062027991746717e+01
2.764069157712602376e+01
2.764065196272862934e+01
2.764063440676621042e+01
2.736778445264249982e+01
2.736755742661938839e+01
2.736761482193212913e+01
2.736758892681946520e+01
2.736758073973927452e+01
2.736765947261607934e+01
2.736765873784557357e+01
2.736770985774037257e+01
2.736776617457167404e+01
2.736786635132145662e+01
2.736781460228108998e+01
2.736778558879386125e+01
2.699528212382177372e+01
2.699506691323496099e+01
2.699509987384778498e+01
2.699510255194918784e+01
2.699511778866995826e+01
2.699518233771867415e+01
2.699518019182556117e+01
2.699522170982771030e+01
2.699526563951636859e+01
2.699534819710336819e+01
2.699530666796060530e+01
2.699528325113822902e+01
2.514230980374381019e+01
2.514213810333487231e+01
2.514214374183763212e+01
2.514217243181671435e+01
2.514235581940734576e+01
2.514233084899176518e+01
2.514224549358761962e+01
2.514227332081318522e+01
2.514229669075471207e+01
2.514234188356248367e+01
2.514232123816890052e+01
2.514231094672404865e+01
2.545945251060318881e+01
2.545923905157012612e+01
2.545923881390912058e+01
2.545930997785941940e+01
2.545939253784857925e+01
2.545937903864938789e+01
2.545956430174388174e+01
2.545953121851533396e+01
2.545945700818645463e+01
2.545930785723204437e+01
2.545939210256462104e+01
2.545945365510007363e+01
2.479532726258446118e+01
2.479513916926741857e+01
2.479514236227731772e+01
2.479518821995544187e+01
2.479532918216125381e+01
2.479530896650660665e+01
2.479533680363358883e+01
2.479533910658799556e+01
2.479532152179736570e+01
2.479528540764701461e+01
2.479530863240417560e+01
2.479532840664849047e+01
2.704447224729798549e+01
2.704363916615568186e+01
2.704354522622184476e+01
2.704408689418455225e+01
2.704415981950119630e+01
2.704420107353483615e+01
2.704428399098316405e+01
2.704439357997939553e+01
2.704446612279999584e+01
2.704440856742487043e+01
2.704441844726277822e+01
2.704447293718346046e+01
2.472390462495369690e+01
2.472362041210149997e+01
2.472360908174483640e+01
2.472372886837490924e+01
2.472385963609985993e+01
2.472384859322361450e+01
2.472388453624074955e+01
2.472390287749571414e+01
2.472389881374928677e+01
2.472385961518012820e+01
2.472388082102974138e+01
2.472390570136213128e+01
2.444948616973585231e+01
2.444953886156263323e+01
2.444955150023974255e+01
2.444945659765898327e+01
2.444955117217199358e+01
2.444951552120621585e+01
2.444949176852351158e+01
2.444949820964103537e+01
2.444948144322332340e+01
2.444943419564749476e+01
2.444946032572494943e+01
2.444948732265713787e+01
2.435640968873101642e+01
2.435651101624807069e+01
2.435655176015366408e+01
2.435639271890426016e+01
2.435647097686602436e+01
2.435643665088728227e+01
2.435640431398608996e+01
2.435641504878215358e+01
2.435640399352337582e+01
2.435636596367648110e+01
2.435638681570879527e+01
2.435641087086071366e+01
2.418891124151327432e+01
2.418888477676028970e+01
2.418896544453987119e+01
2.418882443092030954e+01
2.418891301891279610e+01
2.418888864277746720e+01
2.418886739914498563e+01
2.418889392394184767e+01
2.418890271306685236e+01
2.418889105206199375e+01
2.418889695441060184e+01
2.418891243719210493e+01
2.382988812050774996e+01
2.382997821908784175e+01
2.383009663712053339e+01
2.382984653787720575e+01
2.382987715585111133e+01
2.382986226888039738e+01
2.382983131873184846e+01
2.382986182205186765e+01
2.382987800015715507e+01
2.382988441229493759e+01
2.382988031501075454e+01
2.382988936509361011e+01
2.317672168164608593e+01
2.317668026438056472e+01
2.317682363219974562e+01
2.317662530265711140e+01
2.317665146014752153e+01
2.317665302677491823e+01
2.317664025715210485e+01
2.317667925352673208e+01
2.317670921677397189e+01
2.317674286496492897e+01
2.317672377427061647e+01
2.317672293367257907e+01
2.241214836668706667e+01
2.241220763283080331e+01
2.241228962094211496e+01
2.241214021833822301e+01
2.241207941315033381e+01
2.241209492094569811e+01
2.241209110019210371e+01
2.241211582882358400e+01
2.241213605897571526e+01
2.241218086198712101e+01
2.241215731952316403e+01
2.241214960214219687e+01
2.358427520378669939e+01
2.358334242997673869e+01
2.358349374021366884e+01
2.358381405495165595e+01
2.358422341567319336e+01
2.358421301252980484e+01
2.358416134793182906e+01
2.358421499927419518e+01
2.358425915642644100e+01
2.358430000314156061e+01
2.358428446344592189e+01
2.358427645162712949e+01
2.235847164625155514e+01
2.235835968810287966e+01
2.235845362038134709e+01
2.235838527146867705e+01
2.235840587044271288e+01
2.235841685227194020e+01
2.235840454524106136e+01
2.235843427826120333e+01
2.235845867807502785e+01
2.235850293306279468e+01
2.235848072044662871e+01
2.235847288411741118e+01
2.219620535915995418e+01
2.219618775148425982e+01
2.219621807862120733e+01
2.219618802435946847e+01
2.219617314955333143e+01
2.219618038085569367e+01
2.219617359079390440e+01
2.219618722833970637e+01
2.219619457987920796e+01
2.219622488399534177e+01
2.219621089383117507e+01
2.219620656088278210e+01
2.216075202325827931e+01
2.216077148394819574e+01
2.216077082234506079e+01
2.216076277337274547e+01
2.216075286131751554e+01
2.216075180716013904e+01
2.216074622548158857e+01
2.216074890736409841e+01
2.216074324665623507e+01
2.216075788970180938e+01
2.216075237717326374e+01
2.216075320187524511e+01
2.215727584143208873e+01
2.215728769259196795e+01
2.215728532649942295e+01
2.215728366258408499e+01
2.215727974554820534e+01
2.215727732885090973e+01
2.215727492022861966e+01
2.215727575088700974e+01
2.215726755365498946e+01
2.215727801419456000e+01
2.215727459148851253e+01
2.215727701527362115e+01
2.215452583107988360e+01
2.215452793998795755e+01
2.215452660438546673e+01
2.215452883006563667e+01
2.215452951359399947e+01
2.215452693531659278e+01
2.215452861059721101e+01
2.215452802733484461e+01
2.215451790848073088e+01
2.215452525641789805e+01
2.215452338850001723e+01
2.215452700268014397e+01
2.215253711432779937e+01
2.215250096626483511e+01
2.215249921457538562e+01
2.215252271651200289e+01
2.215252329843970358e+01
2.215252532718896461e+01
2.215253812243469866e+01
2.215253885963804592e+01
2.215252941741783843e+01
2.215253437739769993e+01
2.215253324030673099e+01
2.215253827281635424e+01
2.215023783909005317e+01
2.215022024549493906e+01
2.215022121784225462e+01
2.215023101484976564e+01
2.215023425661599887e+01
2.215023421822334626e+01
2.215024474119322662e+01
2.215024285009116767e+01
2.215023046885225710e+01
2.215023274825660238e+01
2.215023324694418605e+01
2.215023900454061945e+01
2.214832741018748408e+01
2.214832625519827758e+01
2.214832998022642130e+01
2.214832713555840726e+01
2.214833014833160263e+01
2.214832940701107233e+01
2.214833779084182908e+01
2.214833429557216959e+01
2.214832019255608841e+01
2.214832121476677784e+01
2.214832255993407628e+01
2.214832858195496357e+01
2.214669189905336211e+01
2.214670128187063369e+01
2.214670638129593883e+01
2.214669584426425786e+01
2.214669720429856881e+01
2.214669670819146319e+01
2.214670342098201061e+01
2.214669932928366336e+01
2.214668468659893819e+01
2.214668572451372697e+01
2.214668717931484920e+01
2.214669307443061541e+01
2.214399990109455629e+01
2.214401653416930671e+01
2.214402260218369989e+01
2.214400664425633991e+01
2.214400598453591940e+01
2.214400621333416908e+01
2.214401038028089985e+01
2.214400646763347424e+01
2.214399247840601248e+01
2.214399575912954887e+01
2.214399616032694240e+01
2.214400107966288545e+01
2.213802819313063708e+01
2.213804955067065094e+01
2.213805507650293336e+01
2.213803692416407998e+01
2.213803570981109914e+01
2.213803683186482019e+01
2.213803637930201873e+01
2.213803288027694904e+01
2.213802036784291261e+01
2.213802850500615804e+01
2.213802649841085923e+01
2.213802937327892550e+01
2.212967148871686973e+01
2.212966101290928478e+01
2.212967167817778957e+01
2.212966461544098706e+01
2.212967733245861623e+01
2.212967833266237960e+01
2.212966862537560075e+01
2.212966881496316773e+01
2.212966239819867198e+01
2.212968310919710646e+01
2.212967487323620830e+01
2.212967267587202258e+01
2.212945648896463879e+01
2.212954237347377884e+01
2.212952951961395343e+01
2.212950001538869316e+01
2.212947024665480100e+01
2.212947366399965432e+01
2.212946139024696990e+01
2.212945633152111569e+01
2.212944744827076349e+01
2.212947658737868295e+01
2.212946352444440379e+01
2.212945766027143790e+01
2.212027416191031648e+01
2.212031161503931642e+01
2.212031059007654221e+01
2.212029235310705388e+01
2.212028394947418519e+01
2.212028614917376146e+01
2.212027515619699258e+01
2.212027273737759359e+01
2.212026509553744091e+01
2.212029000272972823e+01
2.212027936410924411e+01
2.212027534120951344e+01
2.211188774678992885e+01
2.211189761969835388e+01
2.211189745921046423e+01
2.211189365324434775e+01
2.211188976173686171e+01
2.211189269192178486e+01
2.211188568794873532e+01
2.211188463535560800e+01
2.211187855334694419e+01
2.211190485612858581e+01
2.211189326209826334e+01
2.211188892106823189e+01
2.209503760782910931e+01
2.209499773987698035e+01
2.209499802086388343e+01
2.209502229520609973e+01
2.209502124880038210e+01
2.209502622406463601e+01
2.209503076214722128e+01
2.209503206406528619e+01
2.209502837488929927e+01
2.209505565920780867e+01
2.209504290619088707e+01
2.209503876915136544e+01
2.208147697863429215e+01
2.208142225153082094e+01
2.208142325114043558e+01
2.208145590421219850e+01
2.208145325526486502e+01
2.208145934373168018e+01
2.208147043338281890e+01
2.208147174380827238e+01
2.208146791070691251e+01
2.208149430640252575e+01
2.208148171432337037e+01
2.208147813492430700e+01
2.204346109754674998e+01
2.204344969077397920e+01
2.204344166984524733e+01
2.204346705029856679e+01
2.204344629732710459e+01
2.204344903247790910e+01
2.204346015664516756e+01
2.204345872950181828e+01
2.204345236349370651e+01
2.204347793352733120e+01
2.204346567631393938e+01
2.204346225171592266e+01
2.227467811599237280e+01
2.227421450712327911e+01
2.227421606990680658e+01
2.227448792457012772e+01
2.227445446977197818e+01
2.227451369402273684e+01
2.227464733210056735e+01
2.227466339490782588e+01
2.227467062580189605e+01
2.227468523422762914e+01
2.227467287035819865e+01
2.227467913410401223e+01
2.201551597477277511e+01
2.201539314801483727e+01
2.201538744867481512e+01
2.201547359805010018e+01
2.201544966557864313e+01
2.201546633120261731e+01
2.201550770724828965e+01
2.201551057826901570e+01
2.201550755018408267e+01
2.201553039824759850e+01
2.201551812592315116e+01
2.201551709539781498e+01
2.197529721481415166e+01
2.197524342599059111e+01
2.197523069193387002e+01
2.197529083016941343e+01
2.197525200145593161e+01
2.197526609559827548e+01
2.197529919313893743e+01
2.197529731709004963e+01
2.197528928956159433e+01
2.197530863437316029e+01
2.197529862609319196e+01
2.197529834203728072e+01
2.193190859645131852e+01
2.193196117512749055e+01
2.193193488387061763e+01
2.193195760630751323e+01
2.193189766721577882e+01
2.193190916017811531e+01
2.193192545094510137e+01
2.193191681113460589e+01
2.193190139576178410e+01
2.193191473173545347e+01
2.193190864457467271e+01
2.193190973134129607e+01
2.191951748445105608e+01
2.191957055393688591e+01
2.191953797227650469e+01
2.191956910156262239e+01
2.191950759667860638e+01
2.191951956310601091e+01
2.191953212474567181e+01
2.191952453144285684e+01
2.191951016830719823e+01
2.191952408471829017e+01
2.191951767077644675e+01
2.191951861302388238e+01
2.207550146233601396e+01
2.207576798470098467e+01
2.207576435204719090e+01
2.207564421036724767e+01
2.207571844316681009e+01
2.207568899719867872e+01
2.207559770468975557e+01
2.207555370323217048e+01
2.207549889480561589e+01
2.207547619621804103e+01
2.207549151198015736e+01
2.207550264800602946e+01
2.185964911386656695e+01
2.185977604498101812e+01
2.185975342918197839e+01
2.185973228348111519e+01
2.185971751399303642e+01
2.185971521004941565e+01
2.185969192803219485e+01
2.185967176292022174e+01
2.185964343655692943e+01
2.185964471667607967e+01
2.185964580345236286e+01
2.185965026216182849e+01
2.177852318821464905e+01
2.177854670067541676e+01
2.177851842013793160e+01
2.177856241479507915e+01
2.177857555397224942e+01
2.177857466041853485e+01
2.177853115437718401e+01
2.177852540991021257e+01
2.177851500167868082e+01
2.177853899354268208e+01
2.177852747884610451e+01
2.177852431142174083e+01
2.170734864790601648e+01
2.170728409072880893e+01
2.170725432108580222e+01
2.170734805081133700e+01
2.170738506800713807e+01
2.170738550320093552e+01
2.170732293925106760e+01
2.170733076886746105e+01
2.170733804244541076e+01
2.170738663261206369e+01
2.170736104847281922e+01
2.170734974456625110e+01
2.163983125691207121e+01
2.163978975328924292e+01
2.163974886121730279e+01
2.163984304262052660e+01
2.163986271832052566e+01
2.163986554499831172e+01
2.163979188991648073e+01
2.163980476150380383e+01
2.163981979288681856e+01
2.163988200377617588e+01
2.163984775269419458e+01
2.163983232447431604e+01
2.176714793209431775e+01
2.176665672906262827e+01
2.176668487687044973e+01
2.176694357009862557e+01
2.176713550318551427e+01
2.176712436751091317e+01
2.176697821442250813e+01
2.176704528793603899e+01
2.176712725306067853e+01
2.176727285863342942e+01
2.176719179963165018e+01
2.176714896759451889e+01
2.152461755104882712e+01
2.152439387478777277e+01
2.152438103340489661e+01
2.152454173344240473e+01
2.152463152655426626e+01
2.152462858490850550e+01
2.152452520029922312e+01
2.152456009625713307e+01
2.152460233693810210e+01
2.152469851015879598e+01
2.152464520109054291e+01
2.152461860575240493e+01
2.123380977805965486e+01
2.123363310199674814e+01
2.123361910750388049e+01
2.123375294506130828e+01
2.123381688717951477e+01
2.123381713698169904e+01
2.123370647367613984e+01
2.123374650305609990e+01
2.123379441528809508e+01
2.123389494080831952e+01
2.123383742791851603e+01
2.123381080399138199e+01
1.970112381942544744e+01
1.970116899092496254e+01
1.970116688959294038e+01
1.970115272281267949e+01
1.970111187768670646e+01
1.970111944259490500e+01
1.970099016758199539e+01
1.970105129005722944e+01
1.970111166314082141e+01
1.970118290373027392e+01
1.970113081935852506e+01
1.970112468676171957e+01
1.901545821945011028e+01
1.901543496500591957e+01
1.901544855059955808e+01
1.901545093340420678e+01
1.901541832410278943e+01
1.901542843990975484e+01
1.901533765223528505e+01
1.901540224816171687e+01
1.901545154995981690e+01
1.901545935072625682e+01
1.901543605100667023e+01
1.901545898287322700e+01
3.342904972214263637e+01
3.343259324170004021e+01
3.343227835770021983e+01
3.343077074123338122e+01
3.343036535141784782e+01
3.343003102153566886e+01
3.342935178867004709e+01
3.342922499328687280e+01
3.342906351345065019e+01
3.342889045216942634e+01
3.342898646326604961e+01
3.342905092055773508e+01
1.895802055361382088e+01
1.895820920620311156e+01
1.895820351000060455e+01
1.895811589656763374e+01
1.895806146149431726e+01
1.895805091594431246e+01
1.895792488187817071e+01
1.895797817010206288e+01
1.895801506053104646e+01
1.895801253228941619e+01
1.895799614181248316e+01
1.895802134335057332e+01
1.869612705701912958e+01
1.869616485161143871e+01
1.869618193600792111e+01
1.869614987101882164e+01
1.869615165575848437e+01
1.869613859658453592e+01
1.869606206598047038e+01
1.869610880348884407e+01
1.869612644657862788e+01
1.869606395264242593e+01
1.869607850196861065e+01
1.869612781348534369e+01
1.856066745105190918e+01
1.856065722775299776e+01
1.856067394954141037e+01
1.856067172587143688e+01
1.856068840966457856e+01
1.856067502380976109e+01
1.856061249547933656e+01
1.856065603236617179e+01
1.856066789282834506e+01
1.856059204812262564e+01
1.856061419978149729e+01
1.856066820279306739e+01
1.796618538247241759e+01
1.796601833415014227e+01
1.796600905019737482e+01
1.796614050221774050e+01
1.796618808357345287e+01
1.796617665808964048e+01
1.796616153481079436e+01
1.796619431490051966e+01
1.796618889825841947e+01
1.796607635409910841e+01
1.796611987437657021e+01
1.796618608988966770e+01
1.726095291382270247e+01
1.726080152643959309e+01
1.726076148557249468e+01
1.726094054936491773e+01
1.726098708657336189e+01
1.726097464608659848e+01
1.726097344100979569e+01
1.726098719131496395e+01
1.726095972822758995e+01
1.726082019553070168e+01
1.726087955374797289e+01
1.726095356868625430e+01
8.941046712309530164e+01
8.940528586071378925e+01
8.940423406522955929e+01
8.940850539293411714e+01
8.940857790897692325e+01
8.940889441594192988e+01
8.940947292761292431e+01
8.940997934221330468e+01
8.941043374769517982e+01
8.941046985627203014e+01
8.941041396556752829e+01
8.941046555640268423e+01
1.700419896161317723e+01
1.700377548129792515e+01
1.700368104931674651e+01
1.700408171043423167e+01
1.700412803560249841e+01
1.700413360292311893e+01
1.700415863881369560e+01
1.700420088813907427e+01
1.700420283930537835e+01
1.700408032064881780e+01
1.700412969990836487e+01
1.700419950243233913e+01
1.597875143961738509e+01
1.597848980734409174e+01
1.597833962186791368e+01
1.597873994381834528e+01
1.597872373305774829e+01
1.597873400063171268e+01
1.597873268969863148e+01
1.597876244529952316e+01
1.597875631786311956e+01
1.597864179976597221e+01
1.597868696984672177e+01
1.597875187854187473e+01
1.461626880818050900e+01
1.461634401028161179e+01
1.461613699082787399e+01
1.461643069212779444e+01
1.461627371986759094e+01
1.461629959637877185e+01
1.461626049097382563e+01
1.461628126815545059e+01
1.461627353573761923e+01
1.461618213523276566e+01
1.461621455441184381e+01
1.461626913845181619e+01
1.304209917460028656e+01
1.304240012302122587e+01
1.304217951068781822e+01
1.304236320537133764e+01
1.304212653386673360e+01
1.304216374817310609e+01
1.304201830899797443e+01
1.304206247993902146e+01
1.304209655640784860e+01
1.304209745294369860e+01
1.304208006700066846e+01
1.304209940197565665e+01
1.118802935897876338e+01
1.118864483783771568e+01
1.118843754142760005e+01
1.118841138975234983e+01
1.118806414824002360e+01
1.118811834297384245e+01
1.118793319067751924e+01
1.118798139921830348e+01
1.118802514190424091e+01
1.118805081738383223e+01
1.118802052132169322e+01
1.118802950767399018e+01
8.591697730670123434e+00
8.592099704653913150e+00
8.592028183527375518e+00
8.591917747089262036e+00
8.591747114264604690e+00
8.591788812696515620e+00
8.591456433143921601e+00
8.591562449991236861e+00
8.591681409274523062e+00
8.591819749542882079e+00
8.591731064960541175e+00
8.591697813304600473e+00
1.715057403768877720e+01
1.715393017850212942e+01
1.715368988179991661e+01
1.715215320638050400e+01
1.715172061558513406e+01
1.715148346000844981e+01
1.715084906597109793e+01
1.715073798582908893e+01
1.715059299144656180e+01
1.715038048288491268e+01
1.715049904150481197e+01
1.715057437258755968e+01
8.170050747639955091e+00
8.170984376030329344e+00
8.170883344936830994e+00
8.170514793757902794e+00
8.170297430926680704e+00
8.170288885614942487e+00
8.169898529129557829e+00
8.169966924857462232e+00
8.170040264467015589e+00
8.170120809959190211e+00
8.170066699001477417e+00
8.170050880569105445e+00
6.460496341389623254e+00
6.460847341572050873e+00
6.460878537954946488e+00
6.460645246273810649e+00
6.460654180718599982e+00
6.460648383347854740e+00
6.460289271696957769e+00
6.460386406854760288e+00
6.460484143752315944e+00
6.460558664623487601e+00
6.460508454346345353e+00
6.460496417676763414e+00
5.598809258338701689e+00
5.598669624487343732e+00
5.598808285050083100e+00
5.598700139590119917e+00
5.598889507582655689e+00
5.598885661308032446e+00
5.598619919604849393e+00
5.598716093350989631e+00
5.598800921783921858e+00
5.598815702944210493e+00
5.598798786352911172e+00
5.598809335207516114e+00
5.327940612866319370e+00
5.327702335049313120e+00
5.327861365519597214e+00
5.327781564563681904e+00
5.327997464231064129e+00
5.327994738540194675e+00
5.327773404194174667e+00
5.327861685209936304e+00
5.327934374129209338e+00
5.327924167804665601e+00
5.327921183479201517e+00
5.327940715273687289e+00
4.487685699065906419e+00
4.487346145027968802e+00
4.487519951598241796e+00
4.487478585142807397e+00
4.487693468519481144e+00
4.487695740560761593e+00
4.487569833398426411e+00
4.487637586637472253e+00
4.487683591411030015e+00
4.487631287729570317e+00
4.487652092432246498e+00
4.487685834114600425e+00
2.711173797090479898e+00
2.710989463952436562e+00
2.711172826556336624e+00
2.711035178705891280e+00
2.711184869218786098e+00
2.711184639758718706e+00
2.711173228576546634e+00
2.711187324908662877e+00
2.711178176507562654e+00
2.711084886341587286e+00
2.711130982499040165e+00
2.711173975161793148e+00
1.235479992618431844e+01
1.235335184515614593e+01
1.235301928902520174e+01
1.235427380846700274e+01
1.235393432200294761e+01
1.235412131343097464e+01
1.235486577563298383e+01
1.235487938784638295e+01
1.235482928116894996e+01
1.235448119694645364e+01
1.235465133702214402e+01
1.235479884184616139e+01
2.226216672434459198e+00
2.225809266357686056e+00
2.225901031469169400e+00
2.226010011361054808e+00
2.226071125855458188e+00
2.226104480119253104e+00
2.226225361112616596e+00
2.226240351012372276e+00
2.226225137578146107e+00
2.226090401633513682e+00
2.226156397127626363e+00
2.226216631633749721e+00
9.681453623004827591e-01
9.680845005296472294e-01
9.681441573202360651e-01
9.681083695266846645e-01
9.680850206144171466e-01
9.681044564043654876e-01
9.682238609324863576e-01
9.681996691966123780e-01
9.681554939104412005e-01
9.680427574397229007e-01
9.680995434794378296e-01
9.681452778799017889e-01
4.792543409998882842e-01
4.793706423626828972e-01
4.793834869670574039e-01
4.793128045128710601e-01
4.792451255866423399e-01
4.792537348773879824e-01
4.793145425255703751e-01
4.792924674353791215e-01
4.792611620110716064e-01
4.792000268654042494e-01
4.792295096807028809e-01
4.792541883283643611e-01
3.254856746205172513e-01
3.255507623804870798e-01
3.255381708009991160e-01
3.255286313084585492e-01
3.254890235510912166e-01
3.254863616821276340e-01
3.254985275871508654e-01
3.254948439245325398e-01
3.254882277292232562e-01
3.254693406885968421e-01
3.254762447653520852e-01
3.254854978059507631e-01
3.042924072563241156e-01
3.043285403083529905e-01
3.043210408434102732e-01
3.043191157071583053e-01
3.042942881614071893e-01
3.042914718772191107e-01
3.042903017328847937e-01
3.042931866538481356e-01
3.042940445586055365e-01
3.042828577422738157e-01
3.042855118480660703e-01
3.042922051876117973e-01
3.965132974152582590e-01
3.961654892588802324e-01
3.961865288826766363e-01
3.963583515721172956e-01
3.963984064105452454e-01
3.964203246066103081e-01
3.964406422165983046e-01
3.964741568764544311e-01
3.965102212890415645e-01
3.965395914667270150e-01
3.965189646369001730e-01
3.965130661383945987e-01
3.020586817496445087e-01
3.020435619606279820e-01
3.020398736702085696e-01
3.020611393323822669e-01
3.020449757528052559e-01
3.020454598943787539e-01
3.020471492024138227e-01
3.020541271913679826e-01
3.020596886920711155e-01
3.020539281423647582e-01
3.020534678840948173e-01
3.020584757917001983e-01
2.962312090713060120e-01
2.962038168917457415e-01
2.962034758818619662e-01
2.962264454395505675e-01
2.962164009008905197e-01
2.962166618331584789e-01
2.962171758023571799e-01
2.962254395428236542e-01
2.962321115603541721e-01
2.962262312844839984e-01
2.962258829724180309e-01
2.962310014670006542e-01
2.739664130484814053e-01
2.739103926207717143e-01
2.739143348985205728e-01
2.739457345198865745e-01
2.739536291698378978e-01
2.739520553525600088e-01
2.739459058467097474e-01
2.739573841449136071e-01
2.739668976449241011e-01
2.739614655107628360e-01
2.739612301880177125e-01
2.739662086833760668e-01
2.425113839577534014e-01
2.424316357355217333e-01
2.424415649246564330e-01
2.424761291740899494e-01
2.425022115189376104e-01
2.424987222125775388e-01
2.424908659337668970e-01
2.425024643994750928e-01
2.425116834231771934e-01
2.425049009094426555e-01
2.425061715707051979e-01
2.425111936251920508e-01
2.147748577420587890e-01
2.147395451625235818e-01
2.147315126615423897e-01
2.147626820125827229e-01
2.147694474424857447e-01
2.147692834943593920e-01
2.147430027242948070e-01
2.147583916660881775e-01
2.147733905453365899e-01
2.147808821336204543e-01
2.147756330650154033e-01
2.147746988526232637e-01
2.185799356746352951e-01
2.184848106438559978e-01
2.185094176616092787e-01
2.185268089942993819e-01
2.185975904974938044e-01
2.185891212284711560e-01
2.185978251287617191e-01
2.185914504111876322e-01
2.185813014541080623e-01
2.185596301817063214e-01
2.185731219499471301e-01
2.185798284570470429e-01
1.823482918806414443e-01
1.822839105617676259e-01
1.822917622526393500e-01
1.823162051355053104e-01
1.823541085961958852e-01
1.823499031189693698e-01
1.823406166171491483e-01
1.823454259819975443e-01
1.823482001737524172e-01
1.823415329662060047e-01
1.823453871156842654e-01
1.823481581553691444e-01
1.667873633941358014e-01
1.667769777488484761e-01
1.667944214481786869e-01
1.667767662316236021e-01
1.667981987118596909e-01
1.667942923808944100e-01
1.667794830946161544e-01
1.667830442524406431e-01
1.667866937959517903e-01
1.667900899687051186e-01
1.667885020293568277e-01
1.667872481111686289e-01
1.594681334015505270e-01
1.594607838384219656e-01
1.594699120663911895e-01
1.594621383237457002e-01
1.594691146484248090e-01
1.594682286355969814e-01
1.594641786401932715e-01
1.594660706878590906e-01
1.594678147504743071e-01
1.594687773346867288e-01
1.594683835831544327e-01
1.594680111525904609e-01
1.620063128252413331e-01
1.620278330215821350e-01
1.620198852775623644e-01
1.620195130962915064e-01
1.620244521962417306e-01
1.620213611648531893e-01
1.620111606382986236e-01
1.620082814297009177e-01
1.620062087149379548e-01
1.620087630077312602e-01
1.620079705400838121e-01
1.620061793202098588e-01
1.575487561676284787e-01
1.575528665689644170e-01
1.575552219933537279e-01
1.575503785910387922e-01
1.575565457341003006e-01
1.575547847469536411e-01
1.575482935527384165e-01
1.575482927008034495e-01
1.575485226019846530e-01
1.575501166918510110e-01
1.575495648612504351e-01
1.575486294575415280e-01
1.567590101022984794e-01
1.567593534694349811e-01
1.567586637725727483e-01
1.567601782250098164e-01
1.567589615295957584e-01
1.567589316666062604e-01
1.567592720145994378e-01
1.567590636376569591e-01
1.567589335462577227e-01
1.567593969844510993e-01
1.567592993971178850e-01
1.567588773854226014e-01
1.567196894446829525e-01
1.567203887355471392e-01
1.567200843476967975e-01
1.567208175221066757e-01
1.567198873927660718e-01
1.567198592914173516e-01
1.567196841643040128e-01
1.567195808149961234e-01
1.567195857497145906e-01
1.567202745209762549e-01
1.567200662461862570e-01
1.567195569573920921e-01
1.566856872252682387e-01
1.566815468169413528e-01
1.566819325215577097e-01
1.566843611739024977e-01
1.566846460158292376e-01
1.566849337924939578e-01
1.566847378070735375e-01
1.566850531020332060e-01
1.566855280285098795e-01
1.566866989087721818e-01
1.566862035465331482e-01
1.566855539012784737e-01
1.566278006829488201e-01
1.566273067985178569e-01
1.566277247956391061e-01
1.566280338048908205e-01
1.566277184208991757e-01
1.566279078400332481e-01
1.566274672895346387e-01
1.566275281952363152e-01
1.566276944104133539e-01
1.566284194623288606e-01
1.566281618515594221e-01
1.566276669519348907e-01
1.565780735333285045e-01
1.565783783068853408e-01
1.565786092061091372e-01
1.565787061872316865e-01
1.565776814647456550e-01
1.565780049129161244e-01
1.565781035081994788e-01
1.565780328811686162e-01
1.565780153053170920e-01
1.565783535443968644e-01
1.565782770619598974e-01
1.565779387230830932e-01
1.565143314378345807e-01
1.565149202322896616e-01
1.565148477658085679e-01
1.565151934536538891e-01
1.565135491182483574e-01
1.565140193671416546e-01
1.565149268764437218e-01
1.565146523642183263e-01
1.565143455607560796e-01
1.565140809910738895e-01
1.565142866619966822e-01
1.565141954515961997e-01
1.564361749623798814e-01
1.564372807298735901e-01
1.564370208613457547e-01
1.564373071542296545e-01
1.564354271489295789e-01
1.564359327289812640e-01
1.564372625111022652e-01
1.564368046737690532e-01
1.564362443668921299e-01
1.564354996028655409e-01
1.564359343947431813e-01
1.564360386579421724e-01
1.562590885672975327e-01
1.562583898677606664e-01
1.562577141002293724e-01
1.562594208816373287e-01
1.562570406563485170e-01
1.562578132673107800e-01
1.562601060694835120e-01
1.562597243298508021e-01
1.562591903819022798e-01
1.562581955408116341e-01
1.562586944182010606e-01
1.562589511036645007e-01
1.560924718264176392e-01
1.560937627833367536e-01
1.560932293650674207e-01
1.560934964555242832e-01
1.560912736688650493e-01
1.560918336853886479e-01
1.560934562330309749e-01
1.560930687359695646e-01
1.560925626928070520e-01
1.560917659871995655e-01
1.560921325865585185e-01
1.560923355543761271e-01
1.560173529049254937e-01
1.560116640695755896e-01
1.560107794068913978e-01
1.560150487314640178e-01
1.560163866541445232e-01
1.560164606379779439e-01
1.560178924840287529e-01
1.560178014917764644e-01
1.560174512551640580e-01
1.560161413855166435e-01
1.560167880297315679e-01
1.560172159701302963e-01
1.559322289686097540e-01
1.559322094747684351e-01
1.559317614036013488e-01
1.559324015611140701e-01
1.559322985768106795e-01
1.559323397996926208e-01
1.559326128345086548e-01
1.559324751983501289e-01
1.559322579523162444e-01
1.559318669248359324e-01
1.559320479925470626e-01
1.559320938152036484e-01
1.559258774588367924e-01
1.559262255525518115e-01
1.559259003168365076e-01
1.559261663425738631e-01
1.559259797036172956e-01
1.559260122514880553e-01
1.559260051510518719e-01
1.559259582071886585e-01
1.559258761080686007e-01
1.559257729475669874e-01
1.559258112487139636e-01
1.559257425547511955e-01
1.559211663822052119e-01
1.559212428060657574e-01
1.559210833805900198e-01
1.559212514533225014e-01
1.559209990143535229e-01
1.559210670787060660e-01
1.559210158987558992e-01
1.559210857335654177e-01
1.559211424750299446e-01
1.559212234539905650e-01
1.559211655480817194e-01
1.559210315393082247e-01
1.559184065966013888e-01
1.559196382299837536e-01
1.559194154868415449e-01
1.559190236920120487e-01
1.559187208096814992e-01
1.559186536345960883e-01
1.559184652672822580e-01
1.559184379157408096e-01
1.559183920856204164e-01
1.559183942593625749e-01
1.559183907373005995e-01
1.559182719851759380e-01
1.559166965320234743e-01
1.559169556577771343e-01
1.559168554235350612e-01
1.559168306945471483e-01
1.559166384867210486e-01
1.559166425910248621e-01
1.559165669384108555e-01
1.559166242867802699e-01
1.559166717188648632e-01
1.559167621855662156e-01
1.559167041650022512e-01
1.559165617871824949e-01
1.559159830649689826e-01
1.559158401989818588e-01
1.559157924583030597e-01
1.559159215316895386e-01
1.559158183196815428e-01
1.559158370191355003e-01
1.559158363194504682e-01
1.559159028284543558e-01
1.559159589462791873e-01
1.559160481990754521e-01
1.559159873189376599e-01
1.559158482520222599e-01
1.559160684145252940e-01
1.559158766561682119e-01
1.559158565608795843e-01
1.559159807694815436e-01
1.559159523180111973e-01
1.559159532665549686e-01
1.559159737323880246e-01
1.559160177619954013e-01
1.559160482670259029e-01
1.559161066199269974e-01
1.559160626778281211e-01
1.559159336040626120e-01
1.559159700139106097e-01
1.559158162839893447e-01
1.559157746862127880e-01
1.559159026787070856e-01
1.559158160775859503e-01
1.559158308328378872e-01
1.559158348361902036e-01
1.559158963493416927e-01
1.559159467771361052e-01
1.559160291639516138e-01
1.559159720467867272e-01
1.559158352010404369e-01
1.559167397034958158e-01
1.559166286183092665e-01
1.559166147757147791e-01
1.559166853681951126e-01
1.559165280041406032e-01
1.559165871311448404e-01
1.559167742757696651e-01
1.559167726900538287e-01
1.559167367663891191e-01
1.559166504467140169e-01
1.559166739616173747e-01
1.559166046060825039e-01
1.559157124612487455e-01
1.559155715079311166e-01
1.559155382245807631e-01
1.559156490216096203e-01
1.559155412231076621e-01
1.559155692705475604e-01
1.559156281326677385e-01
1.559156707457433899e-01
1.559156953061812123e-01
1.559157271569509284e-01
1.559156941931295060e-01
1.559155775635813479e-01
1.559243192035034975e-01
1.559251145275755146e-01
1.559251918124515690e-01
1.559246809756877072e-01
1.559248040508810218e-01
1.559246716755323114e-01
1.559246187343412415e-01
1.559244756211055349e-01
1.559243187053175883e-01
1.559242571933244503e-01
1.559242951330182259e-01
1.559241844863047122e-01
1.559159196750712628e-01
1.559158867654237834e-01
1.559158662410700114e-01
1.559159053031937692e-01
1.559158241447476390e-01
1.559158336796305500e-01
1.559158796389902846e-01
1.559159008210451447e-01
1.559159044407731620e-01
1.559159255202231531e-01
1.559159007377167450e-01
1.559157847977721834e-01
1.559157325254672821e-01
1.559156093981547420e-01
1.559155782188653416e-01
1.559156771820560672e-01
1.559155737794627183e-01
1.559155987714464509e-01
1.559156555056601112e-01
1.559156945815599049e-01
1.559157156873441086e-01
1.559157457613757347e-01
1.559157141472659047e-01
1.559155976321183745e-01
1.559157155486317337e-01
1.559155776926433590e-01
1.559155447749581425e-01
1.559156535156199785e-01
1.559155464804279356e-01
1.559155739978722865e-01
1.559156324904527324e-01
1.559156744879695577e-01
1.559156984481279429e-01
1.559157299896168636e-01
1.559156972608140845e-01
1.559155806513204401e-01
1.559157129906037498e-01
1.559155725801318060e-01
1.559155393603926243e-01
1.559156497976491584e-01
1.559155421333701663e-01
1.559155700872939532e-01
1.559156288851534511e-01
1.559156713894645219e-01
1.559156958450250707e-01
1.559157276409718906e-01
1.559156947193397202e-01
1.559155780934435021e-01
1.559157125540651112e-01
1.559155716955851201e-01
1.559155384226268148e-01
1.559156491578770065e-01
1.559155413823103409e-01
1.559155694132951797e-01
1.559156282651124881e-01
1.559156708586454665e-01
1.559156954004711215e-01
1.559157272420455265e-01
1.559156942852475136e-01
1.559155776568499074e-01
1.559157124781390957e-01
1.559155715402529840e-01
1.559155382587457117e-01
1.559156490453206534e-01
1.559155412516414208e-01
1.559155692955214723e-01
1.559156281569277491e-01
1.559156707654718865e-01
1.559156953234836218e-01
1.559157271720138793e-01
1.559156942101672660e-01
1.559155775802891775e-01
1.559157124651753268e-01
1.559155715136818499e-01
1.559155382298128556e-01
1.559156490259465677e-01
1.559155412283906583e-01
1.559155692755300748e-01
1.559156281381225972e-01
1.559156707495949479e-01
1.559156953091881403e-01
1.559157271588630100e-01
1.559156941966875765e-01
1.559155775664733956e-01
1.559157124627896518e-01
1.559155715080361715e-01
1.559155382254913680e-01
1.559156490220243163e-01
1.559155412237476779e-01
1.559155692717264508e-01
1.559156281344347694e-01
1.559156707463181246e-01
1.559156953073666529e-01
1.559157271575486170e-01
1.559156941942336227e-01
1.559155775642843689e-01
1.559157124612281786e-01
1.559155715082822524e-01
1.559155382240322574e-01
1.559156490210358847e-01
1.559155412233093896e-01
1.559155692708441288e-01
1.559156281339462990e-01
1.559156707464068037e-01
1.559156953067747098e-01
1.559157271572444159e-01
1.559156941933678153e-01
1.559155775645368058e-01
1.559157124618880952e-01
1.559155715084588056e-01
1.559155382244988286e-01
1.559156490216083712e-01
1.559155412239048022e-01
1.559155692707971386e-01
1.559156281338906214e-01
1.559156707459611602e-01
1.559156953068026041e-01
1.559157271573785308e-01
1.559156941942247687e-01
1.559155775641348496e-01
1.559157124621550761e-01
1.559155715076153970e-01
1.559155382237399912e-01
1.559156490211044688e-01
1.559155412232062221e-01
1.559155692706258034e-01
1.559156281335994376e-01
1.559156707454162349e-01
1.559156953074473384e-01
1.559157271574713177e-01
1.559156941936993557e-01
1.559155775649627707e-01
1.559157124613138601e-01
1.559155715080709492e-01
1.559155382236452059e-01
1.559156490206142498e-01
1.559155412232486881e-01
1.559155692710710583e-01
1.559156281339761918e-01
1.559156707456093027e-01
1.559156953070374163e-01
1.559157271567771785e-01
1.559156941935724294e-01
1.559155775647195763e-01
1.559157124612281786e-01
1.559155715082822524e-01
1.559155382240322574e-01
1.559156490210358847e-01
1.559155412233093896e-01
1.559155692708441288e-01
1.559156281339462990e-01
1.559156707464068037e-01
1.559156953067747098e-01
1.559157271572444159e-01
1.559156941933678153e-01
1.559155775645368058e-01
