2.384042150996737480e+09
2.278707577898425102e+09
2.174850894559013367e+09
2.072600634979665279e+09
1.972077670110446692e+09
1.873403164473194838e+09
1.776699639325231791e+09
1.682079429788474560e+09
1.589650050071115971e+09
1.499514219975168467e+09
1.411763825675128460e+09
1.326644862628460884e+09
1.244062797136205435e+09
1.163998832352448940e+09
1.086528128088697672e+09
1.011719755911609411e+09
9.396400622218315601e+08
8.703533801141563654e+08
8.039185052290948629e+08
7.403845302924678326e+08
6.797906901360640526e+08
6.221654709534723759e+08
5.675256750777122974e+08
5.158770744589872360e+08
4.672151419060657620e+08
4.215250219192667007e+08
3.787812418528480530e+08
3.389474534992108345e+08
3.019763527053120136e+08
2.678094732475329936e+08
2.363770580789116025e+08
2.075902030221479237e+08
1.813491703717861772e+08
1.575515105603613555e+08
1.360866522392416596e+08
1.168368452104977518e+08
9.967839319643434882e+07
8.448296415404206514e+07
7.111892058157193661e+07
5.945265295042112470e+07
4.934987425141789019e+07
4.067687584704178572e+07
3.330173499357482791e+07
2.709546053098894656e+07
2.193305619937171042e+07
1.769447874452548474e+07
1.426551523483769782e+07
1.153845575261476077e+07
9.412701740361724049e+06
7.795202718355552293e+06
6.600763099644063972e+06
5.752206887139358558e+06
5.180418530504130758e+06
4.824258111213416792e+06
4.630364995253523812e+06
4.552862388373645954e+06
4.552975590838931501e+06
4.598579442825617269e+06
4.663690472396592610e+06
4.727918158723084256e+06
4.775890517530546524e+06
4.796667808403589763e+06
4.783156982897965237e+06
4.731537843626122922e+06
4.640712179736861028e+06
4.511781861473902129e+06
4.347565187635057606e+06
4.152154039265454747e+06
3.930517395330790430e+06
3.688152039108530618e+06
3.430781697834570892e+06
3.164104198181610089e+06
2.893584714469825849e+06
2.624294037195631769e+06
2.360786972522646189e+06
2.107019327833961695e+06
1.866297864327135496e+06
1.641259972558375448e+06
1.433878760393390665e+06
1.245488530037878081e+06
1.076827367821735563e+06
9.280921550378755201e+05
7.990026497198014986e+05
6.888710772439376451e+05
5.966743123445704114e+05
5.211259523047149414e+05
4.607461087469591293e+05
4.139270385974005330e+05
3.789933319493990857e+05
3.542555515242540860e+05
3.380566569976393948e+05
3.288107899663824355e+05
3.250345636956125963e+05
3.253707940045410069e+05
3.286052014195965603e+05
3.336765550037893699e+05
3.396808724503673729e+05
3.458705906359021319e+05
3.516492482512814458e+05
3.565626710763424053e+05
3.602873797474027378e+05
3.626169947887352901e+05
3.634473498980960576e+05
3.627609589522617171e+05
3.606114063874477288e+05
3.571081483022789471e+05
3.524021262788996100e+05
3.466725105774775730e+05
3.401148066592940595e+05
3.329304811118579237e+05
3.253181917143112514e+05
3.174666428779840935e+05
3.095490328906968934e+05
3.017190137601450551e+05
2.941080481151275453e+05
2.868240204003645340e+05
2.799509410458008060e+05
2.735495717479012674e+05
2.676587966482134070e+05
2.622975670976489200e+05
2.574672558470350050e+05
2.531542563233263791e+05
2.493327659216067404e+05
2.459674471937445342e+05
2.430161172564204899e+05
2.404321984309435938e+05
2.381669440386639908e+05
2.361713844846012071e+05
2.343979681182965287e+05
2.328018865294215502e+05
2.313420870808836771e+05
2.299819864512962813e+05
2.286899076968824957e+05
2.274392698814966134e+05
2.262085637667523115e+05
2.249811495651881560e+05
2.237449135455867799e+05
2.224918195795954089e+05
2.212173897887059429e+05
2.199201455531381362e+05
2.186010365369683423e+05
2.172628813122100255e+05
2.159098388533577963e+05
2.145469258226716483e+05
2.131795903459700057e+05
2.118133490283574210e+05
2.104534903873283765e+05
2.091048447639671504e+05
2.077716181596511160e+05
2.064572853567162529e+05
2.051645361152330879e+05
2.038952671718326164e+05
2.026506121631004498e+05
2.014310014047683508e+05
2.002362436208675790e+05
1.990656221706297365e+05
1.979179990008065652e+05
1.967919203932458186e+05
1.956857195223913295e+05
1.945976118297061766e+05
1.935257802141499997e+05
1.924684479891480878e+05
1.914239384346746956e+05
1.903907205537301488e+05
1.893674413092857576e+05
1.883529451613667479e+05
1.873462821418015228e+05
1.863467059992322465e+05
1.853536641267972882e+05
1.843667810608016443e+05
1.833858373242223752e+05
1.824107452997482033e+05
1.814415236689273152e+05
1.804782717632076819e+05
1.795211449542509799e+05
1.785703319789801899e+05
1.776260348616169358e+05
1.766884518709958356e+05
1.757577637448681635e+05
1.748341232302215649e+05
1.739176478336364962e+05
1.730084155511726858e+05
1.721064632533503755e+05
1.712117873369457084e+05
1.703243462193775922e+05
1.694440642403857782e+05
1.685708365461748326e+05
1.677045345589161734e+05
1.668450116756387288e+05
1.659921088909196551e+05
1.651456600935923343e+05
1.643054968456553179e+05
1.634714525084191700e+05
1.626433656345550553e+05
1.618210825929924613e+05
1.610044594352433342e+05
1.601933630459673877e+05
1.593876941956435621e+05
1.585872971869484754e+05
1.577920949379550584e+05
1.570019976223366102e+05
1.562169241919192136e+05
1.554368011004211148e+05
1.546615609602850745e+05
1.538911412085163465e+05
1.531254828438964032e+05
1.523645292836350563e+05
1.516082253733123653e+05
1.508565165706655534e+05
1.501093483116009447e+05
1.493666841485148761e+05
1.486284310152211110e+05
1.478945508909357013e+05
1.471649861940029368e+05
1.464396785566617618e+05
1.457185690119046776e+05
1.450015982363366638e+05
1.442887068255948543e+05
1.435798355813699309e+05
1.428749257922110555e+05
1.421739194937434222e+05
1.414767596975740744e+05
1.407833905816331971e+05
1.400937576380573446e+05
1.394078077775368874e+05
1.387254893916353176e+05
1.380467523764079669e+05
1.373715481222376111e+05
1.366998294756099931e+05
1.360315506791307998e+05
1.353666672960779979e+05
1.347051361255650700e+05
1.340469151137695881e+05
1.333919632660283823e+05
1.327402405636280018e+05
1.320917078882913920e+05
1.314463269563631620e+05
1.308040602638910641e+05
1.301648710429429193e+05
1.295287232289110689e+05
1.288955814379293006e+05
1.282654109532254806e+05
1.276381777188643755e+05
1.270138483392711205e+05
1.263923900828694022e+05
1.257737708882327133e+05
1.251579593712970382e+05
1.245449248323760403e+05
1.239346372619718313e+05
1.233270673445665889e+05
1.227221864599164692e+05
1.221199666815086093e+05
1.215203807721199701e+05
1.209234021765739453e+05
1.203290050119190564e+05
1.197371640553818143e+05
1.191478547305034590e+05
1.185610530919147423e+05
1.179767358091628121e+05
1.173948801500818663e+05
1.168154639640211681e+05
1.162384656653159764e+05
1.156638642172298714e+05
1.150916391165988025e+05
1.145217703792755783e+05
1.139542385264650948e+05
1.133890245719578234e+05
1.128261100102148484e+05
1.122654768052535946e+05
1.117071073802351020e+05
1.111509846076179674e+05
1.105970917997971701e+05
1.100454127000846347e+05
1.094959314739347610e+05
1.089486327003096521e+05
1.084035013631207403e+05
1.078605228426653775e+05
1.073196829070359236e+05
1.067809677034590568e+05
1.062443637495638686e+05
1.057098579245831934e+05
1.051774374605041376e+05
1.046470899331940309e+05
1.041188032535210077e+05
1.035925656585161487e+05
1.030683657025972789e+05
1.025461922488975688e+05
1.020260344607065781e+05
1.015078817930762161e+05
1.009917239845745062e+05
1.004775510492387257e+05
9.996535326870082645e+04
9.945512118451151764e+04
9.894684559065352369e+04
9.844051752623416542e+04
9.793612826837334433e+04
9.743366932524126605e+04
9.693313242927890678e+04
9.643450953054890851e+04
9.593779279025126016e+04
