5.384433579444885254e+01
1.075680897235870361e+02
1.609413986206054688e+02
2.141856040954589844e+02
2.683870184421539307e+02
3.229280579090118408e+02
3.767437462806701660e+02
4.302414419651031494e+02
4.841333737373352051e+02
5.380661873817443848e+02
5.935211288928985596e+02
6.490337004661560059e+02
7.085417947769165039e+02
7.634585504531860352e+02
8.180506179332733154e+02
8.729895150661468506e+02
9.274757025241851807e+02
9.819585978984832764e+02
1.036497054100036621e+03
1.091628335475921631e+03
1.147029175996780396e+03
1.202514880180358887e+03
1.257948984146118164e+03
1.314013626098632812e+03
1.369746348857879639e+03
1.425374683618545532e+03
1.481189654111862183e+03
1.536944530487060547e+03
1.593000891923904419e+03
1.648890091896057129e+03
1.704466851711273193e+03
1.759276850223541260e+03
1.813996014595031738e+03
1.868585348606109619e+03
1.922939753055572510e+03
1.977046958684921265e+03
2.030787955045700073e+03
2.084647150993347168e+03
2.138445827245712280e+03
2.192043573379516602e+03
2.245467472314834595e+03
2.299106784820556641e+03
2.352615485429763794e+03
2.407144749641418457e+03
2.462827562093734741e+03
2.516792752742767334e+03
2.570710288524627686e+03
2.624628593206405640e+03
2.678578187227249146e+03
2.732617274045944214e+03
2.786624850273132324e+03
2.840489044666290283e+03
2.894538180589675903e+03
2.948445642471313477e+03
3.002333446979522705e+03
3.055542016983032227e+03
3.108778484106063843e+03
3.162018933057785034e+03
3.215278916597366333e+03
3.268360488891601562e+03
3.321690525293350220e+03
3.374845977783203125e+03
3.427999827861785889e+03
3.481229314565658569e+03
3.534485042810440063e+03
3.587628012180328369e+03
3.640664866924285889e+03
3.693777597427368164e+03
3.747012633562088013e+03
3.800099323034286499e+03
3.853669208288192749e+03
3.907055729150772095e+03
3.960671145915985107e+03
4.014141267538070679e+03
4.067753724098205566e+03
4.120966040372848511e+03
4.173954628944396973e+03
4.226853671550750732e+03
4.279967073678970337e+03
4.332966804265975952e+03
4.386004409313201904e+03
4.439000250101089478e+03
4.492173801660537720e+03
4.545132835149765015e+03
4.598292944431304932e+03
4.651429332971572876e+03
4.704508388996124268e+03
4.757405334234237671e+03
4.810556809186935425e+03
4.863674010276794434e+03
4.916851623773574829e+03
4.970064913749694824e+03
5.023283973217010498e+03
5.076318434953689575e+03
5.129468159198760986e+03
5.182563592672348022e+03
5.235640503406524658e+03
5.288672196626663208e+03
5.341795313358306885e+03
5.394723086833953857e+03
5.447809644699096680e+03
5.500824346065521240e+03
5.553853791236877441e+03
5.606813209295272827e+03
5.659980329990386963e+03
5.712942601919174194e+03
5.765879781007766724e+03
5.818984109878540039e+03
5.871956454515457153e+03
5.924980474233627319e+03
5.977948309898376465e+03
6.030866743564605713e+03
6.083869655847549438e+03
6.136719006538391113e+03
6.189654777526855469e+03
6.242565858602523804e+03
6.295570310592651367e+03
6.348442536830902100e+03
6.401343257188796997e+03
6.454339446783065796e+03
6.507274710416793823e+03
6.560178889274597168e+03
6.613181181907653809e+03
6.666191339254379272e+03
6.719220067739486694e+03
6.772132294416427612e+03
6.825079208135604858e+03
6.878027111291885376e+03
6.931032692909240723e+03
6.983988698482513428e+03
7.037067556619644165e+03
7.090037847518920898e+03
7.143172750234603882e+03
7.196299303531646729e+03
7.249410871505737305e+03
7.302524277210235596e+03
7.355671052932739258e+03
7.408763971567153931e+03
7.462084243297576904e+03
7.515228289127349854e+03
7.568397378683090210e+03
7.621641334533691406e+03
7.674822213649749756e+03
7.727857201337814331e+03
7.781123414516448975e+03
7.834223658561706543e+03
7.887332709789276123e+03
7.940361587285995483e+03
7.993574469327926636e+03
8.046584802389144897e+03
8.099641682147979736e+03
8.152734042882919312e+03
8.205735677242279053e+03
8.258760137081146240e+03
8.311753392696380615e+03
8.364800678014755249e+03
8.417760226964950562e+03
8.470745545148849487e+03
8.523795540332794189e+03
8.576904429674148560e+03
8.629901193380355835e+03
8.682897401809692383e+03
8.735814436197280884e+03
8.788771647930145264e+03
8.841646688938140869e+03
8.894583731412887573e+03
8.947501262426376343e+03
9.000461425781250000e+03
9.053382645606994629e+03
9.106465066432952881e+03
9.159513846397399902e+03
9.212584491252899170e+03
9.266522305250167847e+03
9.320911338329315186e+03
9.379361907720565796e+03
9.434544609785079956e+03
9.488682053327560425e+03
9.544170492410659790e+03
9.598591563940048218e+03
9.656742487907409668e+03
9.710741000890731812e+03
9.766818999767303467e+03
9.820916017293930054e+03
9.875071326255798340e+03
9.929005685806274414e+03
9.983933248996734619e+03
1.003823531532287598e+04
1.009255028057098389e+04
1.014677031135559082e+04
1.020085380935668945e+04
1.025489726281166077e+04
1.030954762411117554e+04
1.036638311195373535e+04
1.042197045326232910e+04
1.047668600058555603e+04
1.053088671827316284e+04
1.058523131585121155e+04
1.063970489263534546e+04
1.069360041928291321e+04
1.074735864233970642e+04
1.080106953573226929e+04
1.085487506389617920e+04
1.090863015699386597e+04
1.096317863750457764e+04
1.102020616555213928e+04
1.107659354567527771e+04
1.113425648927688599e+04
1.118840444993972778e+04
1.124227565073966980e+04
1.129641395354270935e+04
1.135053717184066772e+04
1.140467503786087036e+04
1.145858158373832703e+04
1.151275644659996033e+04
1.156695560336112976e+04
1.162113219904899597e+04
1.167520708131790161e+04
1.172932369303703308e+04
1.178328033089637756e+04
1.183726175451278687e+04
1.189119639515876770e+04
1.194515600538253784e+04
1.199914648461341858e+04
1.205307166171073914e+04
1.210698512101173401e+04
1.216099098539352417e+04
1.221501259779930115e+04
1.226911266040802002e+04
1.232321824049949646e+04
1.237741952633857727e+04
1.243157181525230408e+04
1.248592063760757446e+04
1.254018747067451477e+04
1.259464449405670166e+04
1.264892225956916809e+04
1.270324520754814148e+04
1.275747062063217163e+04
1.281171024179458618e+04
1.286597956681251526e+04
1.292029654359817505e+04
1.297457080030441284e+04
1.302888216185569763e+04
1.308309378814697266e+04
1.313735818529129028e+04
1.319135999751091003e+04
1.324546598267555237e+04
1.329955435967445374e+04
1.335363311815261841e+04
1.340787413954734802e+04
1.346199995422363281e+04
1.351596986889839172e+04
1.356984187459945679e+04
1.362375224256515503e+04
1.367817528057098389e+04
1.373301695775985718e+04
1.378713205599784851e+04
1.384110652375221252e+04
1.390163330078125000e+04
1.395926956796646118e+04
1.401947361373901367e+04
1.407376882696151733e+04
1.412894469690322876e+04
1.418311260938644409e+04
1.424057065176963806e+04
1.429471767854690552e+04
1.435110325145721436e+04
1.440543429136276245e+04
1.446124438810348511e+04
1.451646563220024109e+04
1.457092017030715942e+04
1.462627572941780090e+04
1.468556363916397095e+04
1.473954320764541626e+04
1.479357988858222961e+04
1.485440164446830750e+04
1.490952636647224426e+04
1.496375360631942749e+04
1.502140309333801270e+04
1.507614461398124695e+04
1.513019410777091980e+04
1.518406148052215576e+04
1.523799781084060669e+04
1.529202055525779724e+04
1.535187830948829651e+04
1.540729523229598999e+04
1.546123771238327026e+04
1.551566734647750854e+04
1.557194642853736877e+04
1.562595504260063171e+04
1.568009227347373962e+04
1.573406406545639038e+04
1.579020343852043152e+04
1.584414958047866821e+04
1.590471016263961792e+04
1.596440809726715088e+04
1.602052220964431763e+04
1.607476019835472107e+04
1.613440365672111511e+04
1.618900201058387756e+04
1.624298532581329346e+04
