4.742218618014918640e+06
4.023973171082693152e+06
3.365080157177329063e+06
2.767206309490195476e+06
2.231625343626458198e+06
1.759081444439422106e+06
1.349659286384245846e+06
1.002702818546137540e+06
7.167856965343841584e+05
4.896496795743948314e+05
3.180704895345842815e+05
1.977217331075980910e+05
1.231077832418118633e+05
8.760906336126322276e+04
8.366396583803751855e+04
1.030965716674743890e+05
1.375765441430481151e+05
1.791594107554905640e+05
2.208272614971845178e+05
2.569357728318316513e+05
2.834928543452295125e+05
2.982344593230017344e+05
3.005107217687790398e+05
2.910298113720078254e+05
2.715205028929823893e+05
2.443702409284436726e+05
2.122817772267346736e+05
1.779757983818141220e+05
1.439537510172552429e+05
1.123255670624236518e+05
8.470096109949078527e+04
6.213931564545526635e+04
4.515092671436785895e+04
3.374099146899569314e+04
2.748673035161946245e+04
2.563705796781558456e+04
2.722427021175229675e+04
3.117719683337571041e+04
3.642664985953640280e+04
4.199506021880180924e+04
4.706515747818558884e+04
5.102413063503673038e+04
5.348359471851059061e+04
5.427659655670329812e+04
5.343555314924611594e+04
5.115586839637382946e+04
4.775054270287561667e+04
4.360116423184931045e+04
3.911004514429895789e+04
3.465770269500755967e+04
3.056855910590041822e+04
2.708716545432543353e+04
2.436542077105003045e+04
2.246073466404687133e+04
2.134389859885204351e+04
2.091457935645086400e+04
2.102207140555614751e+04
2.148832006784740952e+04
2.213065432291342222e+04
2.278177375569296419e+04
2.330519940396833044e+04
2.360509786577669001e+04
2.363016370451159310e+04
2.337195835544815054e+04
2.285869214008350900e+04
2.214583413052573815e+04
2.130508777959468716e+04
2.041326055774263659e+04
1.954232845919502142e+04
1.875166106552357815e+04
1.808299364621273708e+04
1.755827848229965093e+04
1.718024100630128669e+04
1.693517172333972121e+04
1.679714494033239316e+04
1.673311874064101721e+04
1.670801823573833462e+04
1.668925804148291354e+04
1.665022855580774558e+04
1.657247961930105885e+04
1.644655393849371103e+04
1.627157299836038146e+04
1.605382921623530456e+04
1.580470954792942575e+04
1.553832540078309466e+04
1.526918672689325285e+04
1.501021165263556031e+04
1.477126991521359741e+04
1.455836546664611524e+04
1.437346075768655646e+04
1.421486455615762316e+04
1.407804119764899588e+04
1.395667541417486063e+04
1.384379017445481259e+04
1.373278445652417940e+04
1.361824546608104902e+04
1.349646799405336787e+04
1.336565584108331495e+04
1.322583082967685732e+04
1.307850460234315506e+04
1.292620522032209556e+04
1.277193194019142175e+04
1.261865598048399079e+04
1.246889238785515408e+04
1.232441674393095127e+04
1.218614401747660668e+04
1.205412758042456153e+04
1.192772202134060353e+04
1.180576992379368312e+04
1.168687135463149571e+04
1.156962394958478399e+04
1.145282615022923346e+04
1.133561234267519103e+04
1.121753442676634586e+04
1.109853008182379381e+04
1.097888160307674298e+04
1.085909896003392532e+04
1.073980847820131021e+04
1.062162695061797967e+04
1.050507794588394063e+04
1.039051727670797845e+04
1.027811057201274707e+04
1.016783607128174117e+04
1.005952011202037284e+04
9.952888140746759746e+03
9.847623037219207617e+03
9.743420115147549950e+03
9.640030815793144939e+03
9.537290189803488829e+03
9.435126605787809240e+03
9.333556584730935356e+03
9.232659942651729580e+03
9.132562211531352659e+03
9.033400262266932259e+03
8.935299020538626792e+03
8.838350144127614840e+03
8.742606449801136478e+03
8.648072071980281180e+03
8.554717185673272979e+03
8.462483063856116132e+03
8.371297014284509714e+03
8.281085768051250852e+03
8.191786598946470804e+03
8.103354821817863922e+03
8.015767468519905378e+03
7.929019758773925787e+03
7.843124915881854577e+03
7.758105384280759608e+03
7.673987306998580607e+03
7.590789995273198656e+03
7.508533341779830153e+03
7.427220319653295519e+03
7.346845686770115208e+03
7.267396951732927846e+03
7.188850487793139109e+03
7.111184989181370838e+03
7.034377902363767134e+03
6.958409192280169009e+03
6.883263865587183318e+03
6.808931898805985838e+03
6.735407948768890492e+03
6.662690220542748648e+03
6.590778334632380393e+03
6.519673402233538582e+03
6.449374306388195691e+03
6.379878229722617107e+03
6.311179889088158234e+03
6.243271642205480020e+03
6.176144000068628884e+03
6.109786353295402478e+03
6.044187913259975176e+03
5.979338245228575033e+03
5.915227917995792268e+03
5.851848718328650648e+03
5.789194938364601512e+03
5.727257838251818612e+03
5.666033388662895049e+03
5.605516350749327103e+03
5.545701309565150950e+03
5.486579796966063441e+03
5.428150652006920609e+03
5.370404175969015341e+03
5.313334564558403144e+03
5.256930551659335833e+03
5.201186099289686354e+03
5.146093479427051534e+03
5.091645341891811768e+03
5.037835346814833429e+03
4.984654693721749027e+03
4.932097978379326378e+03
4.880158883438237353e+03
4.828831178473463297e+03
4.778108624313859764e+03
4.727984903486740222e+03
4.678453585606182060e+03
4.629508128279618177e+03
4.581141907167108002e+03
4.533348264311000094e+03
4.486120562219610292e+03
4.439452232260933670e+03
