1.569035876865505000e+15
1.488527975084588500e+15
1.411846490165423750e+15
1.338823893634402000e+15
1.269277914373990250e+15
1.203045498714008000e+15
1.139973624457989750e+15
1.079920299469891250e+15
1.022748515849967750e+15
9.683228133064301250e+14
9.165134284860126250e+14
8.672015765042402500e+14
8.202803691062106250e+14
7.756512411906968750e+14
7.332196543636707500e+14
6.928936191219628750e+14
6.545853304912111250e+14
6.182136926430807500e+14
5.837052141009928750e+14
5.509929592381463750e+14
5.200142788463830625e+14
4.907076409086624375e+14
4.630094892633390625e+14
4.368528587354587500e+14
4.121685459912975000e+14
3.888876768326711875e+14
3.669435666003400000e+14
3.462719722217948125e+14
3.268105367934793125e+14
3.084984758897951875e+14
2.912767132172288125e+14
2.750880891936099688e+14
2.598774206996803438e+14
2.455915023105974375e+14
2.321791487118320000e+14
2.195912716373025312e+14
2.077809319137772500e+14
1.967032714858751875e+14
1.863152973214504375e+14
1.765756483980584062e+14
1.674444945367520000e+14
1.588835874268236250e+14
1.508564269274022500e+14
1.433285367950037188e+14
1.362677913129280469e+14
1.296445746480280000e+14
1.234315853840033125e+14
1.176034321509096875e+14
1.121363590003017188e+14
1.070081535680929219e+14
1.021979887364913750e+14
9.768613176506112500e+13
9.345373058493804688e+13
8.948277945614370312e+13
8.575616339599945312e+13
8.225769812261812500e+13
7.897214844143450000e+13
7.588521698707040625e+13
7.298352643355460938e+13
7.025462649496223438e+13
6.768701231071107031e+13
6.527011815725673438e+13
6.299425481916582031e+13
6.085047424095643750e+13
5.883040852229215625e+13
5.692617380970650000e+13
5.513034806058243750e+13
5.343594538432167188e+13
5.183636950930975781e+13
5.032540721485540625e+13
4.889727145358310156e+13
4.754662898844957812e+13
4.626857720698253125e+13
4.505859938256524219e+13
4.391252421902957031e+13
4.282648715742176562e+13
4.179689218754552344e+13
4.082037456957427344e+13
3.989376661834747656e+13
3.901407733358208594e+13
3.817848671354361719e+13
3.738434389669143750e+13
3.662916014049156250e+13
3.591058991974379688e+13
3.522640752264910938e+13
3.457449943633223438e+13
3.395287291869426172e+13
3.335966269271230078e+13
3.279313118150950781e+13
3.225166633164178906e+13
3.173377473872762500e+13
3.123806936156714844e+13
3.076325442774068750e+13
3.030811130867001562e+13
2.987149120705215625e+13
2.945231557905792188e+13
2.904957771408343359e+13
2.866233940354968359e+13
2.828972252885786719e+13
2.793089953843183203e+13
2.758508774006017188e+13
2.725154884180794922e+13
2.692959004605878125e+13
2.661856389554004688e+13
2.631786717166714844e+13
2.602693874589610547e+13
2.574525614613799219e+13
2.547233122417166406e+13
2.520770577522249609e+13
2.495094908974336328e+13
2.470165744749558203e+13
2.445945285738077734e+13
2.422398046542609375e+13
2.399490611127853516e+13
2.377191486184098438e+13
2.355471031458151953e+13
2.334301360904325000e+13
2.313656191455244531e+13
2.293510722597651172e+13
2.273841558286353906e+13
2.254626632483301953e+13
2.235845137636816797e+13
2.217477457224293750e+13
2.199505097992467969e+13
2.181910620932223828e+13
2.164677560896252344e+13
2.147790339162849219e+13
2.131234188478041016e+13
2.114995101736107031e+13
2.099059805706785547e+13
2.083415740752623047e+13
2.068051027211939844e+13
2.052954429065950781e+13
2.038115315991818359e+13
2.023523622962475000e+13
2.009169820665944531e+13
1.995044890153889844e+13
1.981140292883224609e+13
1.967447939338944531e+13
1.953960158498435547e+13
1.940669670621958203e+13
1.927569563269830469e+13
1.914653270958671484e+13
1.901914559030671094e+13
1.889347508872812500e+13
1.876946503661142188e+13
1.864706212113647656e+13
1.852621569655761719e+13
1.840687762095489062e+13
1.828900211002072266e+13
1.817254556788423828e+13
1.805746643126783203e+13
1.794372504797126953e+13
1.783128357099165234e+13
1.772010587077383594e+13
1.761015745924379688e+13
1.750140541106737891e+13
1.739381828216491016e+13
1.728736603638404688e+13
1.718201997169557617e+13
1.707775263382363867e+13
1.697453774068051758e+13
1.687235012225070898e+13
1.677116566178577734e+13
1.667096124578603711e+13
1.657171472394625000e+13
1.647340486711956445e+13
1.637601131769769922e+13
1.627951453742570117e+13
1.618389576132009961e+13
1.608913696115955664e+13
1.599522081557731641e+13
1.590213068040189062e+13
1.580985055654653906e+13
1.571836505873165234e+13
1.562765938484823633e+13
1.553771928592041211e+13
1.544853103947728125e+13
1.536008142508463477e+13
1.527235770112929297e+13
1.518534758245418945e+13
1.509903921862285742e+13
1.501342117301493359e+13
1.492848240280879102e+13
1.484421224027695312e+13
1.476060037472041406e+13
1.467763683564535352e+13
1.459531197777994727e+13
1.451361646681648633e+13
1.443254126538256445e+13
1.435207761934164648e+13
1.427221704467394531e+13
1.419295131517112695e+13
1.411427245091248438e+13
1.403617270750347266e+13
1.395864456589677734e+13
1.388168072263551367e+13
1.380527408023780859e+13
1.372941773790409766e+13
1.365410498306186328e+13
