2.660213267490217209e+09
9.904772992352165527e+11
1.781518270069408569e+11
3.656616563717523193e+11
5.402518475340957642e+11
3.999411215820797119e+11
1.630038856687023926e+11
8.288725067233625793e+10
1.846455647764195862e+11
2.701814087189106445e+11
2.234819067494632568e+11
1.252551097873627472e+11
7.327754593071806335e+10
7.460835896126843262e+10
9.900070582563204956e+10
1.210099405237531433e+11
1.183895317950317688e+11
8.245690332726358032e+10
3.924885744015647888e+10
2.907765036365113831e+10
5.409388181822767639e+10
7.499024025295997620e+10
6.590993266571179962e+10
4.041479276580744171e+10
2.263425107729907990e+10
2.084267282137331390e+10
3.045921104127059174e+10
4.111207097211550140e+10
3.984487053380082703e+10
2.376121313626679230e+10
8.804342740094156265e+09
1.114959378479193878e+10
2.396672423694372559e+10
2.786424151613156128e+10
1.858674800202022171e+10
8.661733145926181793e+09
7.223094241189137459e+09
1.178309515806405258e+10
1.576325576670392418e+10
1.478512010903644371e+10
9.142207668670942307e+09
4.588843306260494232e+09
6.095486409537832260e+09
1.036105211489592361e+10
1.062131560495253563e+10
6.789120304731132507e+09
4.111520992803131104e+09
4.787282761008381844e+09
6.607829164309922218e+09
7.110205362322210312e+09
5.696895441289470673e+09
3.803845246901778221e+09
3.572097265386953354e+09
4.882202671012595177e+09
5.410735661406394958e+09
4.366504937503407478e+09
3.316819019824463844e+09
3.311996212077498913e+09
3.859542277464696407e+09
4.141981305151714325e+09
3.734569377639554501e+09
3.010083559135776043e+09
2.888953476020731449e+09
3.403061235884499550e+09
3.581907550136542797e+09
3.130368365863375664e+09
2.740619315686676979e+09
2.828341938009560108e+09
3.107612448278232574e+09
3.131133554291452408e+09
2.824849337274171352e+09
2.608940338285045624e+09
2.764073586281589985e+09
2.945012694307080746e+09
2.822556063991765022e+09
2.618034099153035641e+09
2.609191171885993958e+09
2.723060569922717571e+09
2.756747747808326721e+09
2.651918340087936878e+09
2.553792228078941822e+09
2.595253583567334175e+09
2.670408884076853275e+09
2.634264264100644112e+09
2.552458998656968594e+09
2.544075789651130676e+09
2.590035232472762585e+09
2.601333066223729134e+09
2.555990087211702824e+09
2.523015961741889477e+09
2.544500576684645176e+09
2.566408293879607677e+09
2.546731248489410877e+09
2.519862118213556290e+09
2.520344249186271667e+09
2.536238734722857952e+09
2.536738536690073013e+09
2.516990734609159946e+09
2.507088490011189461e+09
2.518758966040169239e+09
2.524818179798505783e+09
2.512188412765495300e+09
2.501823669364626884e+09
2.507625481580809116e+09
2.514453979268941402e+09
2.507536059784244061e+09
2.498446516881526947e+09
2.501135078007043362e+09
2.506558372684539795e+09
2.502703976725570679e+09
2.496071259672930241e+09
2.496979043565228939e+09
2.500629925231920719e+09
2.498332106023993492e+09
2.493999421938013554e+09
2.494061375044502735e+09
2.495881311669542789e+09
2.494896523617194176e+09
2.492022724763957977e+09
2.491323743233053207e+09
2.492594506726785183e+09
2.491907280293756962e+09
2.489833443925699711e+09
2.489274581331984520e+09
2.489707681671982765e+09
2.489339816390019417e+09
2.487893005213477612e+09
2.487073847257761955e+09
2.487449843321395874e+09
2.487037678542529106e+09
2.485763186843693256e+09
2.485244726603270054e+09
2.485291435138861656e+09
2.484824873641348839e+09
2.483844309688904762e+09
2.483347067773808002e+09
2.483295642976315498e+09
2.482727012979758263e+09
2.481930401690379620e+09
2.481540554628047943e+09
2.481280701489611626e+09
2.480740333405045033e+09
2.480067360206912518e+09
2.479669241152005672e+09
2.479345961623476028e+09
2.478779248477862835e+09
2.478204413962509155e+09
2.477798884123600483e+09
2.477406110516338348e+09
2.476859937956408978e+09
2.476316636353998184e+09
2.475921127694623947e+09
2.475472961613884449e+09
2.474928872966338634e+09
2.474439582465251446e+09
2.474007942515281200e+09
2.473534561544581413e+09
2.473007767425231934e+09
2.472529222664467335e+09
2.472081983952143192e+09
2.471585241673852921e+09
2.471074051725144863e+09
2.470599665764099121e+09
2.470131712553606033e+09
2.469625500376371384e+09
2.469122991267101288e+09
2.468647890791272640e+09
2.468158538260445595e+09
2.467652009585660934e+09
2.467153774309419632e+09
2.466668283898578167e+09
2.466169343933628082e+09
2.465658940213022232e+09
2.465162819829875946e+09
2.464666840876913548e+09
2.464157627544515610e+09
2.463649096227642059e+09
2.463148007967387676e+09
2.462641562258378983e+09
2.462127704856621742e+09
2.461617832082243919e+09
2.461109282767209530e+09
2.460595029122509003e+09
2.460077940385194778e+09
2.459563771154180527e+09
2.459048170700293064e+09
2.458527521537859440e+09
2.458007038031878471e+09
2.457487480021497250e+09
2.456964884235208511e+09
2.456439243480690002e+09
2.455914618080935955e+09
2.455389047702239990e+09
2.454859928943056583e+09
2.454330265748741150e+09
2.453800496643863201e+09
2.453268451200583935e+09
2.452734363132863045e+09
2.452200065755747318e+09
2.451664511943944454e+09
