2.885353469877454281e+09
9.531501595231074219e+11
1.702861250032077026e+11
3.787217614700049438e+11
5.154695659604932251e+11
3.683343014651604614e+11
1.588240618511660461e+11
9.601909748541433716e+10
1.865475632902025757e+11
2.552733015507351074e+11
2.067531131096186523e+11
1.191703459198656006e+11
7.704016430029591370e+10
7.924874955061373901e+10
9.705897518423667908e+10
1.129811494849759216e+11
1.105411858480941620e+11
7.981036259279675293e+10
4.144120965301679230e+10
3.163086517049394608e+10
5.305399946188159180e+10
7.048907337872695923e+10
6.150113207182004547e+10
3.933770088200748444e+10
2.454614072163352585e+10
2.242739909618466568e+10
2.922750258008971405e+10
3.808539344829021454e+10
3.795957252758869934e+10
2.424740249848022461e+10
1.013867631342557716e+10
1.129510088846660805e+10
2.270757846632114029e+10
2.660103092592720413e+10
1.841079873414550781e+10
9.256764812873239517e+09
7.583114932954196930e+09
1.150129580730530167e+10
1.527745469798796082e+10
1.458793082239362526e+10
9.257252920444313049e+09
4.812676318514875412e+09
6.274154428915442467e+09
1.037178071291539955e+10
1.046967957744026756e+10
6.727170745942106247e+09
4.337622879872902870e+09
5.120273503670687675e+09
6.740618735982146263e+09
7.045856124433785439e+09
5.696318031189225197e+09
4.025219759654591084e+09
3.899879891983218670e+09
5.073248355386721611e+09
5.411684702655389786e+09
4.417017766176005363e+09
3.590782313731194496e+09
3.627424769650157452e+09
3.995123529287754536e+09
4.201230883066872120e+09
3.916371860504545212e+09
3.280011954088488102e+09
3.109903146590851307e+09
3.559644510495359898e+09
3.738955109190714359e+09
3.329483862124065399e+09
2.974512180190908909e+09
3.047521299581642151e+09
3.284654678691123486e+09
3.308799540021929264e+09
3.042760412347618103e+09
2.838000440926400185e+09
2.965934912966119766e+09
3.133924567470289230e+09
3.028909325191454411e+09
2.837320881347868443e+09
2.820876936460011005e+09
2.928319332919178486e+09
2.964645398329468250e+09
2.859928383071787834e+09
2.764943760370187283e+09
2.813369302279381752e+09
2.881646093965542793e+09
2.836074452281363487e+09
2.764679635372389793e+09
2.765774218929286003e+09
2.801333784021076679e+09
2.805741193238048553e+09
2.769127907019098282e+09
2.741318886690930367e+09
2.757144868378202438e+09
2.775224554639714241e+09
2.759171756289247990e+09
2.735354952120790005e+09
2.733774610547029972e+09
2.747951111604574203e+09
2.749181349115765572e+09
2.730175739929737568e+09
2.721187561394949436e+09
2.732240811900007725e+09
2.736421930889113426e+09
2.725080445565989017e+09
2.716363861377905846e+09
2.720573585639924049e+09
2.726661141058568478e+09
2.720707163448237896e+09
2.711880524858241081e+09
2.714445261169290066e+09
2.719258478756416321e+09
2.715257773183710098e+09
2.709524698344408512e+09
2.710192426648937225e+09
2.713129395993971348e+09
2.711169176508847713e+09
2.707025252513892174e+09
2.706984779908745766e+09
2.708661958331973553e+09
2.707439324210649490e+09
2.704835727642741680e+09
2.704234468352136135e+09
2.705113751259995937e+09
2.704427490806907654e+09
2.702514086176464558e+09
2.701893159583890915e+09
2.702184891760034561e+09
2.701727832619853497e+09
2.700380509279619217e+09
2.699538279637696743e+09
2.699749768166419506e+09
2.699333922478958130e+09
2.698060549862428188e+09
2.697507438401494026e+09
2.697490868320382595e+09
2.696930957021308899e+09
2.695980613908055305e+09
2.695462549023080349e+09
2.695291935184509277e+09
2.694704275652789593e+09
2.693904035189189434e+09
2.693453097987708569e+09
2.693132432001108646e+09
2.692556632131510735e+09
2.691859128922021389e+09
2.691410598026655674e+09
2.691033122060663700e+09
2.690426340543323517e+09
2.689819471356153965e+09
2.689370648528929710e+09
2.688917547119418144e+09
2.688337275530575752e+09
2.687760515219330311e+09
2.687308921012179375e+09
2.686816482746484280e+09
2.686232806193728447e+09
2.685701415115288734e+09
2.685222649624986649e+09
2.684700187295643806e+09
2.684135166975027561e+09
2.683613121003946781e+09
2.683115258064672947e+09
2.682574547689677715e+09
2.682022405253700733e+09
2.681501028307684422e+09
2.680984503836712837e+09
2.680435723202298164e+09
2.679888562497423649e+09
2.679365616272126198e+09
2.678830312068571568e+09
2.678278793649023056e+09
2.677734948761770725e+09
2.677201752093329430e+09
2.676656557886289120e+09
2.676100753293010712e+09
2.675557407756128788e+09
2.675014168693223953e+09
2.674458288865296841e+09
2.673903318689304352e+09
2.673354553143533230e+09
2.672800413463324547e+09
2.672239819863462448e+09
2.671682327756313324e+09
2.671125636073144913e+09
2.670563774671523094e+09
2.669999000231954575e+09
2.669436506117314816e+09
2.668872683020505428e+09
2.668303790010939598e+09
2.667734915278413296e+09
2.667166761105878353e+09
2.666595249134696484e+09
2.666021032442617416e+09
2.665447454097543716e+09
2.664872562586518288e+09
2.664294399670755863e+09
2.663715462962717533e+09
2.663136110580714703e+09
2.662554472069070816e+09
2.661970782749259472e+09
2.661386607625737667e+09
2.660801035408678532e+09
