1.912424279951032877e+09
1.073946696478672974e+12
1.719040821046060791e+11
3.726330009211152344e+11
5.938957080657877197e+11
4.373449638081594849e+11
1.711731979490769653e+11
8.034891373474914551e+10
1.888937184667492065e+11
2.885629458178910522e+11
2.485970005175583496e+11
1.419643834282982178e+11
7.321388756429519653e+10
6.776436669029637909e+10
1.017541444473331604e+11
1.358584236835988464e+11
1.334265437937699280e+11
8.751511422561001587e+10
3.599678625624617767e+10
2.620171045639302826e+10
5.746032254430967712e+10
8.312494414771781921e+10
7.279256471974510193e+10
4.175721516551692963e+10
2.004610448662268829e+10
1.966819589120396423e+10
3.334888565886978149e+10
4.537359486990679169e+10
4.180457004412828064e+10
2.324568278841193008e+10
7.974835233862025261e+09
1.125268949535220146e+10
2.491088471116284943e+10
2.920994761394097900e+10
1.949162188129886246e+10
8.272309594907179832e+09
6.097580818611373901e+09
1.150110211415695763e+10
1.660576435401258087e+10
1.537991992815496063e+10
8.649884593681770325e+09
3.675159421383595467e+09
5.609073063583357811e+09
1.034628725208302498e+10
1.065937792013495636e+10
6.477147044190749168e+09
3.370863985234696865e+09
4.036846910209242344e+09
6.250637946516607285e+09
6.922158253375628471e+09
5.232722132611227036e+09
3.080255016038263798e+09
2.880416731690692902e+09
4.339688654050545692e+09
4.962064973865345955e+09
3.867027490387007713e+09
2.631623168226079464e+09
2.552210273593050480e+09
3.254331858508734703e+09
3.641894955706237793e+09
3.124566003366240978e+09
2.284564117561376095e+09
2.182961308285015106e+09
2.767129928407013416e+09
2.982408629024296284e+09
2.487978443463460922e+09
2.012737934922673225e+09
2.109316503194562197e+09
2.474302792785747051e+09
2.495344477100179195e+09
2.116434135170727968e+09
1.890495384589960814e+09
2.081247357329269409e+09
2.275210522849903584e+09
2.142550488147017479e+09
1.913333911507256031e+09
1.895227791284965038e+09
2.035185591350614309e+09
2.078362167678905487e+09
1.949252055450896978e+09
1.843355902254110575e+09
1.896123855988280058e+09
1.975190421668233395e+09
1.938239060717393160e+09
1.849421715883063316e+09
1.834307425257081747e+09
1.888814698734592438e+09
1.905737427339359522e+09
1.852079158916772842e+09
1.815348251378104925e+09
1.839736109930473089e+09
1.864602598757442951e+09
1.846283839300410032e+09
1.813686485997504950e+09
1.811434226624372482e+09
1.834646249441550732e+09
1.835724017913025141e+09
1.809740355322611570e+09
1.800770316297508955e+09
1.815492712924305439e+09
1.821299214856031656e+09
1.807658446112619162e+09
1.795863481095708132e+09
1.802831687902116299e+09
1.811620833566996098e+09
1.802985561878084421e+09
1.793048161248704195e+09
1.797153651600705624e+09
1.802749955489502668e+09
1.798782142495883703e+09
1.791914155931998253e+09
1.792628523650621176e+09
1.797250673232953072e+09
1.795027401500545025e+09
1.790075415178459167e+09
1.790555561743963718e+09
1.792726979406132936e+09
1.791872102825612783e+09
1.789048298874844790e+09
1.788139651356176376e+09
1.789892557443724632e+09
1.789624150483815670e+09
1.787208285414102793e+09
1.786770808260088205e+09
1.787692666504668236e+09
1.787419746678488493e+09
1.785937666614026308e+09
1.785274555470579863e+09
1.785965682217422009e+09
1.785703289095971823e+09
1.784446244476256132e+09
1.784127877157005072e+09
1.784407893125607729e+09
1.784082487179297447e+09
1.783224223892944574e+09
1.782874777779434443e+09
1.783043184820936680e+09
1.782649796981440783e+09
1.781961093110231161e+09
1.781745964493842602e+09
1.781696415731578827e+09
1.781318059527097702e+09
1.780778728177785873e+09
1.780560988141996145e+09
1.780443205275964975e+09
1.780028063399668455e+09
1.779607949397095442e+09
1.779396256376290798e+09
1.779182521630570412e+09
1.778803739558598518e+09
1.778430146254290581e+09
1.778214891943500996e+09
1.777955690678555250e+09
1.777579734727934837e+09
1.777260574645146370e+09
1.777021721812722445e+09
1.776728767069593668e+09
1.776371724457567930e+09
1.776077987861780167e+09
1.775817976456182241e+09
1.775499540292714357e+09
1.775169246955204010e+09
1.774880063432074547e+09
1.774597412733785152e+09
1.774275860674695015e+09
1.773955362098272800e+09
1.773667434779341221e+09
1.773367695551157475e+09
1.773044100608536243e+09
1.772733090916709185e+09
1.772438583923428774e+09
1.772126716058059931e+09
1.771804605081433296e+09
1.771498580968067169e+09
1.771193614159179926e+09
1.770874775172659397e+09
1.770556415605660200e+09
1.770248216447013617e+09
1.769934398563413858e+09
1.769612511248933792e+09
1.769296143604588270e+09
1.768982126516519308e+09
1.768662144144387484e+09
1.768339534640010834e+09
1.768021244712537766e+09
1.767701900019094229e+09
1.767377428915195704e+09
1.767053935749361992e+09
1.766732268570248365e+09
1.766407670369424820e+09
1.766080434322897434e+09
1.765755042167954683e+09
1.765429132754293680e+09
1.765100114655930042e+09
1.764770932611544609e+09
1.764442398924038172e+09
1.764112068455832481e+09
1.763779913992904186e+09
1.763448292949013710e+09
1.763115949413088322e+09
