2.078150164537793398e+09
1.060913864894715942e+12
1.707744554893637695e+11
3.726553603496263428e+11
5.853527722896528320e+11
4.298880244199519043e+11
1.672109518257715149e+11
7.919988088340336609e+10
1.901938309244034424e+11
2.884279871497250977e+11
2.436199590712137451e+11
1.347830842917991943e+11
7.104021034972624207e+10
7.176383499072541809e+10
1.049122791212080536e+11
1.327384844467779694e+11
1.271462589200729675e+11
8.476728288790489197e+10
3.833919193078788757e+10
2.916852846409834290e+10
5.694860649606598663e+10
7.986232631301118469e+10
7.033991205225923157e+10
4.204999378789385223e+10
2.172722054719017792e+10
2.025077566137373352e+10
3.213914426413231277e+10
4.390325256267307281e+10
4.158043772722709656e+10
2.392415975422452545e+10
8.288430835188180923e+09
1.089548791906969643e+10
2.454473753842473984e+10
2.915724510374773407e+10
1.948529116520335388e+10
8.241546533057826996e+09
6.222227920636872292e+09
1.165751907648971939e+10
1.653721534001631927e+10
1.522012760688245010e+10
8.697261647699062347e+09
3.889625931569504261e+09
5.756324647095400810e+09
1.037282212189951134e+10
1.066025179951165962e+10
6.531105462787700653e+09
3.513194401354781628e+09
4.217392184223014832e+09
6.363270051659510612e+09
6.970660353924057961e+09
5.319895426899094582e+09
3.226394737785881519e+09
3.032757995013864517e+09
4.482960090202248573e+09
5.084446917828873634e+09
3.957346188330164909e+09
2.749877841312646389e+09
2.736133961365144253e+09
3.424346246497473240e+09
3.745182210279622555e+09
3.229115129791678905e+09
2.443042735375325203e+09
2.359722374729355335e+09
2.917562326450194836e+09
3.102176186816716671e+09
2.613349416364769459e+09
2.180576516172934055e+09
2.286612672570039272e+09
2.608073308925459385e+09
2.618231328809719086e+09
2.278689498103936195e+09
2.061508776111360788e+09
2.225625242682414532e+09
2.415600248147709846e+09
2.297161203638866901e+09
2.071752631675013304e+09
2.049884755156847477e+09
2.185124094668583870e+09
2.228841596026815891e+09
2.105961018320043325e+09
1.998844310023158789e+09
2.047380408413533688e+09
2.130322631544651508e+09
2.094096834010478735e+09
2.001120269855595827e+09
1.988989616374169111e+09
2.046371505117586613e+09
2.059427185310467005e+09
2.004757842963295460e+09
1.970911963035545588e+09
1.996166329419002771e+09
2.019709314653017521e+09
1.999634609021922350e+09
1.968039068802898169e+09
1.968379989439403057e+09
1.990159302075648546e+09
1.988877512951166153e+09
1.964563138027436018e+09
1.957213398199734211e+09
1.970644725448388100e+09
1.975213003286934853e+09
1.962389787105843782e+09
1.951765662884870529e+09
1.957868890352223158e+09
1.965677053154051781e+09
1.958004692380032301e+09
1.948367518272624969e+09
1.951701075024320126e+09
1.957434273734898567e+09
1.953585763877093077e+09
1.946533529678597689e+09
1.947408889798085928e+09
1.951849952161004782e+09
1.949465655111152649e+09
1.944670453726342440e+09
1.945060473569387197e+09
1.947172489439957380e+09
1.946252126383318901e+09
1.943299102808654547e+09
1.942524363199332476e+09
1.944207646858197927e+09
1.943698884503612995e+09
1.941361070244763374e+09
1.940959120922704458e+09
1.941724471043659687e+09
1.941374148309293270e+09
1.939896024724030495e+09
1.939214826988498211e+09
1.939804365496948957e+09
1.939469340441868782e+09
1.938206624784961462e+09
1.937829830466622829e+09
1.938044188458308935e+09
1.937664843070557594e+09
1.936747138471516371e+09
1.936369353413724899e+09
1.936477099314236164e+09
1.936003625559615850e+09
1.935280581787821054e+09
1.935024856851952076e+09
1.934903567194748163e+09
1.934462186142431021e+09
1.933883539210797310e+09
1.933616270050391436e+09
1.933426904710884809e+09
1.932957945559606314e+09
1.932494303122455597e+09
1.932221195723172903e+09
1.931946291473224640e+09
1.931515942808536053e+09
1.931087562939785004e+09
1.930814216361923695e+09
1.930498134963619232e+09
1.930064466980121851e+09
1.929690365189039946e+09
1.929396111667034149e+09
1.929041708494133234e+09
1.928628216513412714e+09
1.928280686533622503e+09
1.927960317629052401e+09
1.927582434970525980e+09
1.927196362135343313e+09
1.926850118282305956e+09
1.926506822110907793e+09
1.926126325857292891e+09
1.925750034976242781e+09
1.925401919993340731e+09
1.925041852529132843e+09
1.924661044263063431e+09
1.924290405869546652e+09
1.923935917606404781e+09
1.923564719031996727e+09
1.923182913711789608e+09
1.922817314106217861e+09
1.922451823643232107e+09
1.922072813414648771e+09
1.921694454209371805e+09
1.921325505101334810e+09
1.920950983115970373e+09
1.920568212988986969e+09
1.920191045986118793e+09
1.919815862848198891e+09
1.919434299325774193e+09
1.919050482629719496e+09
1.918670622058691740e+09
1.918289328804677963e+09
1.917902957591547489e+09
1.917517487788357019e+09
1.917133597355722189e+09
1.916746449417882442e+09
1.916356766891739845e+09
1.915968780943861961e+09
1.915579867225121498e+09
1.915187868939538002e+09
1.914795626359447479e+09
1.914403740371901989e+09
1.914009898130560398e+09
1.913614192563967466e+09
1.913218840730264664e+09
1.912822517669642448e+09
