1.357932928343444141e+13
1.317248023635499414e+13
1.226971314682432031e+13
1.176050192086261328e+13
1.120046560328490820e+13
1.052091224124381836e+13
9.906825335035642578e+12
9.456886027657070312e+12
9.034864161949017578e+12
8.538612847472023438e+12
8.034197588222623047e+12
7.611370212289314453e+12
7.258005288085824219e+12
6.903435138845654297e+12
6.526519531965668945e+12
6.163165724345870117e+12
5.842470420307473633e+12
5.555424673348604492e+12
5.277057045895688477e+12
4.997710772086444336e+12
4.727871567656205078e+12
4.480620670677349609e+12
4.256360418747671387e+12
4.044406030764222168e+12
3.836390787113739258e+12
3.635192999529511719e+12
3.449306488765166992e+12
3.280641623826834473e+12
3.122020829838451172e+12
2.967148453586979004e+12
2.817989262139720703e+12
2.680254488684370605e+12
2.553881500926795410e+12
2.433907340828522461e+12
2.317828075905094727e+12
2.206998808502475586e+12
2.103297517479250488e+12
2.006744484171374756e+12
1.915372778893183105e+12
1.827314172041960449e+12
1.742831872779898926e+12
1.663513643532272705e+12
1.589389918036926025e+12
1.518755156872547119e+12
1.450566710625705811e+12
1.385532239718600586e+12
1.324569662983351318e+12
1.267041588061657227e+12
1.211883581437122070e+12
1.159013045369309082e+12
1.108929171968306885e+12
1.061677651916725098e+12
1.016756085910694458e+12
9.737471365609027100e+11
9.326441335540992432e+11
8.937244978178177490e+11
8.568909398847875977e+11
8.216598285464504395e+11
7.878480306858425293e+11
7.557299893846525879e+11
7.253336123244354248e+11
6.962775648936258545e+11
6.683858488043126221e+11
6.418158820639454346e+11
6.166130032000751953e+11
5.925636427894437256e+11
5.694877006333841553e+11
5.474254419585500488e+11
5.264585548096087036e+11
5.064518500874307861e+11
4.872488813650136719e+11
4.688543148331391602e+11
4.513182154883661499e+11
4.345762173878159790e+11
4.185066700817982178e+11
4.030932376263434448e+11
3.883691698548641357e+11
3.742831612875537720e+11
3.607676149575993652e+11
3.478045654783020020e+11
3.353847274459131470e+11
3.234899658800311279e+11
3.120862273806586914e+11
3.011332289959164429e+11
2.906265076200499878e+11
2.805585436892101440e+11
2.708932472250937805e+11
2.616107539022404480e+11
2.527011023365354919e+11
2.441496805233381348e+11
2.359394514877355652e+11
2.280502570282512207e+11
2.204734461300861816e+11
2.131975397091635742e+11
2.062048226994123535e+11
1.994848581809143372e+11
1.930298336219014587e+11
1.868255521224321899e+11
1.808594430724056702e+11
1.751275572050749512e+11
1.696206017104394531e+11
1.643284884284892578e+11
1.592496779525965576e+11
1.543771640443700867e+11
1.496738281737026672e+11
1.450985694207230530e+11
1.406960666618876343e+11
1.365175305267576599e+11
1.325011980308870544e+11
1.285850291284317169e+11
1.248212397559756470e+11
1.212400095609407349e+11
1.177724774524576569e+11
1.144062916171151276e+11
1.111922866596556396e+11
1.081055722767019501e+11
1.051047958571444397e+11
1.022195078851695251e+11
9.945786566543026733e+10
9.678123275406370544e+10
9.419319564211119080e+10
9.171412967461972046e+10
8.932100382479321289e+10
8.700069270896804810e+10
8.477057695711102295e+10
8.262428956074627686e+10
8.054344325048225403e+10
7.853492357260682678e+10
7.660346149259741211e+10
7.473478722119981384e+10
7.292511507836677551e+10
7.118168727883981323e+10
6.949900274090113831e+10
6.786803169504550934e+10
6.629145501733202362e+10
6.477084907766683960e+10
6.329901536987257385e+10
6.187256317724903107e+10
6.049414018431207275e+10
5.916193466574882507e+10
5.787064142466921234e+10
5.661931562563388062e+10
5.540909935204908752e+10
5.423753691980678558e+10
5.310112737479825592e+10
5.199944601955241394e+10
5.093283550992108917e+10
4.989940871096380615e+10
4.889721886885194397e+10
4.792694795445530701e+10
4.699145664325318146e+10
4.609539283867541504e+10
4.524471643135350800e+10
4.442871101050079346e+10
4.358886801908951569e+10
4.269488214348251343e+10
4.186217621299264526e+10
4.114311228533499908e+10
4.041475099287472534e+10
3.963232819910876465e+10
3.891682122986621857e+10
3.826912192471653748e+10
3.758171057651103973e+10
3.689971367694647217e+10
3.629077498655462646e+10
3.567876452866030884e+10
3.504913768731867218e+10
3.447226970764702606e+10
3.391515000439248657e+10
3.333959304968517303e+10
3.279623863373101044e+10
3.228186442225956345e+10
3.175590251556183243e+10
3.124682451142009354e+10
3.076793317819475937e+10
3.028671325704711151e+10
2.981403875764315414e+10
2.937129230744256592e+10
2.894169734447860336e+10
2.852791908011980820e+10
2.813622919004257202e+10
2.771155345477919006e+10
2.724683096798796844e+10
2.684216948290771103e+10
2.649635931125270844e+10
2.611070101872465515e+10
2.570314818157617188e+10
2.535572254470234680e+10
2.502128257903895950e+10
2.465045379151221466e+10
2.430708960754882050e+10
2.400056993783592606e+10
2.367715791600794220e+10
2.337329217066266632e+10
2.313295701456045914e+10
2.289728302045473099e+10
2.257253479810144806e+10
2.216994108345222092e+10
2.185656330584888077e+10
2.164675650129585266e+10
