2.136741966910538101e+10
7.802915155007634277e+11
2.466653735687909241e+11
3.528955357926602173e+11
4.544687419291492310e+11
3.532535403427835083e+11
1.624996265176314087e+11
1.018062902153081207e+11
1.971090330781579590e+11
2.544418544650740051e+11
1.869974256918810120e+11
1.013935445297401276e+11
8.438916245150283813e+10
1.048189746778668976e+11
1.127198405433816223e+11
1.063546351822294922e+11
9.644566074156335449e+10
7.839292462648785400e+10
5.650464676161734772e+10
5.060944786768489838e+10
6.240281238930054474e+10
6.853959210309304810e+10
5.779338329041637421e+10
4.404728590141986847e+10
3.838048800711776733e+10
3.646203589698341370e+10
3.552634533060918427e+10
3.858325859533087921e+10
4.052936068525290680e+10
3.258407882465386581e+10
2.100213927507701874e+10
2.000929219601988602e+10
2.795735903617194366e+10
3.031389967883850479e+10
2.335329668527243042e+10
1.672351847089956093e+10
1.614006809350801659e+10
1.837404867433957672e+10
1.962947414309861374e+10
1.855071895914045715e+10
1.507448667771716309e+10
1.200762347027555275e+10
1.262693075180495071e+10
1.491680416874543571e+10
1.437705622703308105e+10
1.151911434639797783e+10
1.010618056301496124e+10
1.061784057428632545e+10
1.102062536795514297e+10
1.067695657204850388e+10
9.866523093428863525e+09
8.818638482338584900e+09
8.382031536696682930e+09
8.787095486551939011e+09
8.827832825476018906e+09
8.070163771263871193e+09
7.453472522614928246e+09
7.299984509186963081e+09
7.234754964433233261e+09
7.207015932553524971e+09
7.026287417047142982e+09
6.480426698399009705e+09
6.113601453499297142e+09
6.280119611429594994e+09
6.353360212835997581e+09
5.957928899727155685e+09
5.574225700623276711e+09
5.523150029865323067e+09
5.581538010127993584e+09
5.493215154041254997e+09
5.228056892697457314e+09
4.996633096672324181e+09
4.987186443450977325e+09
5.018554800922834396e+09
4.864220913378079414e+09
4.658349330635814667e+09
4.579356610181486130e+09
4.571312214300958633e+09
4.520566251896976471e+09
4.394312484359500885e+09
4.268198128483618259e+09
4.231373944056190968e+09
4.219789740285329819e+09
4.136996798781322479e+09
4.034272840963031769e+09
3.982285751210348129e+09
3.956098233538242340e+09
3.912824956348768711e+09
3.844497078103027344e+09
3.779879249442561150e+09
3.749097904485230923e+09
3.725006869128352642e+09
3.673622507867397308e+09
3.619691347686211109e+09
3.587981460735480785e+09
3.563822047535698891e+09
3.530326436004996777e+09
3.489068741955913544e+09
3.455564328521183491e+09
3.434681011548128605e+09
3.410794792415649414e+09
3.378569852801101685e+09
3.349913606562407494e+09
3.330116180650424480e+09
3.311769224397949696e+09
3.287816519025509357e+09
3.263217609853806019e+09
3.245943452049026966e+09
3.231423923241244316e+09
3.212415273458208084e+09
3.192823089805371761e+09
3.178160036573260307e+09
3.165815097228281021e+09
3.151084596261527538e+09
3.135439623054315090e+09
3.123275883747028828e+09
3.113031276863459587e+09
3.101087212508216381e+09
3.089007979277368546e+09
3.079106745537150860e+09
3.070288785009466171e+09
3.060932333395949841e+09
3.051562952826950550e+09
3.043352178466262341e+09
3.036066514982464790e+09
3.028757627618674755e+09
3.021305564126276016e+09
3.014581477862423420e+09
3.008769282576197624e+09
3.002909632979452610e+09
2.996911655735283852e+09
2.991607440185675144e+09
2.986891916021144390e+09
2.982137781239088058e+09
2.977416725823640347e+09
2.973166088924951077e+09
2.969349448245200634e+09
2.965533588674199104e+09
2.961756213545092583e+09
2.958374189900898457e+09
2.955293828964293003e+09
2.952188467143059731e+09
2.949174153936107635e+09
2.946490366414839268e+09
2.943957356384012699e+09
2.941434012900571823e+09
2.939041948362422943e+09
2.936852240694766998e+09
2.934779640104968548e+09
2.932727807197543621e+09
2.930783713798781395e+09
2.929004795492540359e+09
2.927280220214113712e+09
2.925595653775990486e+09
2.924009934287617207e+09
2.922524747547756195e+09
2.921089082972337246e+09
2.919684514389531612e+09
2.918364209555920124e+09
2.917114726738770008e+09
2.915892380929891109e+09
2.914708235480968475e+09
2.913586863868045330e+09
2.912514011064510822e+09
2.911457824442823410e+09
2.910438259610449314e+09
2.909469434868497849e+09
2.908524210086109161e+09
2.907597146088390350e+09
2.906703115730129242e+09
2.905841907665622234e+09
2.904995146550616741e+09
2.904165182622342587e+09
2.903363308703281879e+09
2.902579606105123043e+09
2.901806611206284046e+09
2.901049934011266708e+09
2.900312469178389549e+09
2.899585455769188881e+09
2.898867508940060616e+09
2.898163541065080643e+09
2.897470778321397305e+09
2.896785347287570477e+09
2.896107358055216312e+09
2.895439426456216812e+09
2.894778665887023926e+09
2.894122122528912544e+09
2.893472339395547867e+09
2.892829035516634941e+09
2.892189530491536140e+09
2.891553410907977104e+09
2.890922391420598030e+09
2.890294995294669151e+09
2.889669480828238010e+09
2.889047006798899651e+09
2.888427634708686352e+09
2.887809790935855389e+09
2.887193269657566547e+09
2.886578972652214527e+09
2.885965937568807125e+09
