2.257451331983817101e+09
1.046573187519009399e+12
1.748782414653613281e+11
3.634365673112450562e+11
5.739933222735441895e+11
4.290270339963012085e+11
1.647947839679872131e+11
7.506008384271124268e+10
1.882172043240935974e+11
2.850901188460775757e+11
2.380189249348983459e+11
1.329269590713973083e+11
7.362156093202210999e+10
7.143051498497669983e+10
9.934197839648718262e+10
1.284992109454082336e+11
1.285250791738974762e+11
8.727862447602642822e+10
3.682650755929607391e+10
2.544172039160051727e+10
5.550835448442852783e+10
8.091833161175874329e+10
7.097324456011474609e+10
4.110458726775292206e+10
2.044493228303274155e+10
1.966846669904414749e+10
3.220400453528519058e+10
4.414852567943743134e+10
4.146146609202567291e+10
2.329744266705871964e+10
7.823209995053018570e+09
1.111552052179102516e+10
2.485002383894015503e+10
2.885682075571965408e+10
1.906932439087419128e+10
8.387766762969062805e+09
6.517279203339017868e+09
1.152564387958499527e+10
1.633938874153565598e+10
1.537787039402759552e+10
8.873344609922206879e+09
3.831797645047965050e+09
5.782399945474564552e+09
1.057203641603281021e+10
1.072933187634523010e+10
6.506237150913125992e+09
3.670396037257235527e+09
4.444724310459176064e+09
6.425137214464180946e+09
6.993625141291497231e+09
5.480752300749941826e+09
3.430807926046316624e+09
3.166228358879721642e+09
4.575369750949798584e+09
5.194421784178400993e+09
4.123641471164259911e+09
2.948174876234652996e+09
2.874370627922832489e+09
3.514955682386313438e+09
3.901441610982333183e+09
3.433628644589798450e+09
2.594255402780485153e+09
2.481973995884907722e+09
3.076459586071953773e+09
3.275702899568700314e+09
2.777032869519805908e+09
2.340215887498227596e+09
2.437390630747849464e+09
2.766910373569844723e+09
2.797399506599206924e+09
2.443631957885098457e+09
2.210182523912235260e+09
2.394990974473001480e+09
2.591776695363951683e+09
2.455343110478405952e+09
2.233994244731764793e+09
2.223156149632938862e+09
2.351250473524529457e+09
2.392480113194623947e+09
2.274435173330326080e+09
2.167010942301385880e+09
2.215923568887696743e+09
2.297631272528855324e+09
2.259419623005402565e+09
2.171390641726046085e+09
2.159775893743294716e+09
2.211665512387013435e+09
2.227027493494050503e+09
2.175725006944914818e+09
2.139574472539577961e+09
2.164383180438618183e+09
2.187996948042794228e+09
2.168041069378146648e+09
2.138848765363612413e+09
2.137381786963257313e+09
2.156671229937241077e+09
2.158951359907264709e+09
2.135461554568810463e+09
2.124671781453564644e+09
2.138922893121669531e+09
2.145570871052500963e+09
2.131615367230028152e+09
2.120128619544245243e+09
2.126939471552646399e+09
2.135200369688821793e+09
2.127072100607946634e+09
2.117119401494983196e+09
2.120930791067421675e+09
2.126629960777315378e+09
2.122409686377093077e+09
2.115660110643887758e+09
2.116522984924027205e+09
2.120681215281021595e+09
2.118481030263865709e+09
2.113704380883514404e+09
2.113952099774408817e+09
2.116062109451122999e+09
2.115114992528136253e+09
2.112212887764725208e+09
2.111390688627616882e+09
2.112930310391580582e+09
2.112489438872167826e+09
2.110190674713044882e+09
2.109660368786173105e+09
2.110370897637778759e+09
2.110069897929206848e+09
2.108576282391550541e+09
2.107790506302764893e+09
2.108357400042736769e+09
2.108045520775697231e+09
2.106725917100266218e+09
2.106294780742083788e+09
2.106486605727601767e+09
2.106087495060746431e+09
2.105136973908955812e+09
2.104704510917155981e+09
2.104785719760075092e+09
2.104290027033720493e+09
2.103523681547018528e+09
2.103230041548248529e+09
2.103071575480926514e+09
2.102602773249367714e+09
2.101988410731757641e+09
2.101674066787360907e+09
2.101454592089136124e+09
2.100952742570029020e+09
2.100448428967689514e+09
2.100135985300946951e+09
2.099825036617856979e+09
2.099360818797732353e+09
2.098891324590497017e+09
2.098579179722193718e+09
2.098225839504165649e+09
2.097755261685275078e+09
2.097343406538297892e+09
2.097004919535073042e+09
2.096616017879480362e+09
2.096166264687654495e+09
2.095772888880193233e+09
2.095415860960244179e+09
2.095001184852188587e+09
2.094572521574869633e+09
2.094186019281699181e+09
2.093804407066536903e+09
2.093383831741683483e+09
2.092965857010385275e+09
2.092578119155171633e+09
2.092177615115758419e+09
2.091755922720200062e+09
2.091344551050708055e+09
2.090948496152951717e+09
2.090537052639512777e+09
2.090113669826859713e+09
2.089706275851593971e+09
2.089299817863684893e+09
2.088878923080477953e+09
2.088458929155730724e+09
2.088047901873411894e+09
2.087631366778603077e+09
2.087206756286465406e+09
2.086787030731741667e+09
2.086369403654089451e+09
2.085945550416487217e+09
2.085519097393398523e+09
2.085096250050191402e+09
2.084672195684488297e+09
2.084242996435573339e+09
2.083814222609516382e+09
2.083387058857142687e+09
2.082956752978112221e+09
2.082523557014932156e+09
2.082091844963922501e+09
2.081659393999465704e+09
2.081223589518621445e+09
2.080787329593475580e+09
2.080351468553981066e+09
2.079913489222492695e+09
2.079473517728747845e+09
2.079033772865741491e+09
2.078592983617069244e+09
