1.569035876866983500e+15
1.488527975085884500e+15
1.411846490166549000e+15
1.338823893635368250e+15
1.269277914374807500e+15
1.203045498714687250e+15
1.139973624458541750e+15
1.079920299470325750e+15
1.022748515850294750e+15
9.683228133066587500e+14
9.165134284861510000e+14
8.672015765042972500e+14
8.202803691061938750e+14
7.756512411906135000e+14
7.332196543635273750e+14
6.928936191217661250e+14
6.545853304909668750e+14
6.182136926427935000e+14
5.837052141006673750e+14
5.509929592377866875e+14
5.200142788459927500e+14
4.907076409082451875e+14
4.630094892628973750e+14
4.368528587349956875e+14
4.121685459908155000e+14
3.888876768321723750e+14
3.669435665998263125e+14
3.462719722212685625e+14
3.268105367929424375e+14
3.084984758892486875e+14
2.912767132166749375e+14
2.750880891930498750e+14
2.598774206991152812e+14
2.455915023100287188e+14
2.321791487112606562e+14
2.195912716367292500e+14
2.077809319132027500e+14
1.967032714853000000e+14
1.863152973208751562e+14
1.765756483974834062e+14
1.674444945361775312e+14
1.588835874262502500e+14
1.508564269268303750e+14
1.433285367944334688e+14
1.362677913123598594e+14
1.296445746474624062e+14
1.234315853834405938e+14
1.176034321503505469e+14
1.121363589997461250e+14
1.070081535675413594e+14
1.021979887359442500e+14
9.768613176451870312e+13
9.345373058440032812e+13
8.948277945561110938e+13
8.575616339547225000e+13
8.225769812209651562e+13
7.897214844091865625e+13
7.588521698656070312e+13
7.298352643305101562e+13
7.025462649446494531e+13
6.768701231022027344e+13
6.527011815677255469e+13
6.299425481868816406e+13
6.085047424048536719e+13
5.883040852182765625e+13
5.692617380924860156e+13
5.513034806013119531e+13
5.343594538387713281e+13
5.183636950887175781e+13
5.032540721442401562e+13
4.889727145315835156e+13
4.754662898803140625e+13
4.626857720657107031e+13
4.505859938216046094e+13
4.391252421863146094e+13
4.282648715703035156e+13
4.179689218716088281e+13
4.082037456919638281e+13
3.989376661797639062e+13
3.901407733321781250e+13
3.817848671318611719e+13
3.738434389634081250e+13
3.662916014014770312e+13
3.591058991940671094e+13
3.522640752231874219e+13
3.457449943600853516e+13
3.395287291837722266e+13
3.335966269240187109e+13
3.279313118120566016e+13
3.225166633134443750e+13
3.173377473843678516e+13
3.123806936128279688e+13
3.076325442746276562e+13
3.030811130839842188e+13
2.987149120678699609e+13
2.945231557879905078e+13
2.904957771383091016e+13
2.866233940330337500e+13
2.828972252861776953e+13
2.793089953819792188e+13
2.758508773983232812e+13
2.725154884158614062e+13
2.692959004584303516e+13
2.661856389533021875e+13
2.631786717146321484e+13
2.602693874569798438e+13
2.574525614594564453e+13
2.547233122398504688e+13
2.520770577504150000e+13
2.495094908956800000e+13
2.470165744732573047e+13
2.445945285721640234e+13
2.422398046526709766e+13
2.399490611112492969e+13
2.377191486169268359e+13
2.355471031443840234e+13
2.334301360890532812e+13
2.313656191441958984e+13
2.293510722584867188e+13
2.273841558274066406e+13
2.254626632471501953e+13
2.235845137625496094e+13
2.217477457213446875e+13
2.199505097982087891e+13
2.181910620922297656e+13
2.164677560886776562e+13
2.147790339153816406e+13
2.131234188469442969e+13
2.114995101727935938e+13
2.099059805699037891e+13
2.083415740745285938e+13
2.068051027205009766e+13
2.052954429059412109e+13
2.038115315985669531e+13
2.023523622956708594e+13
2.009169820660548828e+13
1.995044890148855859e+13
1.981140292878545312e+13
1.967447939334610547e+13
1.953960158494436328e+13
1.940669670618291797e+13
1.927569563266482031e+13
1.914653270955633203e+13
1.901914559027937109e+13
1.889347508870371875e+13
1.876946503658984766e+13
1.864706212111772266e+13
1.852621569654153125e+13
1.840687762094138281e+13
1.828900211000973047e+13
1.817254556787567188e+13
1.805746643126159375e+13
1.794372504796725781e+13
1.783128357098981641e+13
1.772010587077405469e+13
1.761015745924601172e+13
1.750140541107148047e+13
1.739381828217085938e+13
1.728736603639168750e+13
1.718201997170493164e+13
1.707775263383452344e+13
1.697453774069291211e+13
1.687235012226454297e+13
1.677116566180096680e+13
1.667096124580246484e+13
1.657171472396389453e+13
1.647340486713832812e+13
1.637601131771750391e+13
1.627951453744644336e+13
1.618389576134175391e+13
1.608913696118206055e+13
1.599522081560057031e+13
1.590213068042583594e+13
1.580985055657116602e+13
1.571836505875683594e+13
1.562765938487394336e+13
1.553771928594655859e+13
1.544853103950385547e+13
1.536008142511153320e+13
1.527235770115650391e+13
1.518534758248162891e+13
1.509903921865050195e+13
1.501342117304271094e+13
1.492848240283665430e+13
1.484421224030485742e+13
1.476060037474834570e+13
1.467763683567323438e+13
1.459531197780778711e+13
1.451361646684418164e+13
1.443254126541012891e+13
1.435207761936904492e+13
1.427221704470113477e+13
1.419295131519809375e+13
1.411427245093916406e+13
1.403617270752987500e+13
1.395864456592284766e+13
1.388168072266124805e+13
1.380527408026317773e+13
1.372941773792908203e+13
1.365410498308642578e+13
