2.451126760396856308e+09
1.008082781172629395e+12
1.721390915296854858e+11
3.701087982983018188e+11
5.513244845321846924e+11
4.026105456983345947e+11
1.597637982751172485e+11
8.401120346899188232e+10
1.898104507786716003e+11
2.730866047901141052e+11
2.236280511535426636e+11
1.259588591074817505e+11
7.491190319264955139e+10
7.529928471675755310e+10
9.919411726153479004e+10
1.223128919245940399e+11
1.201553803272336884e+11
8.286000684005960083e+10
3.859110474971491241e+10
2.922091506771480942e+10
5.532796595198102570e+10
7.582925336689457703e+10
6.574610035374438477e+10
4.021717145583651733e+10
2.303066409989154434e+10
2.125879081377721786e+10
3.042895883947195053e+10
4.099667739027986145e+10
4.001964796221858978e+10
2.399536546780441666e+10
8.778477095514320374e+09
1.094154319150840187e+10
2.383763502050304413e+10
2.793341804481845856e+10
1.872707815193072891e+10
8.605922410404293060e+09
6.912130809790961266e+09
1.153944509361678314e+10
1.582450255609872055e+10
1.487824333573997498e+10
8.937116209951950073e+09
4.261145095744396210e+09
5.967578710017724991e+09
1.035083001880439377e+10
1.049661076774874878e+10
6.584397688218902588e+09
3.937139339603824615e+09
4.612197913883708954e+09
6.433227643677551270e+09
6.993198570934634209e+09
5.564063687521373749e+09
3.569415329690433979e+09
3.339068111761385918e+09
4.753579397358988762e+09
5.290535371464383125e+09
4.152445504386368275e+09
3.077786862180501938e+09
3.138048731617825508e+09
3.715676361386783600e+09
3.955672977627257824e+09
3.512620852323884964e+09
2.809535064109880447e+09
2.721016677379363537e+09
3.223048748151056290e+09
3.372025279821455479e+09
2.926332999538441181e+09
2.559771487432080746e+09
2.642323587246753216e+09
2.902268123204071999e+09
2.929647122594775677e+09
2.639152232951482296e+09
2.418225895832294941e+09
2.557774926840359211e+09
2.744870503952550888e+09
2.637004728490832329e+09
2.423161514830332279e+09
2.401180032506701946e+09
2.526199342907791615e+09
2.568886606409278870e+09
2.452585878548636913e+09
2.349628071723008633e+09
2.399723544056097031e+09
2.476486736351520061e+09
2.435441186185031891e+09
2.352620115023589134e+09
2.345982889219835281e+09
2.393541973978264809e+09
2.404201515088664055e+09
2.356851709709350586e+09
2.324385237076395035e+09
2.347147389107620716e+09
2.368946550484240055e+09
2.348866822837855339e+09
2.320943105256651878e+09
2.321904027752150536e+09
2.339740772983232498e+09
2.338738033256539345e+09
2.317435351670422077e+09
2.309828545597980499e+09
2.321754201060792923e+09
2.325944316925387383e+09
2.314122519192432404e+09
2.304515929695182800e+09
2.309547867827784061e+09
2.316502521014646530e+09
2.309861157067516804e+09
2.300606432409206390e+09
2.303376753247138023e+09
2.308851638188920498e+09
2.305049474596460342e+09
2.298395233933232307e+09
2.299267805893582821e+09
2.303134462604309082e+09
2.300805035682640553e+09
2.296369135429638386e+09
2.296605848416174889e+09
2.298456634990594864e+09
2.297468980172205925e+09
2.294644204792129040e+09
2.293929973986066341e+09
2.295323666758622169e+09
2.294679460862713337e+09
2.292537639431295872e+09
2.292081328229129314e+09
2.292594406480125904e+09
2.292218356901974201e+09
2.290799400314239979e+09
2.290030160751593590e+09
2.290479767485074043e+09
2.290087566266111374e+09
2.288818272043377399e+09
2.288378647112763882e+09
2.288476807904051781e+09
2.288021267377467632e+09
2.287082411191332340e+09
2.286645681366697788e+09
2.286633596676882744e+09
2.286092307062975407e+09
2.285345611713623047e+09
2.285001345712105751e+09
2.284780854430419922e+09
2.284286028134240150e+09
2.283647513615061760e+09
2.283299462177630901e+09
2.283024597647237778e+09
2.282488235587068558e+09
2.281963348827425957e+09
2.281605577788758278e+09
2.281249864663408756e+09
2.280751289448805809e+09
2.280251075739815712e+09
2.279898524623474121e+09
2.279499464793423653e+09
2.278995774865124702e+09
2.278549226133121014e+09
2.278169617595104694e+09
2.277737590296931267e+09
2.277251862051396847e+09
2.276825585639862537e+09
2.276421863719345093e+09
2.275967320596662045e+09
2.275505794413123608e+09
2.275076635621584892e+09
2.274653542468150616e+09
2.274194514773642540e+09
2.273738334483589172e+09
2.273309568597135544e+09
2.272867039787769794e+09
2.272407357829161167e+09
2.271955699018469810e+09
2.271517888999978542e+09
2.271066027010394573e+09
2.270602525161223412e+09
2.270154464300188541e+09
2.269706110101701736e+09
2.269244424776459694e+09
2.268783781039037228e+09
2.268331121104432583e+09
2.267872694191644192e+09
2.267406888334552765e+09
2.266945876387382984e+09
2.266485785140415668e+09
2.266020187028649330e+09
2.265551994321440697e+09
2.265086837696353912e+09
2.264620456350435734e+09
2.264148863563206673e+09
2.263677856310266972e+09
2.263207946605380058e+09
2.262734815810894489e+09
2.262258969425472260e+09
2.261784391863043785e+09
2.261308733976420403e+09
2.260829769294526100e+09
2.260350475945843697e+09
2.259871071904300213e+09
2.259389577649393082e+09
2.258906157882832050e+09
2.258422670965190411e+09
2.257938031654366493e+09
