1.762781733499228954e+09
1.105881009596745117e+12
1.613182727988560791e+11
3.783771732908024902e+11
6.097719827197174072e+11
4.447923297311000366e+11
1.691500336332482910e+11
7.756704221821589661e+10
1.927907616909800720e+11
2.970931809504465332e+11
2.539763911809151917e+11
1.410914491106480103e+11
7.089067667310026550e+10
6.914182063269142151e+10
1.060025382099022827e+11
1.388375396186968994e+11
1.337696748742257843e+11
8.720366003380674744e+10
3.659577993287563324e+10
2.731588896095600128e+10
5.843488384219556427e+10
8.401274530411074829e+10
7.353023855626484680e+10
4.203669801157535553e+10
2.004229505563866806e+10
1.996134973372954941e+10
3.397301642066727448e+10
4.580739354034468842e+10
4.191713677443261719e+10
2.336493158827320480e+10
8.174129587213002205e+09
1.132243327237316132e+10
2.490498046098638916e+10
2.937128525197031403e+10
1.973545981344320679e+10
8.315446772146654129e+09
5.943144996229602814e+09
1.139144670599642563e+10
1.665746851459428978e+10
1.551229309400752258e+10
8.701767766523864746e+09
3.520744000107774734e+09
5.357184674155823708e+09
1.029098538598054123e+10
1.082103941632334328e+10
6.493837787271842957e+09
3.087839471464390755e+09
3.785729885273073673e+09
6.279054514938816071e+09
6.997775454485529900e+09
5.081812565744465828e+09
2.816530146364410877e+09
2.752210240792670727e+09
4.338402058718170166e+09
4.893839563498353004e+09
3.671345122634344578e+09
2.447028131946081161e+09
2.471263830704501152e+09
3.182056562667882442e+09
3.486338710332553864e+09
2.953608064782928467e+09
2.170334984697752476e+09
2.075068071112744808e+09
2.620987017725899696e+09
2.834876231093445301e+09
2.360744286255060673e+09
1.883151549887454748e+09
1.967789278082190990e+09
2.330411344956522465e+09
2.359172322179673195e+09
1.987182581422327280e+09
1.750064372103177071e+09
1.929128263707423687e+09
2.138083247790863991e+09
2.016290970759934425e+09
1.768564832103148222e+09
1.742390826792332172e+09
1.899286092066048622e+09
1.946199824015440941e+09
1.804298079927885056e+09
1.696334641277107000e+09
1.756151729615441322e+09
1.837355376229098797e+09
1.797052817304341793e+09
1.704706279132650614e+09
1.691127033607877970e+09
1.749426038250320435e+09
1.765098595487410784e+09
1.708365616636201620e+09
1.672275170369230032e+09
1.698453020783519745e+09
1.723596157355993032e+09
1.704025296162960768e+09
1.670232773938094139e+09
1.669287217048557043e+09
1.693790316063666582e+09
1.693329642145022869e+09
1.666507053632265091e+09
1.658856261421840191e+09
1.673854621334733009e+09
1.678837424655502081e+09
1.665168896426817894e+09
1.653702927230106592e+09
1.660668275439037561e+09
1.669434924938170910e+09
1.660754033483637810e+09
1.650671820356289864e+09
1.654897118595765829e+09
1.660698111041156292e+09
1.656548405490408182e+09
1.649527289745491982e+09
1.650419554112899780e+09
1.655141364502066851e+09
1.652826656836385965e+09
1.647766230622240543e+09
1.648307357521685123e+09
1.650639110021141529e+09
1.649692315941613674e+09
1.646747350782624483e+09
1.645962575873591185e+09
1.647776487772284269e+09
1.647442992685595751e+09
1.644988354937117577e+09
1.644590684084212542e+09
1.645588980302561283e+09
1.645259147599171162e+09
1.643736557673472881e+09
1.643154184487114668e+09
1.643839497580940485e+09
1.643559306966517687e+09
1.642317191148526430e+09
1.641986245821175337e+09
1.642310362423508167e+09
1.641983091943030834e+09
1.641083760765807152e+09
1.640782806033243656e+09
1.640968686335223675e+09
1.640545086340392113e+09
1.639870008622438431e+09
1.639677460432055235e+09
1.639627655786213875e+09
1.639243595159251690e+09
1.638718467924332380e+09
1.638509950958870888e+09
1.638390648774679184e+09
1.637987688375217915e+09
1.637568076916730404e+09
1.637361610755066633e+09
1.637163424252431393e+09
1.636780940657207251e+09
1.636412202436341286e+09
1.636211013962476015e+09
1.635954580904952049e+09
1.635581044626788616e+09
1.635269751331023693e+09
1.635040687461178064e+09
1.634750709697355270e+09
1.634397357602940321e+09
1.634113910483857155e+09
1.633859587690015554e+09
1.633544930314318895e+09
1.633221809439988613e+09
1.632940050575941324e+09
1.632662784844150066e+09
1.632346919203384876e+09
1.632033387056185722e+09
1.631751758706680775e+09
1.631458561768548727e+09
1.631140645680795908e+09
1.630836184960978031e+09
1.630549064866359234e+09
1.630242534275245428e+09
1.629927034037739038e+09
1.629628120921674728e+09
1.629329203758392096e+09
1.629016989716396093e+09
1.628705140904005527e+09
1.628403635750519753e+09
1.628096576990011454e+09
1.627781009602389336e+09
1.627471356459367037e+09
1.627164378809077263e+09
1.626850859069719076e+09
1.626534766392698526e+09
1.626223675767147541e+09
1.625911034407683134e+09
1.625593067504500389e+09
1.625276695797536850e+09
1.624961961373736143e+09
1.624644024226682663e+09
1.624323776644900084e+09
1.624005451976178885e+09
1.623686401766915560e+09
1.623364335605295420e+09
1.623042265452134132e+09
1.622720744484675169e+09
1.622397436589788914e+09
1.622072412705382109e+09
1.621747890906239271e+09
1.621422699434093714e+09
