1.782312925170063789e+00
1.775510204081629517e+00
1.782312925170064899e+00
1.812925170068023784e+00
1.846938775510200248e+00
1.857142857142854764e+00
1.891156462585031228e+00
1.799319727891153020e+00
1.765306122448976112e+00
1.714285714285710416e+00
1.642857142857139241e+00
1.693877551020405603e+00
1.704081632653058564e+00
1.704081632653058564e+00
1.687074829931969777e+00
1.734693877551017005e+00
1.687074829931969555e+00
1.687074829931969111e+00
1.666666666666663188e+00
1.639455782312921661e+00
1.608843537414962110e+00
1.625850340136050454e+00
1.632653061224485169e+00
1.629251700680267811e+00
1.622448979591832874e+00
1.622448979591832652e+00
1.605442176870744753e+00
1.629251700680268478e+00
1.639455782312921661e+00
1.632653061224486279e+00
1.639455782312921661e+00
1.663265306122445386e+00
1.666666666666662744e+00
1.683673469387751309e+00
1.683673469387751309e+00
1.704081632653057676e+00
1.710884353741493280e+00
1.659863945578228028e+00
1.659863945578227584e+00
1.721088435374146242e+00
1.748299319727887990e+00
1.775510204081629073e+00
1.761904761904758088e+00
1.765306122448976556e+00
1.782312925170064899e+00
1.826530612244893659e+00
1.802721088435369934e+00
1.751700680272104682e+00
1.765306122448975668e+00
1.799319727891153020e+00
1.792517006802717194e+00
1.782312925170064233e+00
1.768707482993193691e+00
1.761904761904758532e+00
1.778911564625847319e+00
1.799319727891151910e+00
1.775510204081628851e+00
1.782312925170063789e+00
1.785714285714281369e+00
1.782312925170063789e+00
1.765306122448975445e+00
1.778911564625845987e+00
1.785714285714281147e+00
1.748299319727886880e+00
1.755102040816322706e+00
1.792517006802717638e+00
1.768707482993193691e+00
1.789115646258499615e+00
1.744897959183669300e+00
1.761904761904758754e+00
1.755102040816323150e+00
1.758503401360540730e+00
1.727891156462581401e+00
1.724489795918363821e+00
1.727891156462581179e+00
1.731292517006798981e+00
1.714285714285710416e+00
1.721088435374146020e+00
1.683673469387750643e+00
1.653061224489791758e+00
1.642857142857138575e+00
1.642857142857138575e+00
1.653061224489791536e+00
1.656462585034009116e+00
1.653061224489791758e+00
1.656462585034009338e+00
1.673469387755096793e+00
1.659863945578226474e+00
1.656462585034008672e+00
1.673469387755096793e+00
1.704081632653056344e+00
1.714285714285709306e+00
1.714285714285709306e+00
1.717687074829926663e+00
1.731292517006797427e+00
1.755102040816321818e+00
1.741496598639450832e+00
1.734693877551015451e+00
1.721088435374145131e+00
1.721088435374144687e+00
1.724489795918362267e+00
1.714285714285709306e+00
1.724489795918362711e+00
1.734693877551015229e+00
1.710884353741491060e+00
1.755102040816321152e+00
1.755102040816320708e+00
1.738095238095233031e+00
1.765306122448974113e+00
1.758503401360539176e+00
1.724489795918362267e+00
1.741496598639450388e+00
1.734693877551014562e+00
1.741496598639450388e+00
1.744897959183668412e+00
1.700680272108837654e+00
1.670068027210878769e+00
1.636054421768702749e+00
1.639455782312920107e+00
1.653061224489790204e+00
1.656462585034008228e+00
1.649659863945573290e+00
1.659863945578226030e+00
1.673469387755096793e+00
1.714285714285708861e+00
1.727891156462580291e+00
1.727891156462580291e+00
1.724489795918362267e+00
1.680272108843532175e+00
1.680272108843532397e+00
1.653061224489790870e+00
1.670068027210878991e+00
1.656462585034008672e+00
1.659863945578226474e+00
1.656462585034008672e+00
1.690476190476185359e+00
1.704081632653056566e+00
1.693877551020403160e+00
1.704081632653056344e+00
1.721088435374144909e+00
1.775510204081627519e+00
1.775510204081627519e+00
1.812925170068021785e+00
1.823129251700675191e+00
1.877551020408157800e+00
1.894557823129245921e+00
1.911564625850334265e+00
1.938775510204075792e+00
1.979591836734688082e+00
2.044217687074824763e+00
2.068027210884348488e+00
2.095238095238089571e+00
2.132653061224484059e+00
2.159863945578224254e+00
2.132653061224483615e+00
2.142857142857135688e+00
2.105442176870742088e+00
2.081632653061218363e+00
2.098639455782306484e+00
2.071428571428564958e+00
2.064625850340129354e+00
2.057823129251694194e+00
2.061224489795911996e+00
2.010204081632646300e+00
1.982993197278905440e+00
1.928571428571422386e+00
1.931972789115640854e+00
1.887755102040810096e+00
1.908163265306116241e+00
1.914965986394551622e+00
1.894557823129245921e+00
1.897959183673463279e+00
1.897959183673463279e+00
1.925170068027204806e+00
1.911564625850334043e+00
1.908163265306115797e+00
1.918367346938768980e+00
1.918367346938769646e+00
1.901360544217681303e+00
1.867346938775504839e+00
1.853741496598633187e+00
1.846938775510198694e+00
1.843537414965980226e+00
1.823129251700674969e+00
1.792517006802715640e+00
1.758503401360539176e+00
1.748299319727885770e+00
1.748299319727885770e+00
1.717687074829926663e+00
1.710884353741491504e+00
1.683673469387749755e+00
1.659863945578225808e+00
1.659863945578225586e+00
1.659863945578225586e+00
1.673469387755096127e+00
1.666666666666660745e+00
1.666666666666661190e+00
1.663265306122443388e+00
1.666666666666661190e+00
1.670068027210879436e+00
