7.142857142857146346e-01
6.746031746031750931e-01
6.587301587301590544e-01
6.984126984126987070e-01
7.182539682539685888e-01
7.182539682539685888e-01
6.746031746031749821e-01
6.507936507936512571e-01
7.063492063492067263e-01
7.857142857142860315e-01
7.976190476190478940e-01
7.380952380952384706e-01
7.103174603174606805e-01
7.023809523809527722e-01
6.825396825396828904e-01
7.023809523809527722e-01
7.182539682539685888e-01
8.015873015873019591e-01
9.722222222222199894e-01
9.880952380952354730e-01
8.849206349206346633e-01
8.373015873015876576e-01
8.531746031746034742e-01
9.007936507936504800e-01
1.063492063492060824e+00
1.031746031746028969e+00
1.019841269841266884e+00
8.888888888888883955e-01
8.412698412698415007e-01
7.936507936507939398e-01
7.896825396825400967e-01
7.817460317460321884e-01
7.738095238095242800e-01
7.738095238095242800e-01
7.460317460317464899e-01
7.341269841269845164e-01
7.579365079365083524e-01
7.380952380952384706e-01
6.984126984126987070e-01
6.746031746031750931e-01
6.309523809523812643e-01
6.626984126984131196e-01
7.500000000000004441e-01
7.936507936507939398e-01
8.174603174603174427e-01
8.095238095238097564e-01
7.698412698412703259e-01
7.142857142857147457e-01
6.944444444444448639e-01
6.944444444444448639e-01
6.984126984126987070e-01
7.341269841269845164e-01
7.738095238095242800e-01
8.174603174603174427e-01
8.531746031746023640e-01
8.611111111111101613e-01
8.650793650793641154e-01
8.690476190476181806e-01
8.968253968253957487e-01
9.523809523809512179e-01
1.011904761904760752e+00
1.003968253968252844e+00
9.960317460317450466e-01
1.047619047619046784e+00
1.150793650793649370e+00
1.146825396825395860e+00
1.047619047619046784e+00
9.920634920634923137e-01
9.444444444444445308e-01
8.690476190476190688e-01
8.015873015873019591e-01
7.420634920634925358e-01
7.460317460317464899e-01
6.984126984126988180e-01
7.103174603174606805e-01
7.857142857142861425e-01
8.095238095238097564e-01
8.928571428571429047e-01
9.166666666666659635e-01
1.043650793650791497e+00
1.198412698412695931e+00
1.337301587301584771e+00
1.476190476190473166e+00
1.531746031746027858e+00
1.575396825396820466e+00
1.515873015873011376e+00
1.329365079365076863e+00
1.214285714285711970e+00
1.095238095238093123e+00
1.039682539682538653e+00
9.563492063492052830e-01
9.801587301587290080e-01
9.841269841269837393e-01
1.003968253968254176e+00
1.027777777777777901e+00
1.071428571428571397e+00
1.103174603174603474e+00
1.067460317460317665e+00
1.043650793650793940e+00
9.920634920634924248e-01
9.841269841269844054e-01
9.880952380952374714e-01
9.960317460317449356e-01
1.031746031746030301e+00
1.095238095238092679e+00
1.095238095238092679e+00
1.099206349206346633e+00
1.071428571428568954e+00
9.960317460317449356e-01
9.682539682539668124e-01
9.087301587301575001e-01
9.047619047619038790e-01
8.809523809523801541e-01
8.412698412698415007e-01
9.126984126984117873e-01
9.484126984126970417e-01
9.801587301587287859e-01
1.107142857142856096e+00
1.269841269841268439e+00
1.380952380952378711e+00
1.392857142857140351e+00
1.349206349206346411e+00
1.202380952380950108e+00
1.063492063492062378e+00
1.011904761904760752e+00
9.801587301587287859e-01
1.007936507936506132e+00
1.051587301587299184e+00
1.083333333333330595e+00
1.126984126984124090e+00
1.099206349206346633e+00
1.059523809523807092e+00
1.007936507936505466e+00
9.920634920634897602e-01
1.051587301587298739e+00
1.059523809523806648e+00
1.047619047619045007e+00
1.015873015873013596e+00
1.039682539682536877e+00
1.107142857142854320e+00
1.230158730158725788e+00
1.424603174603169098e+00
1.527777777777772350e+00
1.519841269841264442e+00
1.507936507936503023e+00
1.448412698412694155e+00
1.460317460317456018e+00
1.476190476190472056e+00
1.452380952380948109e+00
1.428571428571424606e+00
1.408730158730155280e+00
1.388888888888886175e+00
1.456349206349202952e+00
1.492063492063488539e+00
1.579365079365075086e+00
1.646825396825391641e+00
1.674603174603169542e+00
1.706349206349201397e+00
1.634920634920630667e+00
1.619047619047614850e+00
1.623015873015869248e+00
1.531746031746029413e+00
1.499999999999998002e+00
1.496031746031744047e+00
1.468253968253966146e+00
1.488095238095235251e+00
1.595238095238091569e+00
1.650793650793645817e+00
1.650793650793646261e+00
1.650793650793646927e+00
1.607142857142853432e+00
1.619047619047615960e+00
1.615079365079362894e+00
1.615079365079362894e+00
1.658730158730157056e+00
1.682539682539680115e+00
1.710317460317458460e+00
1.849206349206346411e+00
1.940476190476186247e+00
2.067460317460311447e+00
2.174603174603168210e+00
2.242063492063486319e+00
2.281746031746025860e+00
2.333333333333327264e+00
2.325396825396820688e+00
2.285714285714280702e+00
2.289682539682535545e+00
2.341269841269836061e+00
2.384920634920629556e+00
2.428571428571423052e+00
2.420634920634915144e+00
2.384920634920630000e+00
2.380952380952375602e+00
2.384920634920630444e+00
2.400793650793645817e+00
2.531746031746027192e+00
2.515873015873010488e+00
2.452380952380947221e+00
2.464285714285709528e+00
2.480158730158725788e+00
