7.499999999999991118e-01
7.202380952380945667e-01
7.142857142857138575e-01
7.083333333333329263e-01
6.934523809523805982e-01
7.083333333333329263e-01
7.291666666666655194e-01
7.261904761904750538e-01
7.142857142857130803e-01
7.113095238095230588e-01
7.321428571428560961e-01
8.124999999999984457e-01
8.988095238095217265e-01
9.434523809523787108e-01
9.732142857142828118e-01
9.672619047619021027e-01
9.136904761904742767e-01
9.285714285714268268e-01
9.255952380952363612e-01
8.928571428571413504e-01
8.869047619047601971e-01
7.976190476190464507e-01
8.065476190476177365e-01
8.482142857142843662e-01
8.690476190476178475e-01
8.660714285714272709e-01
8.779761904761889113e-01
8.988095238095219486e-01
1.053571428571426161e+00
1.154761904761901992e+00
1.244047619047616404e+00
1.196428571428568288e+00
1.139880952380949442e+00
1.098214285714282923e+00
1.080357142857140573e+00
1.044642857142854764e+00
1.089285714285711748e+00
1.092261904761902214e+00
1.107142857142854320e+00
1.160714285714282923e+00
1.184523809523806870e+00
1.133928571428569176e+00
1.136904761904759642e+00
1.139880952380949442e+00
1.238095238095235029e+00
1.244047619047615738e+00
1.241071428571425717e+00
1.154761904761901770e+00
1.145833333333330373e+00
1.172619047619044785e+00
1.160714285714282923e+00
1.199404761904758754e+00
1.178571428571425717e+00
1.166666666666663632e+00
1.190476190476186913e+00
1.273809523809519950e+00
1.342261904761900659e+00
1.303571428571424828e+00
1.309523809523805982e+00
1.455357142857139241e+00
1.580357142857138131e+00
1.732142857142852321e+00
1.797619047619042121e+00
1.791666666666661634e+00
1.848214285714280258e+00
1.785714285714280258e+00
1.735119047619042565e+00
1.687499999999995559e+00
1.702380952380947665e+00
1.711309523809518840e+00
1.645833333333328596e+00
1.663690476190471168e+00
1.657738095238090903e+00
1.726190476190471834e+00
1.684523809523805093e+00
1.651785714285710638e+00
1.639880952380948331e+00
1.580357142857138797e+00
1.604166666666662522e+00
1.526785714285710194e+00
1.586309523809519728e+00
1.690476190476185803e+00
1.702380952380947665e+00
1.693452380952376490e+00
1.729166666666662966e+00
1.723214285714281369e+00
1.752976190476187135e+00
1.717261904761901770e+00
1.648809523809520172e+00
1.595238095238092235e+00
1.595238095238092457e+00
1.627976190476187135e+00
1.613095238095235029e+00
1.636904761904759198e+00
1.604166666666662966e+00
1.595238095238091791e+00
1.654761904761901770e+00
1.696428571428567622e+00
1.714285714285710194e+00
1.741071428571425939e+00
1.705357142857139907e+00
1.741071428571425939e+00
1.836309523809520838e+00
1.818452380952378267e+00
1.845238095238092457e+00
1.860119047619044563e+00
1.839285714285710860e+00
1.848214285714282701e+00
1.842261904761901992e+00
1.738095238095236139e+00
1.711309523809521504e+00
1.675595238095235029e+00
1.648809523809521504e+00
1.672619047619045229e+00
1.711309523809520838e+00
1.773809523809520838e+00
1.779761904761901103e+00
1.836309523809521060e+00
1.830357142857140129e+00
1.872023809523805760e+00
1.827380952380949442e+00
1.872023809523806870e+00
1.821428571428568732e+00
1.800595238095234807e+00
1.761904761904758754e+00
1.779761904761902436e+00
1.785714285714283367e+00
1.702380952380949664e+00
1.717261904761902436e+00
1.723214285714282701e+00
1.717261904761901992e+00
1.645833333333330373e+00
1.639880952380950108e+00
1.613095238095236139e+00
1.592261904761902436e+00
1.616071428571426161e+00
1.589285714285712192e+00
1.630952380952378489e+00
1.693452380952378489e+00
1.732142857142854764e+00
1.749999999999997335e+00
1.827380952380949664e+00
1.916666666666664298e+00
1.934523809523807536e+00
1.973214285714283589e+00
1.964285714285712192e+00
1.964285714285712636e+00
1.913690476190473833e+00
1.857142857142855208e+00
1.812499999999998002e+00
1.794642857142855874e+00
1.821428571428568732e+00
1.830357142857140573e+00
1.836309523809521727e+00
1.833333333333330595e+00
1.872023809523806426e+00
1.860119047619044563e+00
1.854166666666663632e+00
1.898809523809520838e+00
1.901785714285711526e+00
1.916666666666663632e+00
1.940476190476187135e+00
1.940476190476187357e+00
1.955357142857140573e+00
1.910714285714283589e+00
1.934523809523807536e+00
1.910714285714283589e+00
1.898809523809521504e+00
1.940476190476188023e+00
1.869047619047616404e+00
1.872023809523807092e+00
1.874999999999997558e+00
1.895833333333330595e+00
1.910714285714282701e+00
1.910714285714282701e+00
1.895833333333330595e+00
1.958333333333330595e+00
1.976190476190473166e+00
1.958333333333329929e+00
1.922619047619043897e+00
1.952380952380950330e+00
1.940476190476187135e+00
1.916666666666663632e+00
1.851190476190473833e+00
1.830357142857140129e+00
1.794642857142854542e+00
1.797619047619045229e+00
1.812499999999998002e+00
1.818452380952378933e+00
1.809523809523807092e+00
1.767857142857140129e+00
1.758928571428568288e+00
1.726190476190474055e+00
1.729166666666664298e+00
1.764880952380950330e+00
1.791666666666663854e+00
1.764880952380950108e+00
1.752976190476187801e+00
1.744047619047616404e+00
1.749999999999997558e+00
