1.461132842438662052e+08
1.442502788963911831e+08
1.424032029680024981e+08
1.405723172119882107e+08
1.387578746395487785e+08
1.369601198332657218e+08
1.351792882984274924e+08
1.334156058568495065e+08
1.316692880873025805e+08
1.299405398160825670e+08
1.282295546606209278e+08
1.265365146284093559e+08
1.248615897728300393e+08
1.232049379068399966e+08
1.215667043748021573e+08
1.199470218821341842e+08
1.183460103818656206e+08
1.167637770166348219e+08
1.152004161141817421e+08
1.136560092339383960e+08
1.121306252619553953e+08
1.106243205510794818e+08
1.091371391030531675e+08
1.076691127890136540e+08
1.062202616047468781e+08
1.047905939569762647e+08
1.033801069769573957e+08
1.019887868576729596e+08
1.006166092110093236e+08
9.926353944139634073e+07
9.792953313255736232e+07
9.661453644416660070e+07
9.531848650888806581e+07
9.404131186582110822e+07
9.278293283179749548e+07
9.154326193476492167e+07
9.032220431328761578e+07
8.911965811739584804e+07
8.793551490301045775e+07
8.676966001850801706e+07
8.562197298218858242e+07
8.449232784961226583e+07
8.338059356995409727e+07
8.228663433069583774e+07
8.121030989013442397e+07
8.015147589733180404e+07
7.910998419925695658e+07
7.808568313499534130e+07
7.707841781699806452e+07
7.608803039943853021e+07
7.511436033382305503e+07
7.415724461206920445e+07
7.321651799732261896e+07
7.229201324283353984e+07
7.138356129924835265e+07
7.049099151071015000e+07
6.961413180017568171e+07
6.875280884438221157e+07
6.790684823890370131e+07
6.707607465374254435e+07
6.626031197990956157e+07
6.545938346743334085e+07
6.467311185524526238e+07
6.390131949337204546e+07
6.314382845785720646e+07
6.240046065882606804e+07
6.167103794208719581e+07
6.095538218465735018e+07
6.025331538457335532e+07
5.956465974534266442e+07
5.888923775536854565e+07
5.822687226266372204e+07
5.757738654515767097e+07
5.694060437687727809e+07
5.631635009027234465e+07
5.570444863493631035e+07
5.510472563295785338e+07
5.451700743112696707e+07
5.394112115020073205e+07
5.337689473142253608e+07
5.282415698047458380e+07
5.228273760903123021e+07
5.175246727406807244e+07
5.123317761507002264e+07
5.072470128927315772e+07
5.022687200506194681e+07
4.973952455363532156e+07
4.926249483904722333e+07
4.879561990671664476e+07
4.833873797049641609e+07
4.789168843838113546e+07
4.745431193692909181e+07
4.702645033446583152e+07
4.660794676313165575e+07
4.619864563983023167e+07
4.579839268612913787e+07
4.540703494716072083e+07
4.502442080956520140e+07
4.465040001851586998e+07
4.428482369386152178e+07
4.392754434541777521e+07
4.357841588743813336e+07
4.323729365228975564e+07
4.290403440335901082e+07
4.257849634720759094e+07
4.226053914500100166e+07
4.195002392322501540e+07
4.164681328370833397e+07
4.135077131296586990e+07
4.106176359087585658e+07
4.077965719870334864e+07
4.050432072648274899e+07
4.023562427976801991e+07
3.997343948576194793e+07
3.971763949883285165e+07
3.946809900542756915e+07
3.922469422838825732e+07
3.898730293068161607e+07
3.875580441854697466e+07
3.853007954407082498e+07
3.831001070719414204e+07
3.809548185716019571e+07
3.788637849340821803e+07
3.768258766592063755e+07
3.748399797502931952e+07
3.729049957068878412e+07
3.710198415122168511e+07
3.691834496154408902e+07
3.673947679087712616e+07
3.656527596995215118e+07
3.639564036771634221e+07
3.623046938754615933e+07
3.606966396297600865e+07
3.591312655294997990e+07
3.576076113660424948e+07
3.561247320758855343e+07
3.546816976793442667e+07
3.532775932147943974e+07
3.519115186685544997e+07
3.505825889005015790e+07
3.492899335655088723e+07
3.480326970308003575e+07
3.468100382893148810e+07
3.456211308691789210e+07
3.444651627393878251e+07
3.433413362117917836e+07
3.422488678394908458e+07
3.411869883117511868e+07
3.401549423455273360e+07
3.391519885737251490e+07
3.381773994302876294e+07
3.372304610322299600e+07
3.363104730587287992e+07
3.354167486273732409e+07
3.345486141676977277e+07
3.337054092921033502e+07
3.328864866642831638e+07
3.320912118652652577e+07
3.313189632571900636e+07
3.305691318449316919e+07
3.298411211356824264e+07
3.291343469966115430e+07
3.284482375107158720e+07
3.277822328309697285e+07
3.271357850329002365e+07
3.265083579656831548e+07
3.258994271018886194e+07
3.253084793859778345e+07
3.247350130816651881e+07
3.241785376182529703e+07
3.236385734360505268e+07
3.231146518309821188e+07
3.226063147984905168e+07
3.221131151417717338e+07
3.216346152518721297e+07
3.211703885486179590e+07
3.207200182541102543e+07
3.202830975025187805e+07
3.198592291818973422e+07
3.194480257759893686e+07
3.190491092061176896e+07
3.186621106732501835e+07
3.182866705003232509e+07
3.179224379749190807e+07
3.175690711923671141e+07
3.172262368993651122e+07
3.168936103381852806e+07
3.165708750915557891e+07
3.162577229282777384e+07
3.159538536496628448e+07
3.156589749368514866e+07
3.153728021990851313e+07
3.150950584229902178e+07
3.148254740229461342e+07
3.145637866925860196e+07
3.143097412574946880e+07
3.140630895291583240e+07
3.138235901602123305e+07
3.135910085010451451e+07
3.133651164577996731e+07
