2.956669897174826875e+14
2.790015094814021875e+14
2.629990373618137500e+14
2.476599804043589688e+14
2.329631731812403438e+14
2.188930759285557500e+14
2.054405651944356875e+14
1.925972568704629688e+14
1.803527937487633438e+14
1.686944222895198125e+14
1.576097791347780938e+14
1.470882911485045000e+14
1.371199285880514844e+14
1.276932184268558750e+14
1.187941841344111406e+14
1.104066136689771250e+14
1.025127781060918594e+14
9.509404118121053125e+13
8.813128086787267188e+13
8.160523081448445312e+13
7.549671450783910938e+13
6.978647801472600000e+13
6.445476874096764844e+13
5.948122275315007812e+13
5.484534586740366406e+13
5.052732127266915625e+13
4.650859534269646875e+13
4.277198805025028906e+13
3.930152876839048438e+13
3.608232803972547656e+13
3.310053255615371484e+13
3.034314557540228125e+13
2.779764464906578516e+13
2.545164364005580469e+13
2.329285011564779297e+13
2.130927676532060938e+13
1.948945279388358203e+13
1.782247905182519531e+13
1.629797691363181445e+13
1.490603137893922656e+13
1.363713331241126758e+13
1.248208837606690820e+13
1.143195005911810352e+13
1.047806889579575586e+13
9.612237876747162109e+12
8.826810965325181641e+12
8.114732811265653320e+12
7.469543320492893555e+12
6.885415368351314453e+12
6.357168155220945312e+12
5.880168234112665039e+12
5.450147869447334961e+12
5.063066723344658203e+12
4.715086212495920898e+12
4.402608186326992188e+12
4.122302969826878418e+12
3.871108533257332031e+12
3.646215261063700684e+12
3.445039215453122070e+12
3.265190970500575195e+12
3.104467397731947266e+12
2.960873934301466309e+12
2.832639098971674805e+12
2.718187120715336426e+12
2.616089890876663086e+12
2.525041592386114258e+12
2.443858666200621094e+12
2.371474460693794922e+12
2.306919548917343262e+12
2.249308807234548828e+12
2.197846150980389893e+12
2.151833257999988281e+12
2.110669221752560059e+12
2.073840871322443359e+12
2.040904227834785645e+12
2.011457826175549805e+12
1.985119759272570801e+12
1.961522050864803223e+12
1.940318200212435547e+12
1.921188549830599365e+12
1.903839420290104004e+12
1.888003271618145996e+12
1.873441124894177246e+12
1.859941564232124023e+12
1.847316613808556396e+12
1.835400136352328369e+12
1.824048981635835938e+12
1.813142657859494629e+12
1.802581095316159912e+12
1.792282563282224121e+12
1.782181071642474854e+12
1.772222555664664062e+12
1.762362202751835693e+12
1.752564046231851807e+12
1.742800451756297607e+12
1.733050435507533447e+12
1.723298684663155273e+12
1.713535545770102295e+12
1.703756011318564209e+12
1.693957808303206787e+12
1.684140706254456787e+12
1.674307176236151855e+12
1.664462667658296387e+12
1.654614953901414795e+12
1.644773146905887451e+12
1.634946668639381104e+12
1.625144595751140137e+12
1.615375918377070312e+12
1.605650120889263184e+12
1.595977030702671387e+12
1.586366182041678955e+12
1.576826514645120850e+12
1.567366197934346924e+12
1.557992086338858398e+12
1.548709198343918213e+12
1.539520730647701904e+12
1.530428439482063965e+12
1.521433076399167969e+12
1.512534743915329102e+12
1.503733006651084473e+12
1.495026809130100342e+12
1.486414534807594482e+12
1.477894233422175049e+12
1.469463707926697021e+12
1.461120448266740234e+12
1.452861654800062256e+12
1.444684351258191406e+12
1.436585462092656738e+12
1.428561893349393066e+12
1.420610645169998535e+12
1.412728879450351562e+12
1.404913941590543213e+12
1.397163373922987793e+12
1.389474890425349365e+12
1.381846333765375732e+12
1.374275691900484619e+12
1.366761147746628906e+12
1.359301092449103760e+12
1.351894122170233154e+12
1.344539038722171143e+12
1.337234819923513672e+12
1.329980572415212891e+12
1.322775513436403076e+12
1.315618971193032715e+12
1.308510375634116943e+12
1.301449242326477295e+12
1.294435149949088135e+12
1.287467714846213623e+12
1.280546582937038574e+12
1.273671433873300537e+12
1.266841974271503418e+12
1.260057928378501953e+12
1.253319040685661377e+12
1.246625076239243652e+12
1.239975809693389160e+12
1.233371014708184082e+12
1.226810458447801025e+12
1.220293898564460449e+12
1.213821082200656250e+12
1.207391742911375977e+12
1.201005596185972168e+12
1.194662342236250732e+12
1.188361673819637939e+12
1.182103279020421143e+12
1.175886840113418701e+12
1.169712033776483643e+12
1.163578531429331787e+12
1.157485999423842285e+12
1.151434100702193848e+12
1.145422496834856934e+12
1.139450850163960449e+12
1.133518826029423340e+12
1.127626092765474121e+12
1.121772319914321533e+12
1.115957177503506348e+12
1.110180335988520508e+12
1.104441465836523193e+12
1.098740237745349243e+12
1.093076323240714478e+12
1.087449394826000000e+12
1.081859126328775635e+12
1.076305193491679321e+12
1.070787274242362793e+12
1.065305048855905396e+12
1.059858199930846069e+12
1.054446412091065308e+12
1.049069372047408203e+12
1.043726768878545044e+12
1.038418293922485718e+12
1.033143640642714844e+12
1.027902504738817627e+12
1.022694584135001465e+12
1.017519578873274658e+12
1.012377191112015137e+12
1.007267125201758545e+12
1.002189087844371582e+12
9.971427881615369873e+11
9.921279375447960205e+11
9.871442495957114258e+11
9.821914402577171631e+11
