6.230392214464777500e+14
5.917726151519073750e+14
5.618384995403918750e+14
5.332311113376809375e+14
5.059060282482495625e+14
4.798244752558631875e+14
4.549500354126998750e+14
4.312408228177311250e+14
4.086470812040128750e+14
3.871144032725867500e+14
3.665892777886045000e+14
3.470235042066892500e+14
3.283760117733281875e+14
3.106120589121966250e+14
2.937015247195360000e+14
2.776177086552592500e+14
2.623365283229838125e+14
2.478355912460148438e+14
2.340926539463380312e+14
2.210841864622829375e+14
2.087848311667857812e+14
1.971672705799468750e+14
1.862020462257900000e+14
1.758577724981576562e+14
1.661021925795080312e+14
1.569037237890082500e+14
1.482324999162274688e+14
1.400605014705329688e+14
1.323613387741100469e+14
1.251102172010019531e+14
1.182839550743041875e+14
1.118607276549082188e+14
1.058196361526264219e+14
1.001404596498370625e+14
9.480366988163164062e+13
8.979052216928857812e+13
8.508311035836796875e+13
8.066436593146428125e+13
7.651796212582895312e+13
7.262814936061431250e+13
6.897963160382595312e+13
6.555752076806590625e+13
6.234732365868773438e+13
5.933499093360909375e+13
5.650709607866746094e+13
5.385105237344775781e+13
5.135520918221421094e+13
4.900885483907253125e+13
4.680224475143132812e+13
4.472659588829178125e+13
4.277390710603946875e+13
4.093667384411907031e+13
3.920770020670862500e+13
3.758006419700515625e+13
3.604714888897609375e+13
3.460268624389285547e+13
3.324079962698709375e+13
3.195601079698080859e+13
3.074320762461844922e+13
2.959761816506497266e+13
2.851481407559074219e+13
2.749072611329075781e+13
2.652164809619344141e+13
2.560420400072316406e+13
2.473527713122807812e+13
2.391194975567001172e+13
2.313148419158728125e+13
2.239131213156563672e+13
2.168901154349541406e+13
2.102230044491077344e+13
2.038905295548692969e+13
1.978730583723151172e+13
1.921524887420208594e+13
1.867121147809725781e+13
1.815364114552677734e+13
1.766107516937948047e+13
1.719212332217027930e+13
1.674546555725375195e+13
1.631985364231076562e+13
1.591410887956318359e+13
1.552711391836214453e+13
1.515780494285409570e+13
1.480517200504412891e+13
1.446826170812833594e+13
1.414617563422127734e+13
1.383807060827314844e+13
1.354316175405352344e+13
1.326072090807735156e+13
1.299007216149553711e+13
1.273058890507152734e+13
1.248168899889112500e+13
1.224282795511660547e+13
1.201349454052610547e+13
1.179320854736301367e+13
1.158151903932412891e+13
1.137800333564110156e+13
1.118226645755684375e+13
1.099394058776641602e+13
1.081268331611114648e+13
1.063817382601305859e+13
1.047010970778100977e+13
1.030820592845989453e+13
1.015219362934856250e+13
1.000181827584931836e+13
9.856838281710335938e+12
9.717023583801871094e+12
9.582154580638880859e+12
9.452022281604320312e+12
9.326428409822824219e+12
9.205184550000453125e+12
9.088110987365949219e+12
8.975035829984671875e+12
8.865794532639658203e+12
8.760229417242496094e+12
8.658189059873746094e+12
8.559528060750273438e+12
8.464107000205662109e+12
8.371792157420263672e+12
8.282455239267113281e+12
8.195973039176325195e+12
8.112226961432371094e+12
8.031102850465518555e+12
7.952491012350693359e+12
7.876286066315677734e+12
7.802386750812963867e+12
7.730695821202626953e+12
7.661120010747910156e+12
7.593569957913958008e+12
7.527960053772169922e+12
7.464208331233984375e+12
7.402236388746345703e+12
7.341969296925276367e+12
7.283335543122809570e+12
7.226266914580568359e+12
7.170698291757719727e+12
7.116567492709470703e+12
7.063815148020439453e+12
7.012384567430014648e+12
6.962221641713548828e+12
6.913274751779136719e+12
6.865494655157200195e+12
6.818834359423272461e+12
6.773249013321910156e+12
6.728695827093549805e+12
6.685133978181483398e+12
6.642524500822987305e+12
6.600830175347796875e+12
6.560015412127681641e+12
6.520046163320911133e+12
6.480889858063433594e+12
6.442515326960874023e+12
6.404892732782490234e+12
6.367993516364797852e+12
6.331790344668741211e+12
6.296257055762977539e+12
6.261368602409189453e+12
6.227101001391790039e+12
6.193431284447009766e+12
6.160337449113531250e+12
6.127798411139656250e+12
6.095793955831326172e+12
6.064304699209101562e+12
6.033312058474826172e+12
6.002798219885100586e+12
5.972746107392591797e+12
5.943139353391186523e+12
5.913962268590002930e+12
5.885199811575248047e+12
5.856837559398140625e+12
5.828861681679256836e+12
5.801258917734589844e+12
5.774016555560079102e+12
5.747122409884163086e+12
5.720564797945826172e+12
5.694332517138605469e+12
5.668414824302221680e+12
5.642801415554479492e+12
5.617482408034756836e+12
5.592448322431093750e+12
5.567690066168313477e+12
5.543198917805893555e+12
5.518966512342084961e+12
5.494984826765027344e+12
5.471246165333373047e+12
5.447743145035262695e+12
5.424468681424010742e+12
5.401415975731636719e+12
5.378578503268630859e+12
5.355950001946391602e+12
5.333524461275667969e+12
5.311296111908849609e+12
5.289259415426070312e+12
5.267409054521390625e+12
5.245739923643552734e+12
5.224247120207993164e+12
5.202925936275702148e+12
5.181771850555742188e+12
5.160780520561226562e+12
5.139947775094044922e+12
5.119269607218639648e+12
