7.952216467769221250e+14
7.533852766183003750e+14
7.134852455552006250e+14
6.754681689410237500e+14
6.392385973968475000e+14
6.047121099119950000e+14
5.718153488966837500e+14
5.404794501014641875e+14
5.106358389975564375e+14
4.822155425461887500e+14
4.551523195809133125e+14
4.293862314572952500e+14
4.048649336547752500e+14
3.815422738502153750e+14
3.593761946596475625e+14
3.383276356003302500e+14
3.183603307106296250e+14
2.994407429499556875e+14
2.815372387606739375e+14
2.646188159996116250e+14
2.486540419230480625e+14
2.336099499669076562e+14
2.194508636320457500e+14
2.061379551337402500e+14
1.936301284199058750e+14
1.818857863708954062e+14
1.708642899142360312e+14
1.605265261415217812e+14
1.508350665047179375e+14
1.417544313683171562e+14
1.332513320556925938e+14
1.252945398537697188e+14
1.178544454557230938e+14
1.109026645976228594e+14
1.044118268122617812e+14
9.835545505734329688e+13
9.270790346369876562e+13
8.744435731025107812e+13
8.254082826166260938e+13
7.797412705814850000e+13
7.372188975332720312e+13
6.976266954735749219e+13
6.607602008909125781e+13
6.264256799961310156e+13
5.944412634473044531e+13
5.646377507259714062e+13
5.368579968602403906e+13
5.109557111115575000e+13
4.867951740882177344e+13
4.642512574364337500e+13
4.432080809171394531e+13
4.235567126141337500e+13
4.051937744457793750e+13
3.880214363243635156e+13
3.719478698816985938e+13
3.568875843768917188e+13
3.427615498068301953e+13
3.294969325230124219e+13
3.170265919102639453e+13
3.052888347486415234e+13
2.942275101655104297e+13
2.837920790486723047e+13
2.739373619462858984e+13
2.646228233755832812e+13
2.558115407959966406e+13
2.474694112943808984e+13
2.395648660511288281e+13
2.320686972426505078e+13
2.249537782097355859e+13
2.181949939868397266e+13
2.117694305898803516e+13
2.056564435602245703e+13
1.998374736865901953e+13
1.942957353929439062e+13
1.890158089134044922e+13
1.839832312734990625e+13
1.791842861951833594e+13
1.746060008327261914e+13
1.702361985152234375e+13
1.660635100909173438e+13
1.620773136425557031e+13
1.582676473511946094e+13
1.546251582317594141e+13
1.511410395833873633e+13
1.478069287878453711e+13
1.446148647830379688e+13
1.415573262163832227e+13
1.386272566624623047e+13
1.358180643337150000e+13
1.331236203792394141e+13
1.305382188263673828e+13
1.280565033887868359e+13
1.256734143877351953e+13
1.233841626472449805e+13
1.211842186978356836e+13
1.190693159218979297e+13
1.170354541313365820e+13
1.150788919385749805e+13
1.131961186702771680e+13
1.113838062633682812e+13
1.096387745312584375e+13
1.079579863265449023e+13
1.063385474728210156e+13
1.047777036519049219e+13
1.032728410628439453e+13
1.018214806799561133e+13
1.004212679623659180e+13
9.906996934535880859e+12
9.776546883963521484e+12
9.650575915521197266e+12
9.528893228733226562e+12
9.411317205757417969e+12
9.297674871308937500e+12
9.187801277724708984e+12
9.081538755350705078e+12
8.978736480950101562e+12
8.879250150870369141e+12
8.782941459127007812e+12
8.689677756195215820e+12
8.599331797464116211e+12
8.511781400764583984e+12
8.426909366704282227e+12
8.344603545959186523e+12
8.264756703281730469e+12
8.187266274443062500e+12
8.112034131926085938e+12
8.038966377066293945e+12
7.967973136676608398e+12
7.898968342199437500e+12
7.831869582308030273e+12
7.766597992511855469e+12
7.703078129817821289e+12
7.641237899558861328e+12
7.581008444474850586e+12
7.522323969203502930e+12
7.465121627733074219e+12
7.409341425936448242e+12
7.354926077744924805e+12
7.301820862056463867e+12
7.249973481301941406e+12
7.199333921182782227e+12
7.149854328522869141e+12
7.101488927740909180e+12
7.054193976344616211e+12
7.007927706538748047e+12
6.962650239624598633e+12
6.918323481687824219e+12
6.874911001948912109e+12
6.832377939247316406e+12
6.790690936112193359e+12
6.749818061736588867e+12
6.709728738875205078e+12
6.670393687843876953e+12
6.631784877314841797e+12
6.593875473007938477e+12
6.556639781246254883e+12
6.520053195571896484e+12
6.484092146549570312e+12
6.448734053754445312e+12
6.413957278643261719e+12
6.379741074227393555e+12
6.346065543751023438e+12
6.312911609425265625e+12
6.280260979850758789e+12
6.248096119529267578e+12
6.216400221228629883e+12
6.185157176726013672e+12
6.154351545022666016e+12
6.123968519453589844e+12
6.093993897879949219e+12
6.064414057158797852e+12
6.035215931136048828e+12
6.006386988770415039e+12
5.977915210185002930e+12
5.949789064106027344e+12
5.921997486395284180e+12
5.894529859139603516e+12
5.867375992103809570e+12
5.840526105164935547e+12
5.813970811190949219e+12
5.787701100000122070e+12
5.761708323460516602e+12
5.735984181111731445e+12
5.710520705523429688e+12
5.685310247732454102e+12
5.660345463087239258e+12
5.635619298424044922e+12
5.611124980445461914e+12
5.586856004125373047e+12
5.562806121617138672e+12
5.538969331745307617e+12
5.515339869682209961e+12
5.491912196963166016e+12
5.468680991985270508e+12
5.445641141113361328e+12
5.422787730190310547e+12
5.400116036270083008e+12
5.377621519489891602e+12
5.355299815349661133e+12
5.333146727567170898e+12
