8.539304937554776669e+08
8.182571415713987350e+08
7.830611152735040188e+08
7.483806507918802500e+08
7.142538948618785143e+08
6.807187770196125507e+08
6.478128689890666008e+08
6.155732319830234051e+08
5.840362525860302448e+08
5.532374680392166376e+08
5.232113819038245678e+08
4.939912712427900434e+08
4.656089866595425010e+08
4.380947464902276993e+08
4.114769272500081062e+08
3.857818516055415869e+08
3.610335856065022945e+08
3.372536917701933980e+08
3.144610782919518948e+08
2.926717643094886541e+08
2.718987000835540295e+08
2.521515909602571130e+08
2.334367371337015629e+08
2.157568924012793303e+08
1.991111451855780482e+08
1.834948251309491396e+08
1.688994385573295355e+08
1.553126359561570287e+08
1.427182145300780833e+08
1.310961584970465004e+08
1.204227194891036898e+08
1.106705388678776175e+08
1.018088131475318819e+08
9.380350296149620414e+07
8.661758513795375824e+07
8.021134647434142232e+07
7.454271674475556612e+07
6.956763736643962562e+07
6.524046103097064793e+07
6.151437651809605956e+07
5.834185190647299588e+07
5.567508852957830578e+07
5.346647734982787073e+07
5.166904898790142685e+07
5.023690848724055290e+07
4.912564604301702231e+07
4.829271539230915904e+07
4.769777234179098904e+07
4.730296697556050867e+07
4.707318440562664717e+07
4.697623040757145733e+07
4.698295994213538617e+07
4.706734819097445905e+07
4.720650539248421788e+07
4.738063828438178450e+07
4.757296232155820727e+07
4.776956997846311331e+07
4.795926132998070121e+07
4.813334371338336170e+07
4.828540760249770433e+07
4.841108588427585363e+07
4.850780354044283926e+07
4.857452433514946699e+07
4.861150053231465816e+07
4.862003095561559498e+07
4.860223190243971348e+07
4.856082457133426517e+07
4.849894179778796434e+07
4.841995604794520140e+07
4.832732982090981305e+07
4.822448887863980234e+07
4.811471807328189909e+07
4.800107898496477306e+07
4.788634812351185828e+07
4.777297408599302173e+07
4.766305179575666040e+07
4.755831177203710377e+07
4.746012228478326648e+07
4.736950222789970040e+07
4.728714258562062681e+07
4.721343446081438661e+07
4.714850177019520104e+07
4.709223687957485020e+07
4.704433764288414270e+07
4.700434451297992468e+07
4.697167660241054744e+07
4.694566578153151274e+07
4.692558810470144451e+07
4.691069204092051834e+07
4.690022317790827900e+07
4.689344519991651177e+07
4.688965710554630309e+07
4.688820673450390995e+07
4.688850077555899322e+07
4.689001150504153967e+07
4.689228056369299442e+07
4.689492012012477219e+07
4.689761179313294590e+07
4.690010371449215710e+07
4.690220611055506766e+07
4.690378576702734828e+07
4.690475971867990494e+07
4.690508847645037621e+07
4.690476907022366673e+07
4.690382814828008413e+07
4.690231533551014960e+07
4.690029701339001954e+07
4.689785064656820148e+07
4.689505974471952021e+07
4.689200951486231387e+07
4.688878322921032459e+07
4.688545930725924671e+07
4.688210908844114095e+07
4.687879525341682136e+07
4.687557083788180351e+07
4.687247877248285711e+07
4.686955187583260983e+07
4.686681322434367239e+07
4.686427682229894400e+07
4.686194849781031907e+07
4.685982695465299487e+07
4.685790491594851017e+07
4.685617030287171900e+07
4.685460739955769479e+07
4.685319796380221844e+07
4.685192225164104998e+07
4.685075993216089904e+07
4.684969087669157982e+07
4.684869581365796924e+07
4.684775684668647498e+07
4.684685783896534145e+07
4.684598467130234838e+07
4.684512538479335606e+07
4.684427022153888643e+07
4.684341157847578079e+07
4.684254389020679146e+07
4.684166345680889487e+07
4.684076823208700866e+07
4.683985758673009276e+07
4.683893205943363160e+07
4.683799310738870502e+07
4.683704286570881307e+07
4.683608392346376181e+07
4.683511912210142612e+07
4.683415138023026288e+07
4.683318354706561565e+07
4.683221828535354882e+07
4.683125798330458999e+07
4.683030469401434809e+07
4.682936010002277792e+07
4.682842550006460398e+07
4.682750181467726827e+07
4.682658960714168847e+07
4.682568911621019989e+07
4.682480029720018059e+07
4.682392286827203631e+07
4.682305635903827846e+07
4.682220015903998911e+07
4.682135356405113637e+07
4.682051581860879064e+07
4.681968615359717607e+07
4.681886381812070310e+07
4.681804810527150333e+07
4.681723837172267586e+07
4.681643405135221779e+07
4.681563466332273185e+07
4.681483981520663202e+07
4.681404920186012983e+07
4.681326260081270337e+07
4.681247986496001482e+07
4.681170091333200783e+07
4.681092572066078335e+07
4.681015430640351027e+07
4.680938672378847003e+07
4.680862304935578257e+07
4.680786337336327136e+07
4.680710779132758081e+07
4.680635639687500149e+07
4.680560927598968893e+07
4.680486650267007947e+07
4.680412813594049215e+07
4.680339421811360121e+07
4.680266477416165918e+07
4.680193981202892959e+07
4.680121932370450348e+07
4.680050328687117994e+07
4.679979166695196182e+07
4.679908441938826442e+07
4.679838149200212955e+07
4.679768282731638104e+07
4.679698836473038793e+07
4.679629804247377068e+07
4.679561179928389192e+07
4.679492957577560842e+07
4.679425131549157202e+07
4.679357696563832462e+07
4.679290647752792388e+07
4.679223980675467849e+07
4.679157691314488649e+07
4.679091776052115858e+07
