1.264042300392882973e+08
1.117441048748903871e+08
9.831759762196746469e+07
8.616871739297536016e+07
7.533299596409401298e+07
6.587622579419776052e+07
5.825725381506255269e+07
5.179266152188875526e+07
4.646034848439131677e+07
4.222104207422725856e+07
3.901586714227761328e+07
3.676481929630348086e+07
3.536654700250162184e+07
3.469990724311232567e+07
3.462766598600037396e+07
3.500243930590953678e+07
3.567453157287595421e+07
3.650082717284152657e+07
3.735351084225673974e+07
3.812730642909151316e+07
3.874420269621144235e+07
3.915518105119404197e+07
3.933906506354572624e+07
3.929907503524245322e+07
3.905789496491897106e+07
3.865206078700511158e+07
3.812633958113402128e+07
3.752857805693766475e+07
3.690531672780455649e+07
3.629832246370812505e+07
3.574209085207067430e+07
3.526230266432612389e+07
3.487517381558568031e+07
3.458760525153335184e+07
3.439801181218140572e+07
3.429768513492441922e+07
3.427252633643028885e+07
3.430497283090721816e+07
3.437594377508288622e+07
3.446664255003657937e+07
3.456008229021897167e+07
3.464223899801227450e+07
3.470278141442743689e+07
3.473537181827048957e+07
3.473757195772046596e+07
3.471041945783803612e+07
3.465776027517654747e+07
3.458543189750914276e+07
3.450039119784245640e+07
3.440987210652081668e+07
3.432064376323169470e+07
3.423842164336919785e+07
3.416746415617315471e+07
3.411036696887811273e+07
3.406804822630218416e+07
3.403990116544643790e+07
3.402407760806754231e+07
3.401785718011902273e+07
3.401805375010368973e+07
3.402141228610092402e+07
3.402495583256128430e+07
3.402625248530983925e+07
3.402358466501562297e+07
3.401601599515876174e+07
3.400336307382151484e+07
3.398608906895115972e+07
3.396514249349159747e+07
3.394176737849398702e+07
3.391731050333567709e+07
3.389304790865044296e+07
3.387004742357677221e+07
3.384907732228068262e+07
3.383056441477410495e+07
3.381459868803760409e+07
3.380097666927801073e+07
3.378927237508498132e+07
3.377892318589744717e+07
3.376931816530838609e+07
3.375987796200519800e+07
3.375011809118054062e+07
3.373969062787493318e+07
3.372840268995730579e+07
3.371621312945826352e+07
3.370321126889813691e+07
3.368958311482295394e+07
3.367557118103311956e+07
3.366143390321170539e+07
3.364740976475970447e+07
3.363368988669486344e+07
3.362040120152670890e+07
3.360760067144689709e+07
3.359527953588350862e+07
3.358337544278402627e+07
3.357178962797222286e+07
3.356040608499083668e+07
3.354910987745983154e+07
3.353780229909232259e+07
3.352641136140961200e+07
3.351489695096664131e+07
3.350325081832966581e+07
3.349149223526481912e+07
3.347966061439151317e+07
3.346780659639802575e+07
3.345598308171459660e+07
3.344423745612195507e+07
3.343260589477603883e+07
3.342111019820954278e+07
3.340975718720018864e+07
3.339854032002084702e+07
3.338744293677267432e+07
3.337644240155347437e+07
3.336551440373464301e+07
3.335463677665425837e+07
3.334379236523806304e+07
3.333297068686066568e+07
3.332216834549592808e+07
3.331138834637743235e+07
3.330063859440136701e+07
3.328992993258390948e+07
3.327927408617846668e+07
3.326868183213245496e+07
3.325816162776638940e+07
3.324771882577647269e+07
3.323735549402029812e+07
3.322707076454682276e+07
3.321686156879116595e+07
3.320672358081766590e+07
3.319665218818326294e+07
3.318664333562713861e+07
3.317669413205938786e+07
3.316680316616907343e+07
3.315697053042017668e+07
3.314719759886617959e+07
3.313748663537037373e+07
3.312784032289745659e+07
3.311826130204905942e+07
3.310875179098476097e+07
3.309931333399842307e+07
3.308994669766991585e+07
3.308065190675587207e+07
3.307142839084287360e+07
3.306227519974775612e+07
3.305319124150985107e+07
3.304417550081429258e+07
3.303522720585690066e+07
3.302634592536392063e+07
3.301753159191073477e+07
3.300878446036834642e+07
3.300010501944890618e+07
3.299149387899211794e+07
3.298295165578967333e+07
3.297447887709385157e+07
3.296607591472826898e+07
3.295774295537122339e+07
3.294948000553436205e+07
3.294128692414409295e+07
3.293316347216666117e+07
3.292510936763491482e+07
3.291712433552689850e+07
3.290920814466997236e+07
3.290136062746099755e+07
3.289358168193304539e+07
3.288587125889291242e+07
3.287822933903607726e+07
3.287065590590225160e+07
3.286315092029764876e+07
3.285571430061873794e+07
3.284834591173051670e+07
3.284104556309338287e+07
3.283381301507088169e+07
3.282664799106704444e+07
3.281955019248700142e+07
3.281251931350175664e+07
3.280555505312459916e+07
3.279865712299174815e+07
3.279182525026327744e+07
3.278505917601982877e+07
3.277835865026018023e+07
3.277172342501433194e+07
3.276515324715381488e+07
3.275864785225167125e+07
3.275220696040991694e+07
3.274583027444718033e+07
3.273951748033419251e+07
3.273326824937060848e+07
3.272708224136646837e+07
3.272095910804074258e+07
3.271489849595574290e+07
3.270890004852454364e+07
3.270296340689545497e+07
3.269708820977748185e+07
3.269127409247185290e+07
3.268552068549055979e+07
3.267982761316385865e+07
3.267419449257787317e+07
3.266862093306451663e+07
3.266310653632292524e+07
3.265765089711496234e+07
3.265225360437372327e+07
3.264691424250696599e+07
3.264163239267128706e+07
3.263640763383118063e+07
3.263123954348330200e+07
3.262612769800633565e+07
3.262107167266937718e+07
3.261607104138763994e+07
3.261112537634276226e+07
3.260623424758714437e+07
3.260139722273075953e+07
3.259661386677297577e+07
3.259188374210116640e+07
3.258720640864066780e+07
3.258258142411388457e+07
3.257800834435329959e+07
3.257348672361462563e+07
3.256901611484768987e+07
3.256459606990204006e+07
3.256022613966406882e+07
3.255590587413943559e+07
3.255163482250577211e+07
3.254741253316407278e+07
3.254323855381316692e+07
3.253911243156395108e+07
3.253503371309808269e+07
3.253100194486553967e+07
3.252701667330725864e+07
3.252307744508428127e+07
3.251918380729527771e+07
3.251533530766744912e+07
3.251153149471191689e+07
3.250777191784165800e+07
3.250405612745580822e+07
3.250038367499900609e+07
3.249675411300625652e+07
3.249316699514371157e+07
3.248962187625364214e+07
3.248611831240870431e+07
3.248265586097721010e+07
3.247923408069811761e+07
3.247585253176260367e+07
3.247251077589837462e+07
3.246920837645300478e+07
3.246594489847410098e+07
3.246271990878505632e+07
3.245953297605702654e+07
3.245638367087839544e+07
3.245327156582346186e+07
3.245019623552200943e+07
3.244715725673057884e+07
3.244415420840550214e+07
3.244118667177677900e+07
3.243825423042136058e+07
3.243535647033391893e+07
3.243249297999345139e+07
3.242966335042422265e+07
3.242686717525044829e+07
3.242410405074463040e+07
3.242137357586999983e+07
3.241867535231827199e+07
3.241600898454367369e+07
3.241337407979451865e+07
3.241077024814334884e+07
3.240819710251624137e+07
3.240565425872165337e+07
3.240314133547887206e+07
3.240065795444598049e+07
3.239820374024717137e+07
3.239577832049911469e+07
3.239338132583643869e+07
3.239101238993604854e+07
3.238867114954050630e+07
3.238635724448048323e+07
3.238407031769615039e+07
3.238181001525779068e+07
3.237957598844907805e+07
3.237736788560260832e+07
3.237518536428527907e+07
3.237302808327026293e+07
3.237089570454465598e+07
3.236878789332105964e+07
3.236670431804727763e+07
3.236464465041385591e+07
3.236260856535993516e+07
3.236059574107726663e+07
3.235860585901274532e+07
3.235663860386965796e+07
3.235469366360765696e+07
3.235277072944195569e+07
3.235086949584148079e+07
3.234898966052631289e+07
3.234713092446434498e+07
3.234529299186731130e+07
3.234347557018601149e+07
3.234167837010499090e+07
3.233990110553639010e+07
3.233814349361325428e+07
3.233640525468213856e+07
3.233468611229498312e+07
3.233298579320038483e+07
3.233130402733405679e+07
