5.646762204721345007e+07
5.207904953024192154e+07
4.892527065806895494e+07
4.684868582670513541e+07
4.552636616416854411e+07
4.468195473508828878e+07
4.413392053372959793e+07
4.373160379740935564e+07
4.334843151603353769e+07
4.289617947916540504e+07
4.233159294934470952e+07
4.165190199066296220e+07
4.088398936065492034e+07
4.007173647098720074e+07
3.926418369657922536e+07
3.850573775824008137e+07
3.782895993810907751e+07
3.725026248012204468e+07
3.676880257947397977e+07
3.636867612409362197e+07
3.602400350067003071e+07
3.570577013185393065e+07
3.538870731963764876e+07
3.505647066328020394e+07
3.470398327487207204e+07
3.433675507913485169e+07
3.396782332734674215e+07
3.361341433797599375e+07
3.328849907732341811e+07
3.300323916790913790e+07
3.276101392103944346e+07
3.255833334080375358e+07
3.238650063814644516e+07
3.223445440140072629e+07
3.209191881348850578e+07
3.195194643487089127e+07
3.181218778185743466e+07
3.167466852379065007e+07
3.154432284068648517e+07
3.142686406732863188e+07
3.132669548690340668e+07
3.124547652673495561e+07
3.118170972928405553e+07
3.113137505172210932e+07
3.108930620636907965e+07
3.105078457026727125e+07
3.101279751275753975e+07
3.097457650087983534e+07
3.093732077210947871e+07
3.090330454556225240e+07
3.087475331820892170e+07
3.085290600090399012e+07
3.083756435401687026e+07
3.082722525724402815e+07
3.081967381043520942e+07
3.081276343751411512e+07
3.080507303195707500e+07
3.079621439182540402e+07
3.078672238820322603e+07
3.077762597953552753e+07
3.076990613382849842e+07
3.076406268195319921e+07
3.075994133184494823e+07
3.075685128876117617e+07
3.075388564954644069e+07
3.075028747384014353e+07
3.074570695497328788e+07
3.074026034769250453e+07
3.073439476833745837e+07
3.072864225727538764e+07
3.072338047956528887e+07
3.071869802919744700e+07
3.071440464727047831e+07
3.071015990181025118e+07
3.070564738278907910e+07
3.070071248662600666e+07
3.069540943094221875e+07
3.068995048820763826e+07
3.068459421878147870e+07
3.067953095537566021e+07
3.067481648715426773e+07
3.067037595391786098e+07
3.066606524951178581e+07
3.066175317175975442e+07
3.065738363601173460e+07
3.065299253288235888e+07
3.064867856611376256e+07
3.064454884825846180e+07
3.064066864390802756e+07
3.063703823294319957e+07
3.063360358561125025e+07
3.063029050346529484e+07
3.062704229307008162e+07
3.062384241820820421e+07
3.062071367845761031e+07
3.061769813957046717e+07
3.061483075605117530e+07
3.061212069691291824e+07
3.060954840202609822e+07
3.060707734639548510e+07
3.060467231912332773e+07
3.060231404071189091e+07
3.060000337975063175e+07
3.059775474956582859e+07
3.059558382948330790e+07
3.059349683705180138e+07
3.059148663062601537e+07
3.058953655362270400e+07
3.058762876760366186e+07
3.058575199608536065e+07
3.058390471529024094e+07
3.058209285213090479e+07
3.058032409890534356e+07
3.057860240892726555e+07
3.057692556594974920e+07
3.057528660617044196e+07
3.057367767144605890e+07
3.057209378734383732e+07
3.057053450733596087e+07
3.056900286490952596e+07
3.056750264447313547e+07
3.056603574583537877e+07
3.056460107828610018e+07
3.056319533789971843e+07
3.056181491423781589e+07
3.056045766362281516e+07
3.055912356819000468e+07
3.055781409032769874e+07
3.055653080368503183e+07
3.055527419889242947e+07
3.055404331497871131e+07
3.055283626670423895e+07
3.055165121062023938e+07
3.055048711505081505e+07
3.054934391908182949e+07
3.054822209180973470e+07
3.054712195337906480e+07
3.054604319998488575e+07
3.054498488140524179e+07
3.054394577010373026e+07
3.054292483792844415e+07
3.054192153910623491e+07
3.054093576406034827e+07
3.053996754864289612e+07
3.053901675637223944e+07
3.053808293080649525e+07
3.053716537845565379e+07
3.053626339172418416e+07
3.053537645084473863e+07
3.053450428385253251e+07
3.053364677169383317e+07
3.053280378371071443e+07
3.053197505769904703e+07
3.053116019171621650e+07
3.053035873355159909e+07
3.052957029477183521e+07
3.052879461298481748e+07
3.052803153140902147e+07
3.052728092229234055e+07
3.052654261178496853e+07
3.052581635310331360e+07
3.052510185598358512e+07
3.052439884301811829e+07
3.052370709129624069e+07
3.052302643450371549e+07
3.052235673065209761e+07
3.052169782220884413e+07
3.052104951589144766e+07
3.052041159193611145e+07
3.051978383165948093e+07
3.051916604199037701e+07
3.051855806125372276e+07
3.051795974553657323e+07
3.051737094792251661e+07
3.051679150549020618e+07
3.051622124122200906e+07
3.051565997677311301e+07
3.051510754549140856e+07
3.051456379678686708e+07
3.051402859038125724e+07
3.051350178612789884e+07
3.051298323715492710e+07
3.051247279049916938e+07
3.051197029355501384e+07
3.051147560094546527e+07
3.051098857703138143e+07
3.051050909307110310e+07
3.051003702187724784e+07
3.050957223403536528e+07
3.050911459794883803e+07
3.050866398291792721e+07
3.050822026249093935e+07
3.050778331563366950e+07
3.050735302524384111e+07
3.050692927551005036e+07
3.050651195018547773e+07
3.050610093284716830e+07
3.050569610861565918e+07
3.050529736585466936e+07
3.050490459663066640e+07
3.050451769579904526e+07
3.050413655958070979e+07
3.050376108470202237e+07
3.050339116857594997e+07
3.050302671017012000e+07
3.050266761077893525e+07
3.050231377413341403e+07
3.050196510587364435e+07
3.050162151287852600e+07
3.050128290297122300e+07
3.050094918515430018e+07
3.050062027011074126e+07
3.050029607055259869e+07
3.049997650117919222e+07
3.049966147833133116e+07
3.049935091963408142e+07
3.049904474387462810e+07
3.049874287114267796e+07
3.049844522306113690e+07
3.049815172290032357e+07
3.049786229549651965e+07
3.049757686706042290e+07
3.049729536503171921e+07
3.049701771807479858e+07
3.049674385618651286e+07
3.049647371080521122e+07
3.049620721482621133e+07
3.049594430251439288e+07
3.049568490938258171e+07
3.049542897211693972e+07
3.049517642857958376e+07
3.049492721785438806e+07
3.049468128027556092e+07
3.049443855740458518e+07
3.049419899196865410e+07
3.049396252780303359e+07
3.049372910982986540e+07
3.049349868407201022e+07
3.049327119767286628e+07
3.049304659889264405e+07
3.049282483707438409e+07
3.049260586259683967e+07
3.049238962683835626e+07
3.049217608216240257e+07
3.049196518191679567e+07
3.049175688042972982e+07
3.049155113299196213e+07
3.049134789582847804e+07
3.049114712607125565e+07
3.049094878174249455e+07
3.049075282174753025e+07
3.049055920586914569e+07
3.049036789475474879e+07
3.049017884989498183e+07
3.048999203359913453e+07
3.048980740897400677e+07
3.048962493990915269e+07
3.048944459106571227e+07
3.048926632786403596e+07
3.048909011646769941e+07
3.048891592376520485e+07
3.048874371735292673e+07
3.048857346552137658e+07
3.048840513724391162e+07
3.048823870216538012e+07
3.048807413058830053e+07
3.048791139345698804e+07
3.048775046234127134e+07
3.048759130942177773e+07
3.048743390747711807e+07
3.048727822987188399e+07
3.048712425054424629e+07
3.048697194399273023e+07
3.048682128526294604e+07
3.048667224993508682e+07
3.048652481411262229e+07
3.048637895441149175e+07
3.048623464794906974e+07
3.048609187233244628e+07
3.048595060564636439e+07
3.048581082644142956e+07
3.048567251372306421e+07
3.048553564694100618e+07
3.048540020597906411e+07
3.048526617114483565e+07
3.048513352315945178e+07
3.048500224314760417e+07
3.048487231262800470e+07
3.048474371350433677e+07
3.048461642805616558e+07
3.048449043892993033e+07
3.048436572912979126e+07
3.048424228200859576e+07
3.048412008125913888e+07
3.048399911090577766e+07
3.048387935529628024e+07
3.048376079909377173e+07
3.048364342726889998e+07
3.048352722509212792e+07
3.048341217812629044e+07
