5.276103343964313716e+07
4.815031809674307704e+07
4.477456797740931809e+07
4.261666422882301360e+07
4.156801358679637313e+07
4.138427764239964634e+07
4.169170751912181079e+07
4.209234662962511182e+07
4.230242228321892023e+07
4.220524465996012092e+07
4.181381226057881862e+07
4.121017495108328015e+07
4.049921764496725053e+07
3.978052013579086959e+07
3.913248212548216432e+07
3.860408459485524893e+07
3.821220751749289036e+07
3.794398189176266640e+07
3.776394353025789559e+07
3.762493819649083912e+07
3.748051417585046589e+07
3.729564937538540363e+07
3.705320134890769422e+07
3.675496059447185695e+07
3.641797228828792274e+07
3.606791492343027145e+07
3.573159460224019736e+07
3.543032920308890939e+07
3.517551238451245427e+07
3.496710371737726778e+07
3.479515772075706720e+07
3.464377674448522925e+07
3.449621706323435158e+07
3.433958201871492714e+07
3.416778472491280735e+07
3.398215393344394118e+07
3.378986209069547057e+07
3.360095456822790205e+07
3.342501195509941876e+07
3.326841133194313943e+07
3.313286427857941762e+07
3.301549421913585812e+07
3.291026424066898227e+07
3.281018587299666926e+07
3.270954414107053727e+07
3.260543551864020154e+07
3.249820859124433994e+07
3.239080230058295280e+07
3.228733809653279185e+07
3.219152200601020083e+07
3.210540724970276654e+07
3.202888489694097638e+07
3.195998470763161033e+07
3.189578125596067309e+07
3.183351029466134682e+07
3.177147005010705814e+07
3.170941124102300778e+07
3.164834378012775257e+07
3.158991122163651139e+07
3.153562264459848031e+07
3.148624614311431721e+07
3.144156916474505514e+07
3.140056783186530694e+07
3.136186681922479719e+07
3.132427372352045402e+07
3.128716917853254080e+07
3.125061820992204547e+07
3.121519657285489887e+07
3.118164110644576699e+07
3.115049001017925143e+07
3.112186109566774964e+07
3.109543957603588328e+07
3.107065020556735992e+07
3.104691440621843189e+07
3.102387038443590701e+07
3.100146691432753578e+07
3.097990858322001994e+07
3.095949820578267053e+07
3.094046088966426626e+07
3.092283054873047024e+07
3.090644058158041909e+07
3.089100784877250716e+07
3.087625832355481386e+07
3.086203091729859635e+07
3.084831485915728286e+07
3.083521303345583379e+07
3.082285925375767052e+07
3.081133505480430648e+07
3.080062523894376680e+07
3.079062728233873472e+07
3.078120169054261595e+07
3.077223253031721711e+07
3.076366699046883360e+07
3.075551776673789322e+07
3.074783286720743775e+07
3.074065296492374688e+07
3.073397965834153816e+07
3.072776901695436612e+07
3.072194981971576437e+07
3.071645337826879323e+07
3.071123784193557873e+07
3.070629528201139718e+07
3.070164053905769438e+07
3.069729047552058846e+07
3.069324598852140829e+07
3.068948579127683118e+07
3.068597334740475565e+07
3.068267111801322550e+07
3.067955327248620242e+07
3.067661023164806888e+07
3.067384389192480594e+07
3.067125765513868257e+07
3.066884759795711190e+07
3.066659949196766317e+07
3.066449239508979023e+07
3.066250575022681057e+07
3.066062543647214398e+07
3.065884552034421638e+07
3.065716539778582752e+07
3.065558468497963250e+07
3.065409912628402188e+07
3.065269968297067657e+07
3.065137478735571355e+07
3.065011391731981188e+07
3.064891017684333399e+07
3.064776052557773888e+07
3.064666390399581939e+07
3.064561870521965995e+07
3.064462119781775028e+07
3.064366567662037164e+07
3.064274595700903982e+07
3.064185708157716691e+07
3.064099616263084859e+07
3.064016198244633153e+07
3.063935379072419554e+07
3.063857015755903721e+07
3.063780856593828648e+07
3.063706586045999825e+07
3.063633912090110779e+07
3.063562633746901155e+07
3.063492649224109948e+07
3.063423908960463852e+07
3.063356351872523874e+07
3.063289867419892922e+07
3.063224302700912952e+07
3.063159501960039139e+07
3.063095347284308448e+07
3.063031773696755618e+07
3.062968752794503421e+07
3.062906260381001234e+07
3.062844251357870176e+07
3.062782656559526920e+07
3.062721399466656893e+07
3.062660418096458167e+07
3.062599676472857594e+07
3.062539159617136046e+07
3.062478857968484238e+07
3.062418753203896433e+07
3.062358814499424025e+07
3.062299005777757615e+07
3.062239296892837435e+07
3.062179671074625105e+07
3.062120122541504726e+07
3.062060649376337230e+07
3.062001245750572532e+07
3.061941899397218972e+07
3.061882594921167195e+07
3.061823319550583512e+07
3.061764066840771213e+07
3.061704836035324633e+07
3.061645628206433356e+07
3.061586442358557135e+07
3.061527274171477184e+07
3.061468117759732530e+07
3.061408968645288795e+07
3.061349825594924390e+07
3.061290690178549290e+07
3.061231564716962725e+07
3.061172450319607556e+07
3.061113346359083429e+07
3.061054251472918317e+07
3.060995165075140446e+07
3.060936088172372803e+07
3.060877022993415222e+07
3.060817971889915317e+07
3.060758936420984194e+07
3.060699917247033119e+07
3.060640914761569723e+07
3.060581929862253368e+07
3.060522964263343066e+07
3.060464020192082599e+07
3.060405099793178961e+07
3.060346204725410044e+07
3.060287336207989976e+07
3.060228495395277813e+07
3.060169683735296130e+07
3.060110903040989861e+07
3.060052155267973244e+07
3.059993442216704041e+07
3.059934765398018807e+07
3.059876126136808470e+07
3.059817525795084611e+07
3.059758965925023332e+07
3.059700448248158395e+07
3.059641974507088959e+07
3.059583546324983984e+07
3.059525165177996457e+07
3.059466832480043918e+07
3.059408549692714959e+07
3.059350318369343877e+07
3.059292140110182017e+07
3.059234016479870304e+07
3.059175948959747702e+07
3.059117938968049735e+07
3.059059987922024727e+07
3.059002097287184745e+07
3.058944268578081578e+07
3.058886503318880498e+07
3.058828803001824021e+07
3.058771169076175988e+07
3.058713602969972789e+07
3.058656106120286509e+07
3.058598679985445738e+07
3.058541326032236591e+07
3.058484045713059977e+07
3.058426840453898907e+07
3.058369711661842838e+07
3.058312660743499547e+07
3.058255689118119329e+07
3.058198798216031492e+07
3.058141989466238394e+07
3.058085264284828305e+07
3.058028624072872847e+07
3.057972070223030075e+07
3.057915604127082229e+07
3.057859227177458256e+07
3.057802940762291104e+07
3.057746746259329468e+07
3.057690645034288615e+07
3.057634638444655761e+07
3.057578727845202386e+07
3.057522914590544999e+07
3.057467200033167005e+07
3.057411585519188643e+07
3.057356072385446727e+07
3.057300661959604546e+07
3.057245355562102795e+07
3.057190154507505894e+07
3.057135060103895515e+07
3.057080073651064187e+07
3.057025196439328417e+07
3.056970429750048369e+07
3.056915774857305363e+07
3.056861233029253781e+07
3.056806805528084561e+07
3.056752493608793616e+07
3.056698298517819494e+07
3.056644221492441744e+07
3.056590263760982081e+07
3.056536426543166116e+07
3.056482711050065607e+07
3.056429118483618647e+07
3.056375650036199391e+07
3.056322306890682504e+07
3.056269090220946074e+07
3.056216001192384213e+07
3.056163040962002426e+07
3.056110210678041726e+07
3.056057511479426920e+07
3.056004944495373592e+07
3.055952510845260695e+07
3.055900211638639867e+07
3.055848047975172848e+07
3.055796020944477990e+07
3.055744131626005098e+07
3.055692381089056656e+07
3.055640770392962918e+07
3.055589300587258115e+07
3.055537972711711377e+07
3.055486787796170264e+07
3.055435746860321611e+07
3.055384850913475826e+07
3.055334100954441726e+07
3.055283497971450910e+07
3.055233042942098156e+07
3.055182736833270267e+07
3.055132580601108074e+07
3.055082575191025808e+07
3.055032721537772194e+07
3.054983020565487444e+07
3.054933473187687993e+07
3.054884080307181180e+07
3.054834842815943807e+07
3.054785761594999954e+07
3.054736837514334917e+07
3.054688071432828158e+07
3.054639464198204875e+07
3.054591016647005454e+07
3.054542729604566842e+07
3.054494603885037452e+07
