1.089923072030431330e+08
9.735880501919680834e+07
8.655424252566522360e+07
7.660772903656578064e+07
6.754402335960245132e+07
5.938235856798005104e+07
5.213510894347090274e+07
4.580631565176166594e+07
4.039011227457615733e+07
3.586912644119651616e+07
3.221297999083876237e+07
2.937706479472264647e+07
2.737042300055171549e+07
2.602473101353041083e+07
2.520507722974509373e+07
2.482814582142207772e+07
2.480508610950883105e+07
2.504497667008194700e+07
2.545885958446942642e+07
2.596391078191481158e+07
2.648724344655128941e+07
2.696888103653341532e+07
2.736357932228598371e+07
2.764137860768165812e+07
2.778696674843908846e+07
2.779808112491944060e+07
2.768325206586497277e+07
2.745919740403923392e+07
2.714813929644771665e+07
2.677525405933414027e+07
2.636640201478420198e+07
2.594622792255924642e+07
2.553667757261905819e+07
2.515594240619761869e+07
2.481781947728226334e+07
2.453145608250304312e+07
2.430143484181210399e+07
2.412814458332681656e+07
2.400837458523445576e+07
2.393606469966911525e+07
2.390314213880490884e+07
2.390037770352472365e+07
2.391820019051866233e+07
2.394741743219302222e+07
2.397980503431002423e+07
2.400853830067230016e+07
2.402845763774878904e+07
2.403617156402567029e+07
2.403001317504076660e+07
2.400987477290333807e+07
2.397695101210553944e+07
2.393342337572855502e+07
2.388211840320427716e+07
2.382616935005003214e+07
2.376870645981007069e+07
2.371259536239584163e+07
2.366023683432047069e+07
2.361343475759870559e+07
2.357333302295513451e+07
2.354041670301227272e+07
2.351456837031362578e+07
2.349516717820723355e+07
2.348121639860663563e+07
2.347148455850778520e+07
2.346464606735704839e+07
2.345940910349539667e+07
2.345462126168403029e+07
2.344934672326851264e+07
2.344291213788094372e+07
2.343492165736388415e+07
2.342524434726987779e+07
2.341397930693440139e+07
2.340140513854177296e+07
2.338792089784596115e+07
2.337398539920561761e+07
2.336006086722499132e+07
2.334656560175608099e+07
2.333383874626798555e+07
2.332211861181536317e+07
2.331153447805732861e+07
2.330211050163052604e+07
2.329377940030372888e+07
2.328640299306587130e+07
2.327979646303946897e+07
2.327375333650467917e+07
2.326806857401929051e+07
2.326255776753340289e+07
2.325707114220018685e+07
2.325150178744433075e+07
2.324578821352017671e+07
2.323991188849104941e+07
2.323389081738204509e+07
2.322777046212340891e+07
2.322161336933754012e+07
2.321548879119560122e+07
2.320946338311595470e+07
2.320359377930653095e+07
2.319792152415987849e+07
2.319247051366717741e+07
2.318724681022506952e+07
2.318224046217423305e+07
2.317742880208045989e+07
2.317278062097280473e+07
2.316826061591269076e+07
2.316383357403131574e+07
2.315946787067178264e+07
2.315513800269922987e+07
2.315082603022546321e+07
2.314652194269106537e+07
2.314222308391610533e+07
2.313793285565463454e+07
2.313365896589822322e+07
2.312941149720484763e+07
2.312520104644112289e+07
2.312103713833745569e+07
2.311692705069717392e+07
2.311287511885339022e+07
2.310888252007120848e+07
2.310494748230969161e+07
2.310106582100417465e+07
2.309723168464254215e+07
2.309343838477168232e+07
2.308967919649221003e+07
2.308594803779054433e+07
2.308223996569287032e+07
2.307855145950740576e+07
2.307488049206372723e+07
2.307122641543664411e+07
2.306758970587008446e+07
2.306397162245044857e+07
2.306037383565121144e+07
2.305679807629951090e+07
2.305324584461777657e+07
2.304971820495650172e+07
2.304621567689490691e+07
2.304273821954419464e+07
2.303928529469768703e+07
2.303585598691454902e+07
2.303244915507190675e+07
2.302906359018468857e+07
2.302569815772943944e+07
2.302235190837187320e+07
2.301902414780495316e+07
2.301571446329548210e+07
2.301242271060747653e+07
2.300914896956520155e+07
2.300589347927581891e+07
2.300265656488705426e+07
2.299943856690450758e+07
2.299623978192255646e+07
2.299306042063459381e+07
2.298990058570976555e+07
2.298676026903910935e+07
2.298363936534381658e+07
2.298053769744510949e+07
2.297745504771500453e+07
2.297439119031476229e+07
2.297134591963202506e+07
2.296831907162117958e+07
2.296531053627955914e+07
2.296232026100723073e+07
2.295934824589568749e+07
2.295639453292739019e+07
2.295345919157539681e+07
2.295054230336864665e+07
2.294764394769647345e+07
2.294476419056516141e+07
2.294190307731349766e+07
2.293906062956584245e+07
2.293623684605699033e+07
2.293343170647929981e+07
2.293064517722212523e+07
2.292787721780179441e+07
2.292512778689349815e+07
2.292239684712707996e+07
2.291968436813785136e+07
2.291699032771100849e+07
2.291431471116979420e+07
2.291165750939466059e+07
2.290901871600015089e+07
2.290639832423478737e+07
2.290379632411702350e+07
2.290121270020072907e+07
2.289864743020533025e+07
2.289610048457833380e+07
2.289357182690817490e+07
2.289106141499246657e+07
2.288856920230140164e+07
2.288609513956036419e+07
2.288363917620389536e+07
2.288120126151361316e+07
2.287878134533072263e+07
2.287637937831575423e+07
2.287399531179942191e+07
2.287162909732210636e+07
2.286928068598847091e+07
2.286695002776897699e+07
2.286463707086453959e+07
2.286234176121975482e+07
2.286006404223211110e+07
2.285780385466573387e+07
2.285556113674507290e+07
2.285333582438075915e+07
2.285112785146792978e+07
2.284893715019742399e+07
2.284676365132967755e+07
2.284460728439672291e+07
2.284246797781655565e+07
2.284034565892177075e+07
2.283824025391887873e+07
2.283615168780388683e+07
2.283407988426312804e+07
2.283202476558624581e+07
2.282998625261213630e+07
2.282796426471991092e+07
2.282595871986773610e+07
2.282396953467388451e+07
2.282199662452846020e+07
2.282003990372068435e+07
2.281809928556634486e+07
2.281617468252225220e+07
2.281426600627801567e+07
2.281237316782086343e+07
2.281049607747323811e+07
2.280863464490727335e+07
2.280678877914273366e+07
2.280495838853614032e+07
2.280314338076861948e+07
2.280134366283844411e+07
2.279955914106247574e+07
2.279778972108803317e+07
2.279603530791492388e+07
2.279429580592553318e+07
2.279257111892006546e+07
2.279086115015381575e+07
2.278916580237351358e+07
2.278748497785101086e+07
2.278581857841321081e+07
2.278416650546823815e+07
2.278252866002890468e+07
2.278090494273452833e+07
2.277929525387278199e+07
2.277769949340274930e+07
2.277611756098011509e+07
2.277454935598476976e+07
2.277299477755066007e+07
2.277145372459735349e+07
2.276992609586202353e+07
2.276841178993125632e+07
2.276691070527139679e+07
2.276542274025678635e+07
2.276394779319550842e+07
2.276248576235244423e+07
2.276103654596989974e+07
2.275960004228622466e+07
2.275817614955291897e+07
2.275676476605080813e+07
2.275536579010583460e+07
2.275397912010478228e+07
2.275260465451125056e+07
2.275124229188189656e+07
2.274989193088293448e+07
2.274855347030682862e+07
2.274722680908898264e+07
2.274591184632433951e+07
2.274460848128372431e+07
2.274331661342998222e+07
2.274203614243377000e+07
2.274076696818917245e+07
2.273950899082908034e+07
2.273826211074046418e+07
2.273702622857948393e+07
2.273580124528651685e+07
2.273458706210105121e+07
2.273338358057628945e+07
2.273219070259352028e+07
2.273100833037602156e+07
2.272983636650257558e+07
2.272867471392029524e+07
2.272752327595699951e+07
2.272638195633285865e+07
2.272525065917154402e+07
2.272412928901072592e+07
2.272301775081221014e+07
2.272191594997147843e+07
2.272082379232698679e+07
2.271974118416908383e+07
2.271866803224863857e+07
2.271760424378547072e+07
2.271654972783350199e+07
2.271550438989722729e+07
2.271446813997314870e+07
2.271344088723656163e+07
2.271242254137059301e+07
2.271141301257326454e+07
2.271041221156454459e+07
2.270942004959299043e+07
2.270843643844237179e+07
2.270746129043794423e+07
2.270649451845262945e+07
