2.620480438758016378e+07
2.567772457318867743e+07
2.518557882204235345e+07
2.472858443122582138e+07
2.429975579333949089e+07
2.390745225095182285e+07
2.355066087158095092e+07
2.322450879933659732e+07
2.293103089019939676e+07
2.267199476940584928e+07
2.244454472171185911e+07
2.224659743136270344e+07
2.207845375768799707e+07
2.193914991727374494e+07
2.182545783286570758e+07
2.173491734757670015e+07
2.166625393669165298e+07
2.161712105037352443e+07
2.158398163176489621e+07
2.156392914622981846e+07
2.155478091576492041e+07
2.155378007064458728e+07
2.155789708635722473e+07
2.156497415823911130e+07
2.157343719124449790e+07
2.158152942157090455e+07
2.158775415505913645e+07
2.159150447700253874e+07
2.159258049683371186e+07
2.159072130049976707e+07
2.158600661294549704e+07
2.157900409916036576e+07
2.157025433241727203e+07
2.156018404900091141e+07
2.154947788155423105e+07
2.153887192690771073e+07
2.152878840173856169e+07
2.151959572333404422e+07
2.151170856084972620e+07
2.150525695114862174e+07
2.150021183621078730e+07
2.149660394363405928e+07
2.149427585940546542e+07
2.149293596069468185e+07
2.149239382505777851e+07
2.149239177326346189e+07
2.149262100131975114e+07
2.149290747409684956e+07
2.149308438963615894e+07
2.149298815349991620e+07
2.149258496731419861e+07
2.149186352319981903e+07
2.149081468254723400e+07
2.148951706799878180e+07
2.148805452061372995e+07
2.148649209643370658e+07
2.148493414308204502e+07
2.148346279888793826e+07
2.148212504586447030e+07
2.148098126605258882e+07
2.148006100392611697e+07
2.147935885915920883e+07
2.147887406911645830e+07
2.147858060951279849e+07
2.147843494490997493e+07
2.147840572814982384e+07
2.147844900688255206e+07
2.147852022128402069e+07
2.147859252480473742e+07
2.147863630815306306e+07
2.147863208593562245e+07
2.147857637057983875e+07
2.147846462249060720e+07
2.147830317551714554e+07
2.147810621071668714e+07
2.147788420519497991e+07
2.147765401929883659e+07
2.147743130310810357e+07
2.147722601955304295e+07
2.147704985493798554e+07
2.147690806031963229e+07
2.147680164652355388e+07
2.147673130006332695e+07
2.147669157824587822e+07
2.147667656518901885e+07
2.147667980246658623e+07
2.147669238983225822e+07
2.147670820751085132e+07
2.147672104640151560e+07
2.147672589079642668e+07
2.147672083181432635e+07
2.147670408830840886e+07
2.147667644197893515e+07
2.147663982675392926e+07
2.147659628436140344e+07
2.147654935576129332e+07
2.147650173070940375e+07
2.147645615874680504e+07
2.147641506893021986e+07
2.147637959640460461e+07
2.147635081533768773e+07
2.147632862891419232e+07
2.147631248158978671e+07
2.147630159300296754e+07
2.147629452794039249e+07
2.147629018385710567e+07
2.147628724554657191e+07
2.147628466313001513e+07
2.147628176248632371e+07
2.147627792425541207e+07
2.147627306681115925e+07
2.147626715524743497e+07
2.147626041780158877e+07
2.147625322328429669e+07
2.147624586346594244e+07
2.147623876019346714e+07
2.147623213059680164e+07
2.147622618764303625e+07
2.147622101559344307e+07
2.147621657130672410e+07
2.147621280649884045e+07
2.147620953785702586e+07
2.147620663798800483e+07
2.147620393409557641e+07
2.147620129993217066e+07
2.147619866110978648e+07
2.147619595665502548e+07
2.147619321413655579e+07
2.147619045304210484e+07
2.147618775173031539e+07
2.147618517703557014e+07
2.147618279823421687e+07
2.147618067764366418e+07
2.147617883866430447e+07
2.147617730144019425e+07
2.147617603976918384e+07
2.147617502580621839e+07
2.147617420488669723e+07
2.147617352203743160e+07
2.147617292302678525e+07
2.147617235559231788e+07
2.147617178737875819e+07
2.147617118989162147e+07
2.147617055864645541e+07
2.147616989306616038e+07
2.147616920863503963e+07
2.147616852274993062e+07
2.147616785639770329e+07
2.147616722985672578e+07
2.147616665712180734e+07
2.147616614997709543e+07
2.147616571009779721e+07
2.147616533733656257e+07
2.147616502324540168e+07
2.147616475929197669e+07
2.147616453329170495e+07
2.147616433473761380e+07
2.147616415390358120e+07
2.147616398342745379e+07
2.147616381910761446e+07
2.147616365843262523e+07
2.147616350215515494e+07
2.147616335124658793e+07
2.147616320868884400e+07
2.147616307630924881e+07
2.147616295651487261e+07
2.147616284995272756e+07
2.147616275702302903e+07
2.147616267665389180e+07
2.147616260743329674e+07
2.147616254730479792e+07
2.147616249418810755e+07
2.147616244620033354e+07
2.147616240172803029e+07
2.147616235982802510e+07
2.147616231985174865e+07
2.147616228184293956e+07
2.147616224591347575e+07
2.147616221260437369e+07
2.147616218223192543e+07
2.147616215524513647e+07
2.147616213169465214e+07
2.147616211160749942e+07
2.147616209463130310e+07
2.147616208040464669e+07
2.147616206834393740e+07
2.147616205795991421e+07
2.147616204872074723e+07
2.147616204027368501e+07
2.147616203233030066e+07
2.147616202478533983e+07
2.147616201760537922e+07
2.147616201087121665e+07
2.147616200468000025e+07
2.147616199915216863e+07
2.147616199436529353e+07
2.147616199035936967e+07
2.147616198710985482e+07
2.147616198454478011e+07
2.147616198254840076e+07
2.147616198098550364e+07
2.147616197971743345e+07
2.147616197862162068e+07
2.147616197760334611e+07
2.147616197660256922e+07
2.147616197559417412e+07
2.147616197458270937e+07
2.147616197359364480e+07
2.147616197266322002e+07
2.147616197182789072e+07
2.147616197111718357e+07
2.147616197054716200e+07
2.147616197012027353e+07
2.147616196982416883e+07
2.147616196963755786e+07
2.147616196953169629e+07
2.147616196947847307e+07
2.147616196945092082e+07
2.147616196942996606e+07
2.147616196940177679e+07
2.147616196936193109e+07
2.147616196930989623e+07
2.147616196925138682e+07
2.147616196919187158e+07
2.147616196913880110e+07
2.147616196909598261e+07
2.147616196906674281e+07
2.147616196904999763e+07
2.147616196904424950e+07
2.147616196904511750e+07
2.147616196904922277e+07
2.147616196905242279e+07
2.147616196905271709e+07
2.147616196904856339e+07
2.147616196904052794e+07
2.147616196902961656e+07
2.147616196901789308e+07
2.147616196900719404e+07
2.147616196899919212e+07
2.147616196899484098e+07
2.147616196899428219e+07
2.147616196899704263e+07
2.147616196900192648e+07
2.147616196900765598e+07
2.147616196901275218e+07
2.147616196901619807e+07
2.147616196901716292e+07
2.147616196901553497e+07
2.147616196901143342e+07
2.147616196900551766e+07
2.147616196899848431e+07
2.147616196899119020e+07
2.147616196898429841e+07
2.147616196897832677e+07
2.147616196897352114e+07
2.147616196896987408e+07
2.147616196896723285e+07
2.147616196896526590e+07
2.147616196896366403e+07
2.147616196896209568e+07
2.147616196896036714e+07
2.147616196895834804e+07
2.147616196895603836e+07
2.147616196895352006e+07
2.147616196895090863e+07
2.147616196894836053e+07
2.147616196894599125e+07
2.147616196894388646e+07
2.147616196894207597e+07
2.147616196894055605e+07
2.147616196893926337e+07
2.147616196893814579e+07
2.147616196893712506e+07
2.147616196893615276e+07
2.147616196893519163e+07
2.147616196893423051e+07
2.147616196893329173e+07
2.147616196893237531e+07
2.147616196893153340e+07
2.147616196893077344e+07
2.147616196893012524e+07
2.147616196892958134e+07
2.147616196892914176e+07
2.147616196892879158e+07
2.147616196892849356e+07
2.147616196892824024e+07
2.147616196892800927e+07
2.147616196892778575e+07
2.147616196892757341e+07
2.147616196892736107e+07
2.147616196892715991e+07
2.147616196892697737e+07
2.147616196892682463e+07
2.147616196892669424e+07
2.147616196892660111e+07
2.147616196892653033e+07
2.147616196892648190e+07
2.147616196892645210e+07
2.147616196892642975e+07
2.147616196892640740e+07
