1.755461369619028643e+07
1.613123758152583987e+07
1.514538081315799803e+07
1.458357490491597168e+07
1.438044793756722286e+07
1.440436702597093210e+07
1.449752798306626454e+07
1.454594002137609385e+07
1.450273826738251001e+07
1.436924861528481171e+07
1.417150281689968891e+07
1.394419035679588653e+07
1.372078649755996093e+07
1.352750887361240014e+07
1.337986203502350301e+07
1.328141471491932124e+07
1.322487863668927178e+07
1.319543341361747682e+07
1.317561814050425962e+07
1.315040428895037994e+07
1.311088911370860040e+07
1.305564342088763416e+07
1.298971476809479110e+07
1.292202594909860007e+07
1.286216389321702532e+07
1.281746142637261748e+07
1.279105332103385031e+07
1.278132446317116357e+07
1.278282823576508649e+07
1.278832722045241296e+07
1.279122153081669658e+07
1.278749716844411194e+07
1.277656162353639677e+07
1.276081887745871767e+07
1.274431171736563928e+07
1.273102683655667305e+07
1.272347402851055562e+07
1.272197463106678054e+07
1.272481024265386537e+07
1.272907613593099266e+07
1.273184990469010919e+07
1.273121065580676123e+07
1.272675426166087762e+07
1.271948592956351116e+07
1.271121979547241330e+07
1.270377706063788384e+07
1.269830557783616707e+07
1.269495591944377497e+07
1.269298736770857498e+07
1.269120526833061501e+07
1.268851350549599901e+07
1.268434627913886309e+07
1.267882268827584013e+07
1.267260194221873954e+07
1.266654214277295768e+07
1.266133029125125334e+07
1.265723826685792953e+07
1.265408564017301984e+07
1.265139365625205822e+07
1.264863771785379387e+07
1.264547776246229559e+07
1.264187275782869197e+07
1.263804853629415669e+07
1.263435532854630053e+07
1.263109325459855981e+07
1.262838634980135225e+07
1.262615292555870488e+07
1.262417095629823208e+07
1.262219527445638925e+07
1.262006638265135139e+07
1.261776321112669073e+07
1.261538463362522051e+07
1.261307936526823044e+07
1.261096459694773704e+07
1.260907278657544777e+07
1.260734696740316600e+07
1.260567919789843820e+07
1.260396733852959238e+07
1.260216044669937901e+07
1.260027298513039574e+07
1.259836591823223233e+07
1.259650893287526257e+07
1.259474494639661163e+07
1.259307372838870436e+07
1.259145956387705728e+07
1.258985531005758047e+07
1.258822824915025569e+07
1.258657448756434955e+07
1.258491644878965244e+07
1.258328739610104449e+07
1.258171290475071967e+07
1.258019922577262297e+07
1.257873340709365718e+07
1.257729322450151294e+07
1.257586020316514745e+07
1.257442845700598136e+07
1.257300540300788358e+07
1.257160529858317040e+07
1.257024019284150004e+07
1.256891353253080323e+07
1.256761941822496057e+07
1.256634699779399112e+07
1.256508679021767899e+07
1.256383519278490171e+07
1.256259501209118217e+07
1.256137238535593078e+07
1.256017239055382460e+07
1.255899600235879980e+07
1.255783987565673515e+07
1.255669861912525631e+07
1.255556787621247768e+07
1.255444634431191534e+07
1.255333576280796155e+07
1.255223920944840088e+07
1.255115895344628766e+07
1.255009516417396255e+07
1.254904606974956021e+07
1.254800922396277636e+07
1.254698295192509703e+07
1.254596709361075424e+07
1.254496272240281850e+07
1.254397117489834875e+07
1.254299308280349150e+07
1.254202798469787836e+07
1.254107465534002893e+07
1.254013183772482350e+07
1.253919887211056799e+07
1.253827586085582897e+07
1.253736334787155874e+07
1.253646178955067322e+07
1.253557117509515584e+07
1.253469100296408683e+07
1.253382056650635973e+07
1.253295931859670207e+07
1.253210707465973869e+07
1.253126395477233082e+07
1.253043014596645534e+07
1.252960566581982747e+07
1.252879027770563588e+07
1.252798358695937321e+07
1.252718522707270458e+07
1.252639500228887051e+07
1.252561290264627710e+07
1.252483900298075005e+07
1.252407332989357039e+07
1.252331578711003251e+07
1.252256617649075761e+07
1.252182428342916816e+07
1.252108995871184021e+07
1.252036314298370667e+07
1.251964382722509652e+07
1.251893198644368723e+07
1.251822753557842970e+07
1.251753033371384256e+07
1.251684022602804750e+07
1.251615708927490003e+07
1.251548084982193634e+07
1.251481146682921052e+07
1.251414889783740044e+07
1.251349307292600907e+07
1.251284389324532636e+07
1.251220125035621785e+07
1.251156504918633401e+07
1.251093521795051917e+07
1.251031170036550239e+07
1.250969443870347738e+07
1.250908336125916243e+07
1.250847838246950880e+07
1.250787941365686432e+07
1.250728637519175559e+07
1.250669920134847984e+07
1.250611783567780070e+07
1.250554222172233462e+07
1.250497229631911218e+07
1.250440798930181935e+07
1.250384923008010536e+07
1.250329595154527947e+07
1.250274809310702421e+07
1.250220559764011204e+07
1.250166840698924847e+07
1.250113645940349810e+07
1.250060969055995345e+07
1.250008803692268953e+07
1.249957143865706399e+07
1.249905984008019790e+07
1.249855318774480745e+07
1.249805142794502899e+07
1.249755450552390143e+07
1.249706236455755308e+07
1.249657494999711961e+07
1.249609220881218649e+07
1.249561408983563259e+07
1.249514054265808314e+07
1.249467151660465635e+07
1.249420696060222387e+07
1.249374682393233106e+07
1.249329105718166009e+07
1.249283961265129223e+07
1.249239244400516525e+07
1.249194950553841703e+07
1.249151075165632367e+07
1.249107613688143156e+07
1.249064561624347046e+07
1.249021914564383402e+07
1.248979668189175427e+07
1.248937818243461847e+07
1.248896360505497828e+07
1.248855290779559501e+07
1.248814604915231466e+07
1.248774298835351691e+07
1.248734368549986184e+07
1.248694810147740692e+07
1.248655619774165377e+07
1.248616793614751101e+07
1.248578327892831713e+07
1.248540218878967315e+07
1.248502462900170684e+07
1.248465056340176985e+07
1.248427995631516725e+07
1.248391277247351035e+07
1.248354897700294107e+07
1.248318853548650630e+07
1.248283141404205188e+07
1.248247757935039699e+07
1.248212699861546047e+07
1.248177963949177228e+07
1.248143547003164329e+07
1.248109445867696404e+07
1.248075657427982241e+07
1.248042178611738607e+07
1.248009006388098747e+07
1.247976137764836848e+07
1.247943569786377437e+07
1.247911299534163997e+07
1.247879324128737301e+07
1.247847640731422603e+07
1.247816246543994360e+07
1.247785138806415722e+07
1.247754314794117026e+07
1.247723771816255897e+07
1.247693507215264998e+07
1.247663518366906233e+07
1.247633802679913491e+07
1.247604357595014572e+07
1.247575180583888851e+07
1.247546269148709625e+07
1.247517620822369307e+07
1.247489233168854564e+07
1.247461103783115931e+07
1.247433230290206894e+07
1.247405610344018042e+07
1.247378241626133583e+07
1.247351121845094487e+07
1.247324248735967837e+07
1.247297620059939474e+07
1.247271233603777550e+07
1.247245087179266475e+07
1.247219178622800484e+07
1.247193505795210414e+07
1.247168066581678763e+07
1.247142858891516551e+07
1.247117880657684803e+07
1.247093129836129397e+07
1.247068604405105114e+07
1.247044302364619449e+07
1.247020221735999733e+07
1.246996360561517440e+07
1.246972716904008016e+07
1.246949288846505620e+07
1.246926074491941556e+07
1.246903071962922066e+07
1.246880279401536286e+07
1.246857694969115406e+07
1.246835316845894232e+07
1.246813143230604939e+07
1.246791172340053692e+07
1.246769402408737317e+07
1.246747831688511372e+07
1.246726458448290080e+07
1.246705280973766372e+07
1.246684297567151487e+07
1.246663506546948105e+07
1.246642906247751974e+07
1.246622495020060241e+07
1.246602271230056137e+07
1.246582233259359188e+07
1.246562379504745081e+07
1.246542708377867937e+07
1.246523218304992840e+07
1.246503907726754248e+07
1.246484775097936019e+07
1.246465818887261860e+07
1.246447037577206828e+07
1.246428429663825408e+07
1.246409993656586669e+07
1.246391728078215569e+07
1.246373631464515999e+07
1.246355702364184894e+07
1.246337939338618144e+07
1.246320340961714461e+07
