1.553502537991707213e+07
1.525465674408205971e+07
1.514455025514975563e+07
1.500657628461360745e+07
1.482674858440419845e+07
1.463824992763507552e+07
1.446651759399397671e+07
1.432099259358615428e+07
1.419582798067675717e+07
1.407804433912573196e+07
1.395911694614173099e+07
1.384032439597443119e+07
1.372904172839908674e+07
1.363164018407868221e+07
1.354869271490549669e+07
1.347515077133718878e+07
1.340481400880208611e+07
1.333505104523747414e+07
1.326782735421696305e+07
1.320693803500856832e+07
1.315429405698083341e+07
1.310823621174259111e+07
1.306503569226222299e+07
1.302198232973114401e+07
1.297912967537254095e+07
1.293843482952750474e+07
1.290153005329406820e+07
1.286820649447056279e+07
1.283676144265173376e+07
1.280564859956008196e+07
1.277476815560063533e+07
1.274527088577122614e+07
1.271827170662197284e+07
1.269379460647764057e+07
1.267088643956403434e+07
1.264864612596234865e+07
1.262707273913181759e+07
1.260694172847568244e+07
1.258895686240729690e+07
1.257308966729653813e+07
1.255872678889694810e+07
1.254537210013533384e+07
1.253310834970893711e+07
1.252236486635325290e+07
1.251332800157046318e+07
1.250567645266003907e+07
1.249889632139020041e+07
1.249276299519957975e+07
1.248743495472933725e+07
1.248310600550275296e+07
1.247966879582522810e+07
1.247677401831118949e+07
1.247416515068621188e+07
1.247186033089926466e+07
1.246998900716758147e+07
1.246852954010841623e+07
1.246728052120625973e+07
1.246606872894071043e+07
1.246490429906491376e+07
1.246389760090684518e+07
1.246307411490324512e+07
1.246233207130088657e+07
1.246157342619931325e+07
1.246081422157683223e+07
1.246013466421614960e+07
1.245955671077738516e+07
1.245901866776499338e+07
1.245846463843691535e+07
1.245791277775051631e+07
1.245741469011205994e+07
1.245697666472962312e+07
1.245655421810349450e+07
1.245611591529122554e+07
1.245567900359120965e+07
1.245527275734859705e+07
1.245489165764914826e+07
1.245450508475294895e+07
1.245410128234022483e+07
1.245369877993735299e+07
1.245331446133164316e+07
1.245294027959946729e+07
1.245256013540501893e+07
1.245217612447628751e+07
1.245180475317338854e+07
1.245145328231786005e+07
1.245111357383969240e+07
1.245077939181962237e+07
1.245045785017412156e+07
1.245015899681151472e+07
1.244988238374186866e+07
1.244962094317968935e+07
1.244937347722989693e+07
1.244914562942196801e+07
1.244893983294686303e+07
1.244875133834034204e+07
1.244857544295519963e+07
1.244841314790064469e+07
1.244826694511272386e+07
1.244813493797348067e+07
1.244801271392253973e+07
1.244789882505196892e+07
1.244779479061125033e+07
1.244770057866957039e+07
1.244761344980986975e+07
1.244753143883581646e+07
1.244745518865424581e+07
1.244738548793407157e+07
1.244732113874648511e+07
1.244726048309904337e+07
1.244720348915682174e+07
1.244715091415860876e+07
1.244710237971739471e+07
1.244705666434556991e+07
1.244701335391369089e+07
1.244697291085378081e+07
1.244693531345150620e+07
1.244689975300932117e+07
1.244686571146737784e+07
1.244683339517324045e+07
1.244680291523917019e+07
1.244677380703048781e+07
1.244674564333424717e+07
1.244671852151225507e+07
1.244669262004385144e+07
1.244666773379583657e+07
1.244664357907181047e+07
1.244662020831922814e+07
1.244659779721227847e+07
1.244657627301697806e+07
1.244655544890310243e+07
1.244653533917585760e+07
1.244651607083006017e+07
1.244649761150969192e+07
1.244647981941685267e+07
1.244646267017024383e+07
1.244644622935936600e+07
1.244643046398514323e+07
1.244641525698922947e+07
1.244640056574084237e+07
1.244638641821635887e+07
1.244637278357120045e+07
1.244635957314938493e+07
1.244634674871996790e+07
1.244633432442531362e+07
1.244632227806558274e+07
1.244631054940478504e+07
1.244629911351768672e+07
1.244628798150330596e+07
1.244627713938947022e+07
1.244626654791449569e+07
1.244625619228302315e+07
1.244624608034076914e+07
1.244623620108378306e+07
1.244622652743343264e+07
1.244621705012637004e+07
1.244620777360467240e+07
1.244619868820339255e+07
1.244618977517857775e+07
1.244618102931147441e+07
1.244617245318854786e+07
1.244616403904914111e+07
1.244615577501891926e+07
1.244614765952816233e+07
1.244613969477994740e+07
1.244613187536569871e+07
1.244612419462282583e+07
1.244611665311767720e+07
1.244610925224318914e+07
1.244610198779608496e+07
1.244609485587525368e+07
1.244608785727618448e+07
1.244608099192861840e+07
1.244607425594610535e+07
1.244606764655714855e+07
1.244606116377202421e+07
1.244605480607522279e+07
1.244604856977061182e+07
1.244604245268652216e+07
1.244603645414815843e+07
1.244603057197949849e+07
1.244602480309132859e+07
1.244601914586408436e+07
1.244601359923658893e+07
1.244600816093610227e+07
1.244600282858566567e+07
1.244599760093734786e+07
1.244599247669790685e+07
1.244598745374510437e+07
1.244598253024142981e+07
1.244597770501454547e+07
1.244597297654484212e+07
1.244596834288142249e+07
1.244596380249423161e+07
1.244595935414068401e+07
1.244595499619882926e+07
1.244595072694287635e+07
1.244594654502210394e+07
1.244594244911378250e+07
1.244593843762525544e+07
1.244593450906286389e+07
1.244593066217841767e+07
1.244592689562434889e+07
1.244592320792566985e+07
1.244591959776516631e+07
1.244591606391829625e+07
1.244591260503426567e+07
1.244590921975245327e+07
1.244590590684513003e+07
1.244590266507625766e+07
1.244589949312654883e+07
1.244589638973170519e+07
1.244589335369947366e+07
1.244589038379224017e+07
1.244588747875452787e+07
1.244588463740327209e+07
1.244588185857724212e+07
1.244587914108183980e+07
1.244587648375043646e+07
1.244587388546853513e+07
1.244587134511546232e+07
1.244586886156621389e+07
1.244586643373915739e+07
1.244586406057691202e+07
1.244586174101367220e+07
1.244585947400216386e+07
1.244585725852917880e+07
1.244585509358694032e+07
1.244585297817144915e+07
1.244585091130670905e+07
1.244584889203647897e+07
1.244584691940747760e+07
1.244584499248253554e+07
1.244584311034855992e+07
1.244584127210226655e+07
1.244583947684958577e+07
1.244583772371760756e+07
1.244583601184974983e+07
1.244583434039761126e+07
1.244583270852782018e+07
1.244583111542509869e+07
1.244582956028481573e+07
1.244582804231347330e+07
1.244582656073435023e+07
1.244582511478419229e+07
1.244582370370973647e+07
1.244582232677154988e+07
1.244582098324471898e+07
1.244581967241510749e+07
1.244581839358038828e+07
1.244581714605246484e+07
1.244581592915521190e+07
1.244581474222326651e+07
1.244581358460410684e+07
1.244581245565762743e+07
1.244581135475435294e+07
1.244581028127638251e+07
1.244580923461808637e+07
1.244580821418461576e+07
1.244580721939171292e+07
1.244580624966659769e+07
1.244580530444729887e+07
1.244580438318193704e+07
1.244580348532934114e+07
1.244580261035899445e+07
1.244580175775021687e+07
1.244580092699228600e+07
1.244580011758467741e+07
1.244579932903649472e+07
1.244579856086625718e+07
1.244579781260219030e+07
1.244579708378189430e+07
1.244579637395196036e+07
1.244579568266810104e+07
1.244579500949503109e+07
1.244579435400611535e+07
1.244579371578332782e+07
1.244579309441727772e+07
1.244579248950688168e+07
1.244579190065921843e+07
1.244579132748955488e+07
1.244579076962111518e+07
1.244579022668490745e+07
1.244578969831969962e+07
1.244578918417188525e+07
1.244578868389527313e+07
1.244578819715101272e+07
1.244578772360750660e+07
1.244578726294021681e+07
1.244578681483156979e+07
1.244578637897087261e+07
1.244578595505415834e+07
1.244578554278405197e+07
1.244578514186969399e+07
1.244578475202659890e+07
1.244578437297653966e+07
1.244578400444744527e+07
1.244578364617329836e+07
1.244578329789400473e+07
1.244578295935528912e+07
1.244578263030859455e+07
