5.172373642510419339e+07
4.809633306855089962e+07
4.573204409991115332e+07
4.455183918616201729e+07
4.428068165724226832e+07
4.446568121474530548e+07
4.466986391650643945e+07
4.464496269680547714e+07
4.433817041163836420e+07
4.380918853311486542e+07
4.315884853643733263e+07
4.248788239538870007e+07
4.187530114819884300e+07
4.136796493319132924e+07
4.097794563827940077e+07
4.068679357473433763e+07
4.045582553361155093e+07
4.023994782909341156e+07
4.000100183106206357e+07
3.971677762419942021e+07
3.938381126723700762e+07
3.901451850548712164e+07
3.863076460408494622e+07
3.825630621435852349e+07
3.791013886562176049e+07
3.760215769477130473e+07
3.733187417792692780e+07
3.709018836114734411e+07
3.686341138255619258e+07
3.663809498955204338e+07
3.640506824830678850e+07
3.616152099520958215e+07
3.591078651283184439e+07
3.566027087778877467e+07
3.541846419891171157e+07
3.519207601685982198e+07
3.498413662563830614e+07
3.479351221842674911e+07
3.461580860689994693e+07
3.444520873317310959e+07
3.427653112539298832e+07
3.410679631590106338e+07
3.393583658400359005e+07
3.376586990544970334e+07
3.360032504539853334e+07
3.344242432756920159e+07
3.329404941005291045e+07
3.315525253679212183e+07
3.302450394925725088e+07
3.289948772325871140e+07
3.277807514103044197e+07
3.265908085754000768e+07
3.254253956212954596e+07
3.242946110768079758e+07
3.232123175057521462e+07
3.221894653575982526e+07
3.212294895119681954e+07
3.203273748981527239e+07
3.194723175904936716e+07
3.186524437034085020e+07
3.178593681111852825e+07
3.170906955848780274e+07
3.163496626328806579e+07
3.156424415356179699e+07
3.149745783905067667e+07
3.143482355805387348e+07
3.137613459409351647e+07
3.132087904540775344e+07
3.126847782640429586e+07
3.121851604309540614e+07
3.117086057367558032e+07
3.112562452386568487e+07
3.108301745069201291e+07
3.104317014036833495e+07
3.100602352719287947e+07
3.097132831653138995e+07
3.093874105150958151e+07
3.090795586364008486e+07
3.087880076146904007e+07
3.085125436313896254e+07
3.082538540483951941e+07
3.080125689349840581e+07
3.077884957039518654e+07
3.075804182894809544e+07
3.073864828761493787e+07
3.072048763562411070e+07
3.070343876755689085e+07
3.068745643818087876e+07
3.067254400507174432e+07
3.065870493112061173e+07
3.064590346689122915e+07
3.063405540808403492e+07
3.062304976998589933e+07
3.061278441401876882e+07
3.060319302595285326e+07
3.059424904345455766e+07
3.058594761664411798e+07
3.057827933470186219e+07
3.057121231975865364e+07
3.056469186808573455e+07
3.055865501869900152e+07
3.055304889033294842e+07
3.054784106015389040e+07
3.054301689060602337e+07
3.053856747782192752e+07
3.053447710587274283e+07
3.053071803207952529e+07
3.052725465604593232e+07
3.052405292634429038e+07
3.052108817448655143e+07
3.051834661036635935e+07
3.051582048336226493e+07
3.051350096299045533e+07
3.051137362726894021e+07
3.050941900092063099e+07
3.050761693040618300e+07
3.050595127937427908e+07
3.050441178201878071e+07
3.050299227089840919e+07
3.050168702186971530e+07
3.050048793208122253e+07
3.049938425430255383e+07
3.049836461768763140e+07
3.049741956687128171e+07
3.049654278580791503e+07
3.049573036426448449e+07
3.049497890652941540e+07
3.049428394710280746e+07
3.049363968952097371e+07
3.049304000514224917e+07
3.049247976576050371e+07
3.049195550454504043e+07
3.049146503659883142e+07
3.049100646355937421e+07
3.049057735231131315e+07
3.049017462482677028e+07
3.048979510226285085e+07
3.048943618950325251e+07
3.048909617175878584e+07
3.048877396260518953e+07
3.048846856655714661e+07
3.048817868318981305e+07
3.048790270644822344e+07
3.048763904273771867e+07
3.048738645144226402e+07
3.048714414547905698e+07
3.048691161132323369e+07
3.048668832313932478e+07
3.048647357556223124e+07
3.048626653393687308e+07
3.048606642197786644e+07
3.048587267761852592e+07
3.048568496077587456e+07
3.048550302868250385e+07
3.048532659250698611e+07
3.048515526423472166e+07
3.048498861570006981e+07
3.048482628236676008e+07
3.048466802182097733e+07
3.048451368741587177e+07
3.048436315006435290e+07
3.048421623597357422e+07
3.048407272434840351e+07
3.048393239496481046e+07
3.048379507836489752e+07
3.048366066757015884e+07
3.048352908764000982e+07
3.048340025340690464e+07
3.048327404997195676e+07
3.048315034662684798e+07
3.048302902650680393e+07
3.048291000485070795e+07
3.048279322263313457e+07
3.048267862449054420e+07
3.048256614106537029e+07
3.048245568892231584e+07
3.048234718473592773e+07
3.048224055945903063e+07
3.048213576069243252e+07
3.048203274317590892e+07
3.048193145708909631e+07
3.048183184399626032e+07
3.048173384229084104e+07
3.048163739584879577e+07
3.048154245805495977e+07
3.048144898859219998e+07
3.048135694688498229e+07
3.048126628822433949e+07
3.048117696531987935e+07
3.048108893299491331e+07
3.048100215149128810e+07
3.048091658580917493e+07
3.048083220230732858e+07
3.048074896589835733e+07
3.048066684008645266e+07
3.048058578928034753e+07
3.048050578097039834e+07
3.048042678589909896e+07
3.048034877640903741e+07
3.048027172469389066e+07
3.048019560246247426e+07
3.048012038203842565e+07
3.048004603766621649e+07
3.047997254582674056e+07
3.047989988443638757e+07
3.047982803179977834e+07
3.047975696624900028e+07
3.047968666663501412e+07
3.047961711305803806e+07
3.047954828712121397e+07
3.047948017154125124e+07
3.047941274955132976e+07
3.047934600464122370e+07
3.047927992078413814e+07
3.047921448283817619e+07
3.047914967670812085e+07
3.047908548914048821e+07
3.047902190737629682e+07
3.047895891897485033e+07
3.047889651191215962e+07
3.047883467479102314e+07
3.047877339692822099e+07
3.047871266823863611e+07
3.047865247903715074e+07
3.047859281993410736e+07
3.047853368188457564e+07
3.047847505629994348e+07
3.047841693508966267e+07
3.047835931058856100e+07
3.047830217543922365e+07
3.047824552252853289e+07
3.047818934501007572e+07
3.047813363635953888e+07
3.047807839038944617e+07
3.047802360120201111e+07
3.047796926312149316e+07
3.047791537066067755e+07
3.047786191853474081e+07
3.047780890168965608e+07
3.047775631530442089e+07
3.047770415475885943e+07
3.047765241559307277e+07
3.047760109348827973e+07
3.047755018427353352e+07
3.047749968393784016e+07
3.047744958862626553e+07
3.047739989461855590e+07
3.047735059830635786e+07
3.047730169618449360e+07
3.047725318485554680e+07
3.047720506103479862e+07
3.047715732154469937e+07
3.047710996330018714e+07
3.047706298329515383e+07
3.047701637859745324e+07
3.047697014635060728e+07
3.047692428377430141e+07
3.047687878815887868e+07
3.047683365685610473e+07
3.047678888727210462e+07
3.047674447686555982e+07
3.047670042314858362e+07
3.047665672368578240e+07
3.047661337608963996e+07
3.047657037801439315e+07
3.047652772715188190e+07
3.047648542123033851e+07
3.047644345801408216e+07
3.047640183530186117e+07
3.047636055092344806e+07
3.047631960273623466e+07
3.047627898862335831e+07
3.047623870649326965e+07
3.047619875427929685e+07
3.047615912993803620e+07
3.047611983144688606e+07
3.047608085680194944e+07
3.047604220401682705e+07
3.047600387112213671e+07
3.047596585616479069e+07
3.047592815720669925e+07
3.047589077232334763e+07
3.047585369960279763e+07
3.047581693714522570e+07
3.047578048306266591e+07
3.047574433547837287e+07
3.047570849252587557e+07
3.047567295234803483e+07
3.047563771309641749e+07
3.047560277293100581e+07
3.047556813001982123e+07
3.047553378253846988e+07
3.047549972866958380e+07
3.047546596660242602e+07
3.047543249453270063e+07
3.047539931066238135e+07
3.047536641319956630e+07
3.047533380035807565e+07
3.047530147035713121e+07
3.047526942142112926e+07
