6.780786493409879506e+07
6.399326616728099436e+07
6.151274287967370450e+07
5.981684537987338006e+07
5.875505297667308152e+07
5.810039141000063717e+07
5.760687462429659069e+07
5.709788498588294536e+07
5.648706232251521200e+07
5.575061122783226520e+07
5.489863696253526211e+07
5.395769283953288943e+07
5.296104708386883885e+07
5.194291437890246511e+07
5.093459667652940005e+07
4.996172191714657843e+07
4.904228877562803030e+07
4.818554916783975810e+07
4.739189788904126734e+07
4.665393719517073780e+07
4.595873010689184070e+07
4.529097461754561961e+07
4.463651963609125465e+07
4.398545088568209112e+07
4.333401974576607347e+07
4.268497989013249427e+07
4.205381893123594671e+07
4.152967761206200719e+07
4.113361685702392459e+07
4.086660565158130229e+07
4.071497367493220419e+07
4.065317215134253353e+07
4.064828942472549528e+07
4.066566057829268277e+07
4.067436949557250738e+07
4.065141214663968235e+07
4.058379750753912330e+07
4.046856460413956642e+07
4.031121018217638135e+07
4.012320641071381420e+07
3.991922166038587689e+07
3.971448837823919952e+07
3.952259635555417091e+07
3.935386806949948519e+07
3.921439309755110741e+07
3.910574159190008789e+07
3.902532277001765370e+07
3.896729235890857875e+07
3.892384532851007581e+07
3.888667267590061575e+07
3.884833553132196516e+07
3.880333283849667013e+07
3.874871006687437743e+07
3.868415694461712241e+07
3.861164341253988445e+07
3.853471992056848109e+07
3.845764843712016195e+07
3.838453467106446624e+07
3.831860801578885317e+07
3.826175313466727734e+07
3.821434407371595502e+07
3.817537542110128701e+07
3.814283292120046169e+07
3.811420663022461534e+07
3.808703101705621183e+07
3.805934248566421121e+07
3.802997358797951043e+07
3.799864653501851112e+07
3.796587492093211412e+07
3.793272083429224044e+07
3.790047745005297661e+07
3.787035236785581708e+07
3.784321621370238811e+07
3.781945890781305730e+07
3.779896832940919697e+07
3.778121889923448861e+07
3.776543607910703123e+07
3.775079092450691760e+07
3.773657814308124036e+07
3.772234077950447053e+07
3.770792139033596218e+07
3.769343877028751373e+07
3.767920621832820773e+07
3.766561837860408425e+07
3.765303709731978178e+07
3.764170273208335787e+07
3.763168780560891330e+07
3.762289768879096210e+07
3.761511127262389660e+07
3.760804603821580857e+07
3.760142822854496539e+07
3.759505029174697399e+07
3.758880341557608545e+07
3.758268087412942201e+07
3.757675578509184718e+07
3.757114274550765753e+07
3.756595546721213311e+07
3.756127174360079318e+07
3.755711352723784745e+07
3.755344487182208896e+07
3.755018548274753988e+07
3.754723391587781906e+07
3.754449284540632367e+07
3.754188942318884283e+07
3.753938610566783696e+07
3.753698055982539058e+07
3.753469638846790791e+07
3.753256861400511861e+07
3.753062867018791288e+07
3.752889305383904278e+07
3.752735814889913797e+07
3.752600165171690285e+07
3.752478913653213531e+07
3.752368309891341627e+07
3.752265153758357465e+07
3.752167372498677671e+07
3.752074198064451665e+07
3.751985958393037319e+07
3.751903604346723855e+07
3.751828150540068746e+07
3.751760204717969149e+07
3.751699706822435558e+07
3.751645918514835835e+07
3.751597624222890288e+07
3.751553448994950205e+07
3.751512179319716245e+07
3.751472990630340576e+07
3.751435528600310534e+07
3.751399843636959791e+07
3.751366222155962139e+07
3.751334982259012759e+07
3.751306301211093366e+07
3.751280121467533708e+07
3.751256150401519239e+07
3.751233937698869407e+07
3.751212993128828704e+07
3.751192901067386568e+07
3.751173396360494941e+07
3.751154384025555104e+07
3.751135905775605142e+07
3.751118072581666708e+07
3.751100990031582117e+07
3.751084701098501682e+07
3.751069161324959993e+07
3.751054248609631509e+07
3.751039798362103105e+07
3.751025648202447593e+07
3.751011675968734175e+07
3.750997819695125520e+07
3.750984075991781801e+07
3.750970480906341970e+07
3.750957082400231063e+07
3.750943914798177034e+07
3.750930983184440434e+07
3.750918261097362638e+07
3.750905699907225370e+07
3.750893244655808806e+07
3.750880849869172275e+07
3.750868489969532192e+07
3.750856161644915491e+07
3.750843878701946139e+07
3.750831662387751043e+07
3.750819531203746051e+07
3.750807493728845567e+07
3.750795546348256618e+07
3.750783675784828514e+07
3.750771864700795710e+07
3.750760097878190875e+07
3.750748366714590788e+07
3.750736670744541287e+07
3.750725016154719144e+07
3.750713412317533046e+07
3.750701867887674272e+07
3.750690387896499038e+07
3.750678972682939470e+07
3.750667618708321452e+07
3.750656320628181100e+07
3.750645073656488955e+07
3.750633875320674479e+07
3.750622726080026478e+07
3.750611628779613972e+07
3.750600587336438894e+07
3.750589605264104903e+07
3.750578684596937895e+07
3.750567825533499569e+07
3.750557026803219318e+07
3.750546286495725065e+07
3.750535602968561649e+07
3.750524975486730784e+07
3.750514404405985028e+07
3.750503890912567824e+07
3.750493436493657529e+07
3.750483042382413894e+07
3.750472709188479185e+07
3.750462436819164455e+07
3.750452224669574201e+07
3.750442071963054687e+07
3.750431978087569773e+07
3.750421942802057415e+07
3.750411966258047521e+07
3.750402048861357570e+07
3.750392191055308282e+07
3.750382393122562766e+07
3.750372655078858882e+07
3.750362976683849096e+07
3.750353357545070350e+07
3.750343797259186208e+07
3.750334295530088991e+07
3.750324852222644538e+07
3.750315467343014479e+07
3.750306140966385603e+07
3.750296873149617016e+07
3.750287663865721226e+07
3.750278512981835008e+07
3.750269420281580091e+07
3.750260385515055060e+07
3.750251408451762795e+07
3.750242488914971054e+07
3.750233626787132025e+07
3.750224821989475191e+07
3.750216074448473752e+07
3.750207384065090120e+07
3.750198750698757172e+07
3.750190174170033634e+07
3.750181654277725518e+07
3.750173190821122378e+07
3.750164783617546409e+07
3.750156432508968562e+07
3.750148137357027829e+07
3.750139898030455410e+07
3.750131714391347766e+07
3.750123586286047101e+07
3.750115513543412834e+07
3.750107495979826152e+07
3.750099533407538384e+07
3.750091625642313063e+07
3.750083772507226467e+07
3.750075973831729591e+07
3.750068229447261989e+07
3.750060539181782305e+07
3.750052902855816483e+07
3.750045320281416178e+07
3.750037791264005005e+07
3.750030315605895221e+07
3.750022893109704554e+07
3.750015523580341786e+07
3.750008206824947894e+07
3.750000942651235312e+07
3.749993730865180492e+07
3.749986571269170940e+07
3.749979463661310077e+07
3.749972407835920900e+07
3.749965403584825248e+07
3.749958450698699802e+07
3.749951548967905343e+07
3.749944698182531446e+07
3.749937898131807894e+07
3.749931148603263497e+07
3.749924449382077157e+07
3.749917800250934809e+07
3.749911200990335643e+07
3.749904651379254460e+07
3.749898151195789874e+07
3.749891700217539072e+07
3.749885298221673071e+07
3.749878944984662533e+07
3.749872640281932801e+07
3.749866383887569606e+07
3.749860175574225187e+07
3.749854015113225579e+07
3.749847902274832129e+07
3.749841836828459054e+07
3.749835818542845547e+07
3.749829847186075151e+07
3.749823922525492311e+07
3.749818044327598810e+07
3.749812212358018011e+07
3.749806426381514221e+07
3.749800686162108183e+07
3.749794991463249922e+07
3.749789342047932744e+07
3.749783737678794563e+07
3.749778178118116409e+07
3.749772663127811998e+07
3.749767192469368875e+07
3.749761765903834999e+07
3.749756383191831410e+07
3.749751044093616307e+07
3.749745748369118571e+07
3.749740495778029412e+07
3.749735286079809070e+07
3.749730119033730030e+07
3.749724994398868829e+07
3.749719911934126168e+07
3.749714871398247033e+07
3.749709872549872100e+07
3.749704915147571266e+07
3.749699998949909210e+07
3.749695123715474457e+07
3.749690289202916622e+07
