1.011356547029353976e+08
9.335350220996826887e+07
8.590780738060802221e+07
7.881073748328222334e+07
7.207362571204853058e+07
6.570678756345066428e+07
5.971932298172332346e+07
5.411890559950301796e+07
4.891156124619795382e+07
4.410143895402369648e+07
3.969057897767654061e+07
3.567868385574016720e+07
3.206290025071780384e+07
2.883762114068555087e+07
2.599431977664545551e+07
2.352142847913281620e+07
2.140427656924802065e+07
1.962510219318883121e+07
1.816315214534553513e+07
1.699488167230404168e+07
1.609426237076469697e+07
1.543320057792747766e+07
1.498206124717536941e+07
1.471028370083527826e+07
1.458706669568885118e+07
1.458209204597529583e+07
1.466624985834083334e+07
1.481232535796675645e+07
1.499560806280070357e+07
1.519438885426491871e+07
1.539031880484458059e+07
1.556861438425033912e+07
1.571810549080233090e+07
1.583113401163436472e+07
1.590332038014246710e+07
1.593322251190860756e+07
1.592191570942733437e+07
1.587252338578177616e+07
1.578972733294141479e+07
1.567928332276137918e+07
1.554756369206843525e+07
1.540114395837734081e+07
1.524644557460940629e+07
1.508944250544105284e+07
1.493543509927017428e+07
1.478889119433499500e+07
1.465335143325973116e+07
1.453139340447780490e+07
1.442464745399030484e+07
1.433385578224372119e+07
1.425896571968153864e+07
1.419924781936860830e+07
1.415342957115011103e+07
1.411983607868153043e+07
1.409652989066812582e+07
1.408144327534682304e+07
1.407249750063544512e+07
1.406770505567038059e+07
1.406525214696905389e+07
1.406356015301139653e+07
1.406132596216326207e+07
1.405754220020011626e+07
1.405149923916714638e+07
1.404277154799714126e+07
1.403119139090440050e+07
1.401681310886777565e+07
1.399987125007633306e+07
1.398073567270827852e+07
1.395986645889530331e+07
1.393777108607885242e+07
1.391496583573000133e+07
1.389194291299437359e+07
1.386914423515320010e+07
1.384694234926660731e+07
1.382562848316823505e+07
1.380540733758865669e+07
1.378639790408906154e+07
1.376863935207992792e+07
1.375210087183876149e+07
1.373669428769798763e+07
1.372228826066619530e+07
1.370872297317067534e+07
1.369582431794574484e+07
1.368341678393902816e+07
1.367133442910595052e+07
1.365942953781590611e+07
1.364757876503244042e+07
1.363568675803438760e+07
1.362368740927337296e+07
1.361154302395253628e+07
1.359924177903173119e+07
1.358679390554041229e+07
1.357422704490682110e+07
1.356158121631469578e+07
1.354890379137737677e+07
1.353624481125207618e+07
1.352365290675812215e+07
1.351117200108958036e+07
1.349883889375180937e+07
1.348668174891261570e+07
1.347471944578025863e+07
1.346296169560138509e+07
1.345140979413261265e+07
1.344005784839074686e+07
1.342889431950870901e+07
1.341790371608283930e+07
1.340706829415834695e+07
1.339636964046354592e+07
1.338579004377953894e+07
1.337531358969591558e+07
1.336492694426721893e+07
1.335461982011201605e+07
1.334438514262288995e+07
1.333421895304223336e+07
1.332412009859452397e+07
1.331408976753522456e+07
1.330413092919748090e+07
1.329424773655527458e+07
1.328444494239086471e+07
1.327472737091821805e+07
1.326509947578527033e+07
1.325556500383000076e+07
1.324612677275983617e+07
1.323678656085486151e+07
1.322754509845423326e+07
1.321840214474546723e+07
1.320935662939599715e+07
1.320040683680766076e+07
1.319155061103384756e+07
1.318278556134603918e+07
1.317410925165916607e+07
1.316551936107303947e+07
1.315701380721092969e+07
1.314859082842561230e+07
1.314024902495081536e+07
1.313198736243808828e+07
1.312380514386358857e+07
1.311570195743631199e+07
1.310767760889365152e+07
1.309973204650947824e+07
1.309186528639657795e+07
1.308407734442721680e+07
1.307636817950888351e+07
1.306873765122029372e+07
1.306118549310401827e+07
1.305371130136699602e+07
1.304631453746301495e+07
1.303899454208898731e+07
1.303175055754627846e+07
1.302458175519256294e+07
1.301748726480169222e+07
1.301046620300119929e+07
1.300351769849738851e+07
1.299664091245006211e+07
1.298983505304867774e+07
1.298309938400242478e+07
1.297643322723581269e+07
1.296983596054042131e+07
1.296330701125156321e+07
1.295684584718999825e+07
1.295045196614164859e+07
1.294412488506222330e+07
1.293786413001504168e+07
1.293166922761068866e+07
1.292553969844774157e+07
1.291947505278378725e+07
1.291347478842044249e+07
1.290753839058328792e+07
1.290166533342945576e+07
1.289585508272676542e+07
1.289010709921731800e+07
1.288442084219915047e+07
1.287879577292073146e+07
1.287323135747328773e+07
1.286772706897087023e+07
1.286228238891616836e+07
1.285689680774960481e+07
1.285156982466266304e+07
1.284630094681768864e+07
1.284108968815367296e+07
1.283593556797046959e+07
1.283083810947574675e+07
1.282579683845341578e+07
1.282081128217494674e+07
1.281588096863136813e+07
1.281100542611908168e+07
1.280618418317177519e+07
1.280141676879677922e+07
1.279670271294987947e+07
1.279204154716849327e+07
1.278743280527921394e+07
1.278287602410076186e+07
1.277837074407532252e+07
1.277391650977822393e+07
1.276951287027479894e+07
1.276515937931261584e+07
1.276085559535429254e+07
1.275660108147039637e+07
1.275239540512139909e+07
1.274823813786331564e+07
1.274412885501255468e+07
1.274006713530295715e+07
1.273605256056272984e+07
1.273208471543167531e+07
1.272816318713136204e+07
1.272428756529311091e+07
1.272045744184198044e+07
1.271667241092968732e+07
1.271293206890590861e+07
1.270923601431583427e+07
1.270558384791184030e+07
1.270197517266853526e+07
1.269840959379287064e+07
1.269488671872378141e+07
1.269140615711892024e+07
1.268796752082860470e+07
1.268457042385946214e+07
1.268121448233155534e+07
1.267789931443356350e+07
1.267462454038064927e+07
1.267138978237886913e+07
1.266819466459911317e+07
1.266503881316217780e+07
1.266192185613523051e+07
1.265884342353867367e+07
1.265580314736154303e+07
1.265280066158269346e+07
1.264983560219493881e+07
1.264690760722913966e+07
1.264401631677576154e+07
1.264116137300178409e+07
1.263834242016167194e+07
1.263555910460176691e+07
1.263281107475817576e+07
1.263009798114878125e+07
1.262741947636048123e+07
1.262477521503296122e+07
1.262216485384047404e+07
1.261958805147298612e+07
1.261704446861787885e+07
1.261453376794321463e+07
1.261205561408316903e+07
1.260960967362604849e+07
1.260719561510500126e+07
1.260481310899132490e+07
1.260246182769010402e+07
1.260014144553792849e+07
1.259785163880228624e+07
1.259559208568234928e+07
1.259336246631089225e+07
1.259116246275715902e+07
1.258899175903053954e+07
1.258685004108502530e+07
1.258473699682441726e+07
1.258265231610828638e+07
1.258059569075865857e+07
1.257856681456744857e+07
1.257656538330450282e+07
1.257459109472624399e+07
1.257264364858466387e+07
1.257072274663658626e+07
1.256882809265295230e+07
1.256695939242797345e+07
1.256511635378793254e+07
1.256329868659950793e+07
1.256150610277749971e+07
1.255973831629183143e+07
1.255799504317384586e+07
1.255627600152189285e+07
1.255458091150616109e+07
1.255290949537294544e+07
1.255126147744830698e+07
1.254963658414131403e+07
1.254803454394686408e+07
1.254645508744825423e+07
1.254489794731947780e+07
1.254336285832739249e+07
1.254184955733373389e+07
1.254035778329701908e+07
1.253888727727438509e+07
1.253743778242329136e+07
1.253600904400316253e+07
1.253460080937687680e+07
1.253321282799028605e+07
1.253184485146015137e+07
1.253049663344603218e+07
1.252916792973688059e+07
1.252785849823029153e+07
1.252656809893293865e+07
1.252529649396074936e+07
1.252404344753880799e+07
1.252280872600095719e+07
1.252159209778909385e+07
1.252039333345209807e+07
1.251921220564444363e+07
1.251804848912437260e+07
1.251690196075172909e+07
1.251577239948534407e+07
1.251465958638003841e+07
1.251356330458318815e+07
