1.522831963529957235e+08
1.386816756272761226e+08
1.258093882448808104e+08
1.136898894879463464e+08
1.023442802940037549e+08
9.179066993455669284e+07
8.204359728868056834e+07
7.311338647111012042e+07
6.500552303877151012e+07
5.771996531703867018e+07
5.125049013958235085e+07
4.558407342915476114e+07
4.070035042254676670e+07
3.661299675128172338e+07
3.356096255511929840e+07
3.103391723400605097e+07
2.899209634994871169e+07
2.739277668102303520e+07
2.619072171612463892e+07
2.533880826425404474e+07
2.478880715747907013e+07
2.449228234145139530e+07
2.440156374829319492e+07
2.447074210745001212e+07
2.465662999094732851e+07
2.491963405451642722e+07
2.522448903762602806e+07
2.554081421499352902e+07
2.584346650198380649e+07
2.611267965882940963e+07
2.633399420075968280e+07
2.649799606412585825e+07
2.659989259858863428e+07
2.663896141424822062e+07
2.661791093251834065e+07
2.654219154301348329e+07
2.641929371344164014e+07
2.625806500869679451e+07
2.606807249906428158e+07
2.585903111200185120e+07
2.564031258833635598e+07
2.542054416521666199e+07
2.520730111329563707e+07
2.500689289284023643e+07
2.482423898730694130e+07
2.466282741465488076e+07
2.452474648634757474e+07
2.441077856293062866e+07
2.432054332988942787e+07
2.425267747769983113e+07
2.420503760163407028e+07
2.417491361483233795e+07
2.415924094927036017e+07
2.415480123829405755e+07
2.415840294353560358e+07
2.416703540130234137e+07
2.417799189956334233e+07
2.418895953356400132e+07
2.419807560911107436e+07
2.420395216592522711e+07
2.420567169936368242e+07
2.420275831374250725e+07
2.419512931857954711e+07
2.418303268088026345e+07
2.416697579567771032e+07
2.414765077528797835e+07
2.412586093995367736e+07
2.410245248109458387e+07
2.407825442833281308e+07
2.405402914642849565e+07
2.403043467713338882e+07
2.400799937542454898e+07
2.398710851239103079e+07
2.396800186101221293e+07
2.395078076851409301e+07
2.393542286176073179e+07
2.392180233204203472e+07
2.390971369529487193e+07
2.389889700797998160e+07
2.388906271595590934e+07
2.387991459771496803e+07
2.387116960578610748e+07
2.386257378203842044e+07
2.385391379656229913e+07
2.384502401138678938e+07
2.383578927951905131e+07
2.382614394191457331e+07
2.381606767089894786e+07
2.380557892475611717e+07
2.379472682633340359e+07
2.378358226465313137e+07
2.377222895216611028e+07
2.376075506326298416e+07
2.374924594501890242e+07
2.373777824207225442e+07
2.372641562642370909e+07
2.371520618063255399e+07
2.370418135812492669e+07
2.369335634341949970e+07
2.368273156177237630e+07
2.367229504331843555e+07
2.366202533027785271e+07
2.365189462437045202e+07
2.364187190098880976e+07
2.363192576175766438e+07
2.362202685226445645e+07
2.361214973144383729e+07
2.360227413824139535e+07
2.359238565543498844e+07
2.358247581650222838e+07
2.357254173692978919e+07
2.356258537522177398e+07
2.355261254098099098e+07
2.354263176862260699e+07
2.353265316706678271e+07
2.352268734018199891e+07
2.351274445212876797e+07
2.350283348845405877e+07
2.349296174005007744e+07
2.348313451486315578e+07
2.347335506306533143e+07
2.346362468635832518e+07
2.345394299175692350e+07
2.344430824471789226e+07
2.343471777555589750e+07
2.342516839610205591e+07
2.341565678966830671e+07
2.340617984560458362e+07
2.339673491906842217e+07
2.338732000611972064e+07
2.337793383308335394e+07
2.336857586664713919e+07
2.335924625694360211e+07
2.334994572967763990e+07
2.334067544518501312e+07
2.333143684229128808e+07
2.332223148327055946e+07
2.331306091345917434e+07
2.330392654558080435e+07
2.329482957501090318e+07
2.328577092843968049e+07
2.327675124500565231e+07
2.326777088620925695e+07
2.325882996892570332e+07
2.324992841467574239e+07
2.324106600795647502e+07
2.323224245678796619e+07
2.322345744955095649e+07
2.321471070350458473e+07
2.320600200189748406e+07
2.319733121814884990e+07
2.318869832702692598e+07
2.318010340397585183e+07
2.317154661465849727e+07
2.316302819735834375e+07
2.315454844111575559e+07
2.314610766239845008e+07
2.313770618277596682e+07
2.312934430955861509e+07
2.312102232074709982e+07
2.311274045499729365e+07
2.310449890670017526e+07
2.309629782576277852e+07
2.308813732128717005e+07
2.308001746809808910e+07
2.307193831496757269e+07
2.306389989341333881e+07
2.305590222608209401e+07
2.304794533394039795e+07
2.304002924174880609e+07
2.303215398155949265e+07
2.302431959422399849e+07
2.301652612910449505e+07
2.300877364233507589e+07
2.300106219407133758e+07
2.299339184519888461e+07
2.298576265394863114e+07
2.297817467280297354e+07
2.297062794598226622e+07
2.296312250769285485e+07
2.295565838120786101e+07
2.294823557875271142e+07
2.294085410208726674e+07
2.293351394362038374e+07
2.292621508786364645e+07
2.291895751302617043e+07
2.291174119257000834e+07
2.290456609657890722e+07
2.289743219283665344e+07
2.289033944755879045e+07
2.288328782576679811e+07
2.287627729133307189e+07
2.286930780675490946e+07
2.286237933273387328e+07
2.285549182764464244e+07
2.284864524697414786e+07
2.284183954280091822e+07
2.283507466336774826e+07
2.282835055278117955e+07
2.282166715085142106e+07
2.281502439306851104e+07
2.280842221069613844e+07
2.280186053095491976e+07
2.279533927726214379e+07
2.278885836949459091e+07
2.278241772424479574e+07
2.277601725504748523e+07
2.276965687256069109e+07
2.276333648469449207e+07
2.275705599668814242e+07
2.275081531114215404e+07
2.274461432801705599e+07
2.273845294461188093e+07
2.273233105553638190e+07
2.272624855268929899e+07
2.272020532525211200e+07
2.271420125970458239e+07
2.270823623986444622e+07
2.270231014695043489e+07
2.269642285966509581e+07
2.269057425429170579e+07
2.268476420479897410e+07
2.267899258294683695e+07
2.267325925838768855e+07
2.266756409875839204e+07
2.266190696976024285e+07
2.265628773522555828e+07
2.265070625717125833e+07
2.264516239584118128e+07
2.263965600973936543e+07
2.263418695565754920e+07
2.262875508869962767e+07
2.262336026230613142e+07
2.261800232828041166e+07
2.261268113681848720e+07
2.260739653654296324e+07
2.260214837454118952e+07
2.259693649640722573e+07
2.259176074628663436e+07
2.258662096692316607e+07
2.258151699970610440e+07
2.257644868471753597e+07
2.257141586077851057e+07
2.256641836549395323e+07
2.256145603529585153e+07
2.255652870548501983e+07
2.255163621027156338e+07
2.254677838281438500e+07
2.254195505526027083e+07
2.253716605878274143e+07
2.253241122362116724e+07
2.252769037912003696e+07
2.252300335376869887e+07
2.251834997524123266e+07
2.251373007043646276e+07
2.250914346551772207e+07
2.250458998595222831e+07
2.250006945654968917e+07
2.249558170149994269e+07
2.249112654440967739e+07
2.248670380833776295e+07
2.248231331582962722e+07
2.247795488895035163e+07
2.247362834931688756e+07
2.246933351812931523e+07
2.246507021620146185e+07
2.246083826399087533e+07
2.245663748162842542e+07
2.245246768894748390e+07
2.244832870551285148e+07
2.244422035064941645e+07
2.244014244347059727e+07
2.243609480290643871e+07
2.243207724773154035e+07
2.242808959659246355e+07
2.242413166803498939e+07
2.242020328053081781e+07
2.241630425250393897e+07
2.241243440235652775e+07
2.240859354849443957e+07
2.240478150935229659e+07
2.240099810341808945e+07
2.239724314925742522e+07
2.239351646553733945e+07
2.238981787104971334e+07
2.238614718473421782e+07
2.238250422570095956e+07
2.237888881325256824e+07
2.237530076690588892e+07
2.237173990641331673e+07
2.236820605178345740e+07
2.236469902330154926e+07
2.236121864154928178e+07
2.235776472742412239e+07
2.235433710215828940e+07
2.235093558733719587e+07
2.234756000491744280e+07
2.234421017724443600e+07
2.234088592706952617e+07
2.233758707756683230e+07
