8.002120791395433247e+07
7.463422344279760122e+07
7.036628222544571757e+07
6.713472938901585340e+07
6.487077647916038334e+07
6.343145063182832301e+07
6.259727783126340806e+07
6.211766344741759449e+07
6.177609673836386949e+07
6.142183495090386271e+07
6.096677586797456443e+07
6.037176694118589908e+07
5.963304036176612973e+07
5.877027113875949383e+07
5.781649888835585117e+07
5.681014017122417688e+07
5.578905507640059292e+07
5.478641307912594080e+07
5.382805818923026323e+07
5.293113167338274419e+07
5.210378303925056010e+07
5.134583577667917311e+07
5.065025840348285437e+07
5.000523371942845732e+07
4.939654744242675602e+07
4.880996746269970387e+07
4.823328742381891608e+07
4.765777493101646006e+07
4.707888233337588608e+07
4.649621529131972790e+07
4.591287623997369409e+07
4.533438181323426962e+07
4.476738697682495415e+07
4.421843926104186475e+07
4.369294575456944108e+07
4.319447646261595190e+07
4.272446034799695015e+07
4.228226423309836537e+07
4.186558727055630088e+07
4.147106227689293027e+07
4.109493540474579483e+07
4.073369957362809777e+07
4.038458229510786384e+07
4.004582813480193913e+07
3.971676066556432098e+07
3.939764916098689288e+07
3.908943465817676485e+07
3.879338508409298956e+07
3.851074992117857188e+07
3.824247382872252911e+07
3.798900951688359678e+07
3.775024724161187559e+07
3.752555567992880940e+07
3.731391023597639799e+07
3.711407270115438849e+07
3.692478176961466670e+07
3.674491815992654115e+07
3.657361703052813560e+07
3.641031503347630799e+07
3.625473315495184809e+07
3.610680868772529066e+07
3.596659752474637330e+07
3.583417051581344008e+07
3.570952520107639581e+07
3.559252798371253908e+07
3.548289350418411195e+07
3.538019956922669709e+07
3.528392906744197756e+07
3.519352638191629946e+07
3.510845447677706927e+07
3.502824112717977911e+07
3.495250656473988295e+07
3.488096986653016508e+07
3.481343618288327008e+07
3.474977051796071231e+07
3.468986566228382289e+07
3.463361189639987051e+07
3.458087451268977672e+07
3.453148260126545280e+07
3.448522961253190041e+07
3.444188361106986552e+07
3.440120337685837597e+07
3.436295584587927163e+07
3.432693079753509164e+07
3.429294994350089133e+07
3.426086925624200702e+07
3.423057505918979645e+07
3.420197571001702547e+07
3.417499140644042194e+07
3.414954466502071917e+07
3.412555346439629793e+07
3.410292811949674040e+07
3.408157192860028893e+07
3.406138476034537703e+07
3.404226820142087340e+07
3.402413074022246897e+07
3.400689172178199887e+07
3.399048323229385912e+07
3.397484979993974417e+07
3.395994623256773502e+07
3.394573436292185634e+07
3.393217959101977944e+07
3.391924802333307266e+07
3.390690473845437169e+07
3.389511335409074277e+07
3.388383672914294153e+07
3.387303838790689409e+07
3.386268414666803181e+07
3.385274346072098613e+07
3.384319016050416976e+07
3.383400245432102680e+07
3.382516228107855469e+07
3.381665424856748432e+07
3.380846446122989058e+07
3.380057952189434320e+07
3.379298590326351672e+07
3.378566976040965319e+07
3.377861713260758668e+07
3.377181439280558378e+07
3.376524876394571364e+07
3.375890873531177640e+07
3.375278426714384556e+07
3.374686674709384143e+07
3.374114873479438573e+07
3.373562358218362182e+07
3.373028503708125651e+07
3.372512692556497455e+07
3.372014297315134108e+07
3.371532677886971086e+07
3.371067191397913545e+07
3.370617208914694935e+07
3.370182132564102113e+07
3.369761407659882307e+07
3.369354526787099987e+07
3.368961025582154095e+07
3.368580472343724966e+07
3.368212455017532408e+07
3.367856569285689294e+07
3.367512410603642464e+07
3.367179571485592425e+07
3.366857643680416793e+07
3.366546223590219021e+07
3.366244918667683750e+07
3.365953352652464807e+07
3.365671168216662109e+07
3.365398026588180661e+07
3.365133604676367342e+07
3.364877590869252384e+07
3.364629680871043354e+07
3.364389574716641009e+07
3.364156975574592501e+07
3.363931590331622958e+07
3.363713131436787546e+07
3.363501319205497950e+07
3.363295883786547929e+07
3.363096566232101619e+07
3.362903118473271281e+07
3.362715302364068478e+07
3.362532888207392395e+07
3.362355653261223435e+07
3.362183380643462390e+07
3.362015858861028403e+07
3.361852881959792972e+07
3.361694250102388859e+07
3.361539770281866938e+07
3.361389256886196136e+07
3.361242531921901554e+07
3.361099424841888249e+07
3.360959772053438425e+07
3.360823416267883778e+07
3.360690205874545127e+07
3.360559994482421875e+07
3.360432640695751458e+07
3.360308008104680479e+07
3.360185965407712013e+07
3.360066386555174738e+07
3.359949150815405697e+07
3.359834142706847936e+07
3.359721251791921258e+07
3.359610372373785824e+07
3.359501403161530197e+07
3.359394246968802810e+07
3.359288810489584506e+07
3.359185004163139313e+07
3.359082742110093683e+07
3.358981942102569342e+07
3.358882525527644902e+07
3.358784417313742638e+07
3.358687545808101445e+07
3.358591842612814158e+07
3.358497242400448024e+07
3.358403682734578848e+07
3.358311103915750980e+07
3.358219448862522840e+07
3.358128663025011122e+07
3.358038694319112599e+07
3.357949493065752089e+07
3.357861011921638995e+07
3.357773205794328451e+07
3.357686031741948426e+07
3.357599448864217848e+07
3.357513418194158375e+07
3.357427902599151433e+07
3.357342866696262360e+07
3.357258276782049239e+07
3.357174100773052126e+07
3.357090308151105791e+07
3.357006869907901436e+07
3.356923758485394716e+07
3.356840947711499035e+07
3.356758412733162940e+07
3.356676129950205237e+07
3.356594076953271031e+07
3.356512232467930764e+07
3.356430576305185258e+07
3.356349089317035675e+07
3.356267753354894370e+07
3.356186551228630543e+07
3.356105466664899141e+07
3.356024484264463186e+07
3.355943589459285885e+07
3.355862768470683694e+07
3.355782008269806951e+07
3.355701296541234851e+07
3.355620621649756283e+07
3.355539972609734535e+07
3.355459339056196809e+07
3.355378711216723919e+07
3.355298079883618653e+07
3.355217436386217177e+07
3.355136772563642263e+07
3.355056080738462880e+07
3.354975353691742942e+07
3.354894584639717266e+07
3.354813767212074250e+07
3.354732895431610197e+07
3.354651963694886863e+07
3.354570966753564030e+07
3.354489899696227536e+07
3.354408757930701226e+07
3.354327537166963890e+07
3.354246233400851488e+07
3.354164842898697779e+07
3.354083362182956189e+07
3.354001788018756732e+07
3.353920117401230708e+07
3.353838347543467954e+07
3.353756475864933804e+07
3.353674499980294704e+07
3.353592417688637227e+07
3.353510226963131502e+07
3.353427925941212103e+07
3.353345512915296853e+07
3.353262986324071884e+07
3.353180344744280726e+07
3.353097586882988736e+07
3.353014711570215970e+07
3.352931717751938850e+07
3.352848604483406991e+07
3.352765370922777429e+07
3.352682016325120255e+07
3.352598540036749840e+07
3.352514941489923000e+07
3.352431220197873190e+07
3.352347375750124827e+07
3.352263407808078825e+07
3.352179316100817546e+07
3.352095100421113148e+07
3.352010760621619970e+07
3.351926296611273289e+07
3.351841708351872861e+07
3.351756995854873210e+07
3.351672159178356454e+07
3.351587198424211144e+07
3.351502113735461980e+07
3.351416905293767154e+07
3.351331573317062855e+07
3.351246118057339638e+07
3.351160539798570797e+07
3.351074838854748011e+07
3.350989015568067506e+07
3.350903070307223499e+07
3.350817003465824574e+07
3.350730815460896119e+07
3.350644506731490046e+07
3.350558077737358212e+07
3.350471528957711533e+07
3.350384860890045017e+07
3.350298074049032107e+07
3.350211168965484202e+07
3.350124146185380593e+07
3.350037006268963218e+07
3.349949749789884686e+07
3.349862377334419638e+07
3.349774889500736073e+07
3.349687286898206547e+07
3.349599570146773756e+07
3.349511739876364917e+07
3.349423796726343036e+07
3.349335741345009953e+07
