8.242116847438848019e+07
7.363615207082433999e+07
6.564050977567369491e+07
5.845488771670201421e+07
5.209415396283024549e+07
4.656574180644999444e+07
4.186776140381513536e+07
3.798694594730662555e+07
3.489657322151876241e+07
3.255460431720535457e+07
3.090239645081945509e+07
2.986444426955059171e+07
2.934993744552573562e+07
2.918609408109318465e+07
2.927980109936807677e+07
2.954576207012110949e+07
2.990435265922915936e+07
3.028555770333053544e+07
3.063204534308150411e+07
3.090100060321580246e+07
3.106459457405444235e+07
3.110920645799954236e+07
3.103368064078608528e+07
3.084696842773701251e+07
3.056549013256760687e+07
3.021049120988681540e+07
2.980558832350853458e+07
2.937462922417560220e+07
2.893993390064471215e+07
2.852094495630425960e+07
2.813328929999820888e+07
2.778823631860534102e+07
2.749252540178001300e+07
2.724852496957937628e+07
2.705467452077353746e+07
2.690615066171298921e+07
2.679568873743849248e+07
2.671448536088956147e+07
2.665310564338139072e+07
2.660232351073759794e+07
2.655383436171641201e+07
2.650079552977920324e+07
2.643816959675767273e+07
2.636286605971926451e+07
2.627369570766912401e+07
2.617116725518488511e+07
2.605716613587396219e+07
2.593456045410921797e+07
2.580677927480797470e+07
2.567740450453975797e+07
2.554981063433323056e+07
2.542687767374058068e+07
2.531079273537550122e+07
2.520294784118975699e+07
2.510391825076481700e+07
2.501354049492232502e+07
2.493103192623624951e+07
2.485516185601345450e+07
2.478443965813916177e+07
2.471730072808685154e+07
2.465227205318425223e+07
2.458810359724934399e+07
2.452385702875709906e+07
2.445894886479121447e+07
2.439315024071223289e+07
2.432654974009379745e+07
2.425948868778299168e+07
2.419247987023277953e+07
2.412612081386886537e+07
2.406101171544011682e+07
2.399768614101421088e+07
2.393656004615177214e+07
2.387790186998213083e+07
2.382182375425735116e+07
2.376829161254919693e+07
2.371715002614188939e+07
2.366815688570061326e+07
2.362102235583331436e+07
2.357544705563566461e+07
2.353115519825334847e+07
2.348791964753817022e+07
2.344557724079168588e+07
2.340403410827390105e+07
2.336326193289834261e+07
2.332328701878582686e+07
2.328417460650391132e+07
2.324601106883583963e+07
2.320888647345871478e+07
2.317287957450778037e+07
2.313804668416787684e+07
2.310441517859841883e+07
2.307198170666027069e+07
2.304071457740428299e+07
2.301055936272012442e+07
2.298144649753015116e+07
2.295329959653294086e+07
2.292604331428828835e+07
2.289960981603562832e+07
2.287394325014996529e+07
2.284900196603633463e+07
2.282475855375757813e+07
2.280119805368518457e+07
2.277831486944683641e+07
2.275610900408678502e+07
2.273458223088389635e+07
2.271373472200571746e+07
2.269356251379245892e+07
2.267405601466619223e+07
2.265519958790548146e+07
2.263697209089554846e+07
2.261934813731582090e+07
2.260229979731021076e+07
2.258579841891751438e+07
2.256981630502401292e+07
2.255432803267075494e+07
2.253931128922124207e+07
2.252474718739557266e+07
2.251062010074582696e+07
2.249691712230204046e+07
2.248362728604543209e+07
2.247074070205117017e+07
2.245824774396051839e+07
2.244613839724639803e+07
2.243440183566204458e+07
2.242302624893645197e+07
2.241199890415132046e+07
2.240130639166045934e+07
2.239093498711998761e+07
2.238087105511592329e+07
2.237110142584647238e+07
2.236161369156838953e+07
2.235239639032000303e+07
2.234343906679639965e+07
2.233473222055899352e+07
2.232626716726107150e+07
2.231803584766243771e+07
2.231003062151004374e+07
2.230224407959493250e+07
2.229466889899501950e+07
2.228729775567806140e+07
2.228012329735007137e+07
2.227313816952162236e+07
2.226633508055881411e+07
2.225970688768837228e+07
2.225324668559364229e+07
2.224694788187159970e+07
2.224080424832953885e+07
2.223480994280345738e+07
2.222895950180662423e+07
2.222324780897600204e+07
2.221767004738085344e+07
2.221222164504075050e+07
2.220689822255368531e+07
2.220169554990939423e+07
2.219660951687930524e+07
2.219163611841199175e+07
2.218677145375555754e+07
2.218201173598202690e+07
2.217735330743736029e+07
2.217279265643057600e+07
2.216832643108907714e+07
2.216395144750719517e+07
2.215966469080374390e+07
2.215546330918127671e+07
2.215134460229644179e+07
2.214730600604073331e+07
2.214334507612810284e+07
2.213945947271965444e+07
2.213564694778913260e+07
2.213190533619685471e+07
2.212823255065519735e+07
2.212462658008113131e+07
2.212108549034463614e+07
2.211760742618897557e+07
2.211419061311956495e+07
2.211083335828745365e+07
2.210753404975660890e+07
2.210429115395560116e+07
2.210110321149194986e+07
2.209796883179035038e+07
2.209488668716893345e+07
2.209185550698387623e+07
2.208887407237325609e+07
2.208594121195130423e+07
2.208305579859151319e+07
2.208021674723463878e+07
2.207742301350118220e+07
2.207467359279813245e+07
2.207196751959248632e+07
2.206930386656939238e+07
2.206668174348288029e+07
2.206410029561715946e+07
2.206155870188200474e+07
2.205905617264888436e+07
2.205659194748203456e+07
2.205416529292833060e+07
2.205177550050599873e+07
2.204942188498431817e+07
2.204710378298878670e+07
2.204482055191045627e+07
2.204257156905517727e+07
2.204035623094442114e+07
2.203817395267576724e+07
2.203602416726528108e+07
2.203390632492049038e+07
2.203181989222389087e+07
2.202976435123700649e+07
2.202773919855688512e+07
2.202574394436957687e+07
2.202377811154553294e+07
2.202184123481423408e+07
2.201993286004056036e+07
2.201805254360882193e+07
2.201619985190538317e+07
2.201437436087954789e+07
2.201257565565697849e+07
2.201080333018069714e+07
2.200905698685921729e+07
2.200733623620991409e+07
2.200564069649410248e+07
2.200396999334787950e+07
2.200232375941808894e+07
2.200070163401445001e+07
2.199910326278817654e+07
2.199752829744402319e+07
2.199597639548824728e+07
2.199444722001063824e+07
2.199294043949498981e+07
2.199145572765056044e+07
2.198999276325655729e+07
2.198855123001283780e+07
2.198713081639242172e+07
2.198573121549380571e+07
2.198435212489366531e+07
2.198299324650233984e+07
2.198165428642522544e+07
2.198033495483333617e+07
2.197903496584535763e+07
2.197775403742237389e+07
2.197649189127495885e+07
2.197524825278120488e+07
2.197402285091361403e+07
2.197281541817241907e+07
2.197162569052311033e+07
2.197045340733662248e+07
2.196929831133135408e+07
2.196816014851674065e+07
2.196703866813890636e+07
2.196593362262886390e+07
2.196484476755405962e+07
2.196377186157365888e+07
2.196271466639767587e+07
2.196167294674972445e+07
2.196064647033279017e+07
2.195963500779734924e+07
2.195863833271101117e+07
2.195765622152906284e+07
2.195668845356552675e+07
2.195573481096440554e+07
2.195479507867118716e+07
2.195386904440483451e+07
2.195295649863038957e+07
2.195205723453249037e+07
2.195117104798992351e+07
2.195029773755130917e+07
2.194943710441177338e+07
2.194858895239043981e+07
2.194775308790861443e+07
2.194692931996833533e+07
2.194611746013110131e+07
2.194531732249674201e+07
2.194452872368226945e+07
2.194375148280070722e+07
2.194298542144003138e+07
2.194223036364210397e+07
2.194148613588183746e+07
2.194075256704641134e+07
2.194002948841466382e+07
2.193931673363658041e+07
2.193861413871277124e+07
2.193792154197395593e+07
2.193723878406032920e+07
2.193656570790084451e+07
2.193590215869231522e+07
2.193524798387842625e+07
2.193460303312861174e+07
2.193396715831691399e+07
2.193334021350070834e+07
2.193272205489948764e+07
2.193211254087364301e+07
2.193151153190314397e+07
2.193091889056632668e+07
2.193033448151858151e+07
2.192975817147102579e+07
2.192918982916910201e+07
2.192862932537121326e+07
2.192807653282717243e+07
2.192753132625678927e+07
2.192699358232822269e+07
2.192646317963653803e+07
