2.576423920047628134e+07
2.515540136753254384e+07
2.483821730554392934e+07
2.462072350298077986e+07
2.434838390417943522e+07
2.405738455825187266e+07
2.381807971757333726e+07
2.364134147963964939e+07
2.348456148540813848e+07
2.331396616269671917e+07
2.313515183936961368e+07
2.297317986474730074e+07
2.284474212088108808e+07
2.274425864115924388e+07
2.265204902429966256e+07
2.255645487960114330e+07
2.246370169224809110e+07
2.238656369780272990e+07
2.232850741602559015e+07
2.228049471677355468e+07
2.223182506461446360e+07
2.218071597065427154e+07
2.213339325619010255e+07
2.209531745406851918e+07
2.206474055802364275e+07
2.203489434717924148e+07
2.200157839889205620e+07
2.196690224263253808e+07
2.193549077889103442e+07
2.190866587941368669e+07
2.188343126179916039e+07
2.185662481739140302e+07
2.182861426159579679e+07
2.180233506158266962e+07
2.177950486959933490e+07
2.175881153904552385e+07
2.173801441823329031e+07
2.171693574582942575e+07
2.169746962853474915e+07
2.168096259519061446e+07
2.166663650759800896e+07
2.165293834423513338e+07
2.163965868405243754e+07
2.162791413030298054e+07
2.161831017066861689e+07
2.161001522246789187e+07
2.160192496322292089e+07
2.159404780235526711e+07
2.158713119349090010e+07
2.158130367433271557e+07
2.157582305324183404e+07
2.157014275812023133e+07
2.156455107350552082e+07
2.155950422335831076e+07
2.155483460528958589e+07
2.155004266092538089e+07
2.154507718356649578e+07
2.154033898976401985e+07
2.153601120870731026e+07
2.153184499447144940e+07
2.152765742372398078e+07
2.152364523556087539e+07
2.152004178041961044e+07
2.151676107560394332e+07
2.151360211317790672e+07
2.151059946337762475e+07
2.150792782828694209e+07
2.150558494468282536e+07
2.150340891704459488e+07
2.150134944417604059e+07
2.149950206609691679e+07
2.149788759248692542e+07
2.149639275248658657e+07
2.149495101320094615e+07
2.149361858639958873e+07
2.149243206007067487e+07
2.149132834848163649e+07
2.149025561212552339e+07
2.148924978899975121e+07
2.148834705976147950e+07
2.148751316921723634e+07
2.148671230791004002e+07
2.148596918095151335e+07
2.148531271828611568e+07
2.148472129160730541e+07
2.148416791613571346e+07
2.148366614110974222e+07
2.148323218396510184e+07
2.148284709083229303e+07
2.148248950978503749e+07
2.148216687255002558e+07
2.148188722308003902e+07
2.148163477500369400e+07
2.148139508626791090e+07
2.148117413609415293e+07
2.148097617383374274e+07
2.148078981917681918e+07
2.148060789818132669e+07
2.148043701878061891e+07
2.148027984840173274e+07
2.148012898960852250e+07
2.147998226519165188e+07
2.147984553307210281e+07
2.147971936535254866e+07
2.147959856306593865e+07
2.147948319279063493e+07
2.147937704934629053e+07
2.147927869844550639e+07
2.147918439179949090e+07
2.147909497647166997e+07
2.147901214746142924e+07
2.147893356522073597e+07
2.147885709854689986e+07
2.147878399247194827e+07
2.147871466288599372e+07
2.147864710679895803e+07
2.147858079534820095e+07
2.147851699572953582e+07
2.147845544244229048e+07
2.147839494121753797e+07
2.147833592424171045e+07
2.147827918459444493e+07
2.147822409457527474e+07
2.147817015697879344e+07
2.147811798178856820e+07
2.147806768315302581e+07
2.147801858277538419e+07
2.147797063758749142e+07
2.147792421632792056e+07
2.147787900872988999e+07
2.147783460493789613e+07
2.147779120335272700e+07
2.147774888565266877e+07
2.147770730826017261e+07
2.147766642200618237e+07
2.147762645175440609e+07
2.147758730692932382e+07
2.147754882563902065e+07
2.147751115434254706e+07
2.147747438223621249e+07
2.147743837276547402e+07
2.147740313054296747e+07
2.147736877835892141e+07
2.147733526150848716e+07
2.147730249569448084e+07
2.147727054427206516e+07
2.147723941724675894e+07
2.147720902070379257e+07
2.147717934947169572e+07
2.147715044069168717e+07
2.147712223963483423e+07
2.147709470444008335e+07
2.147706786573001742e+07
2.147704171088165417e+07
2.147701619313565269e+07
2.147699132169746235e+07
2.147696710677227005e+07
2.147694351278366521e+07
2.147692052696920186e+07
2.147689816026723757e+07
2.147687638994073495e+07
2.147685519018351287e+07
2.147683456279356778e+07
2.147681449537324160e+07
2.147679496009988710e+07
2.147677594929212332e+07
2.147675745655791089e+07
2.147673945908479393e+07
2.147672194402227551e+07
2.147670490774154663e+07
2.147668833462284505e+07
2.147667221024603769e+07
2.147665653050212935e+07
2.147664128487902507e+07
2.147662645909180492e+07
2.147661204697380960e+07
2.147659804063311964e+07
2.147658442675718665e+07
2.147657119693220779e+07
2.147655834397776797e+07
2.147654585594227910e+07
2.147653372320439667e+07
2.147652193884965032e+07
2.147651049269829318e+07
2.147649937507433444e+07
2.147648857918487489e+07
2.147647809643132240e+07
2.147646791771028191e+07
2.147645803635806963e+07
2.147644844498584419e+07
2.147643913521943614e+07
2.147643010039890558e+07
2.147642133380328864e+07
2.147641282768567279e+07
2.147640457542354986e+07
2.147639657074363902e+07
2.147638880652749538e+07
2.147638127632945031e+07
2.147637397423388064e+07
2.147636689373884723e+07
2.147636002874147519e+07
2.147635337372255325e+07
2.147634692279886454e+07
2.147634067028626055e+07
2.147633461101999134e+07
2.147632873962616548e+07
2.147632305081710964e+07
2.147631753974235803e+07
2.147631220145159215e+07
2.147630703101615608e+07
2.147630202385459840e+07
2.147629717536140978e+07
2.147629248094121367e+07
2.147628793628778681e+07
2.147628353712815791e+07
2.147627927920341492e+07
2.147627515849024802e+07
2.147627117102880403e+07
2.147626731288485974e+07
2.147626358032120019e+07
2.147625996967857331e+07
2.147625647732910141e+07
2.147625309980428591e+07
2.147624983371444046e+07
2.147624667570801824e+07
2.147624362256866321e+07
2.147624067115898430e+07
2.147623781838536635e+07
2.147623506126968563e+07
2.147623239691004157e+07
2.147622982245443016e+07
2.147622733515426517e+07
2.147622493233467638e+07
2.147622261137340218e+07
2.147622036973927915e+07
2.147621820496930927e+07
2.147621611465391144e+07
2.147621409646519274e+07
2.147621214813828468e+07
2.147621026746059209e+07
2.147620845229203999e+07
2.147620670055019855e+07
2.147620501020398736e+07
2.147620337928838283e+07
2.147620180589208379e+07
2.147620028815358132e+07
2.147619882427120209e+07
2.147619741249308735e+07
2.147619605111543089e+07
2.147619473848922551e+07
2.147619347301170230e+07
2.147619225312560797e+07
2.147619107732320949e+07
2.147618994413942844e+07
2.147618885215213895e+07
2.147618779998434335e+07
2.147618678629856184e+07
2.147618580979748070e+07
2.147618486922473460e+07
2.147618396336064488e+07
2.147618309102313593e+07
2.147618225106757134e+07
2.147618144238339737e+07
2.147618066389495879e+07
2.147617991456063092e+07
2.147617919337042421e+07
2.147617849934662879e+07
2.147617783154257387e+07
2.147617718904086947e+07
2.147617657095375657e+07
2.147617597642172128e+07
2.147617540461235493e+07
2.147617485472044349e+07
2.147617432596660778e+07
2.147617381759648398e+07
2.147617332888057083e+07
2.147617285911296681e+07
2.147617240761087462e+07
2.147617197371419519e+07
2.147617155678444356e+07
2.147617115620433539e+07
2.147617077137725055e+07
2.147617040172634646e+07
2.147617004669420421e+07
2.147616970574221760e+07
2.147616937834986299e+07
2.147616906401434168e+07
2.147616876224997640e+07
2.147616847258760035e+07
2.147616819457423687e+07
2.147616792777245119e+07
2.147616767175989971e+07
2.147616742612894252e+07
2.147616719048607349e+07
2.147616696445154771e+07
2.147616674765895307e+07
2.147616653975473344e+07
2.147616634039783478e+07
2.147616614925928786e+07
2.147616596602178365e+07
