1.688789120751895308e+08
1.580782901221157312e+08
1.475969167829588056e+08
1.374518229352321625e+08
1.276594648106464148e+08
1.182355881433465183e+08
1.091950816942673028e+08
1.005518207545157671e+08
9.231850161891667545e+07
8.450646835662600398e+07
7.712553361973740160e+07
7.018379571498695016e+07
6.368745472073382139e+07
5.764063105995041132e+07
5.204519063232475519e+07
4.690058134844644368e+07
4.220368666869631410e+07
3.794870248689845949e+07
3.412704435634616762e+07
3.072729254544195533e+07
2.773518268157044426e+07
2.513364957181241363e+07
2.290293123280852661e+07
2.102073891990378872e+07
1.946249704816614836e+07
1.820165423841934651e+07
1.721006333598743379e+07
1.645842425709476322e+07
1.591677915560309589e+07
1.555504502859959379e+07
1.534356494837994315e+07
1.525365612190880626e+07
1.525813140727311745e+07
1.532343164170503058e+07
1.540333181651218794e+07
1.551287732469622977e+07
1.563920029893788509e+07
1.577144936720659211e+07
1.590072311099438369e+07
1.601997171406043321e+07
1.612387139137192070e+07
1.620867679339065403e+07
1.627205690152464435e+07
1.631291998779323883e+07
1.633123303927291557e+07
1.632784068711530790e+07
1.630428817549850605e+07
1.626265230188369006e+07
1.620538359711629152e+07
1.613516232771239243e+07
1.605477022243848816e+07
1.596697917402290739e+07
1.587445756158914790e+07
1.577969429200820997e+07
1.568494017632896639e+07
1.559216584482944384e+07
1.550303506249019504e+07
1.541889203534154221e+07
1.534076109527824447e+07
1.526935701360370405e+07
1.520510411795731820e+07
1.514816236887435988e+07
1.509845858585304022e+07
1.505572109266738221e+07
1.501951617140254006e+07
1.498928486743344739e+07
1.496437886605928093e+07
1.494409435825272650e+07
1.492770302045241743e+07
1.491447944416617975e+07
1.490372455842490867e+07
1.489478478552702442e+07
1.488706685257339850e+07
1.488004834353463165e+07
1.487328421563859470e+07
1.486640961749024689e+07
1.485913943345706910e+07
1.485126503948016092e+07
1.484264879059438035e+07
1.483321677189920470e+07
1.482295033503322117e+07
1.481187691439442523e+07
1.480006057476605847e+07
1.478759268815996870e+07
1.477458307607733086e+07
1.476115188737336174e+07
1.474742241460301355e+07
1.473351498588020355e+07
1.471954200725469179e+07
1.470560417429956980e+07
1.469178782244345546e+07
1.467816334454383887e+07
1.466478457180970162e+07
1.465168899055816233e+07
1.463889865218811855e+07
1.462642162662007101e+07
1.461425384948560409e+07
1.460238121956733242e+07
1.459078181428308040e+07
1.457942810620623454e+07
1.456828908154204860e+07
1.455733218100199103e+07
1.454652500358554721e+07
1.453583673345843330e+07
1.452523926861683652e+07
1.451470804671584442e+07
1.450422257784655504e+07
1.449376670586446673e+07
1.448332862895045802e+07
1.447290071641447209e+07
1.446247916244525090e+07
1.445206351878176816e+07
1.444165614742759615e+07
1.443126163189744577e+07
1.442088618145571277e+07
1.441053705777224526e+07
1.440022204776182584e+07
1.438994900044787116e+07
1.437972543981758133e+07
1.436955826008377224e+07
1.435945350475630350e+07
1.434941622661343962e+07
1.433945042215372249e+07
1.432955903145303950e+07
1.431974399255158380e+07
1.431000633851073496e+07
1.430034632503772154e+07
1.429076357697599754e+07
1.428125724288506992e+07
1.427182614825973473e+07
1.426246893953752145e+07
1.425318421279270947e+07
1.424397062280364893e+07
1.423482696990979835e+07
1.422575226366654597e+07
1.421674576369701885e+07
1.420780699929149076e+07
1.419893577019084059e+07
1.419013213160723634e+07
1.418139636689082533e+07
1.417272895136724412e+07
1.416413051077873632e+07
1.415560177749807574e+07
1.414714354729073495e+07
1.413875663891806081e+07
1.413044185834306292e+07
1.412219996875681542e+07
1.411403166711995751e+07
1.410593756743540056e+07
1.409791819055473991e+07
1.408997395998535678e+07
1.408210520291321725e+07
1.407431215548992157e+07
1.406659497134730034e+07
1.405895373228991404e+07
1.405138846016607806e+07
1.404389912901702896e+07
1.403648567673933506e+07
1.402914801565322652e+07
1.402188604153705388e+07
1.401469964085394144e+07
1.400758869605164416e+07
1.400055308895309456e+07
1.399359270236826129e+07
1.398670742014466599e+07
1.397989712593321875e+07
1.397316170097897947e+07
1.396650102125515789e+07
1.395991495424643904e+07
1.395340335565898195e+07
1.394696606629318744e+07
1.394060290926628932e+07
1.393431368771947920e+07
1.392809818309185281e+07
1.392195615399470925e+07
1.391588733567675948e+07
1.390989144003569335e+07
1.390396815610447153e+07
1.389811715092330985e+07
1.389233807069864497e+07
1.388663054214917310e+07
1.388099417394381016e+07
1.387542855814695731e+07
1.386993327160024270e+07
1.386450787718616985e+07
1.385915192493613437e+07
1.385386495296177641e+07
1.384864648820388317e+07
1.384349604700605571e+07
1.383841313553071208e+07
1.383339725004250556e+07
1.382844787708875164e+07
1.382356449360835180e+07
1.381874656700012088e+07
1.381399355517887883e+07
1.380930490664374270e+07
1.380468006057795510e+07
1.380011844699425995e+07
1.379561948693438247e+07
1.379118259272575751e+07
1.378680716829472035e+07
1.378249260953083634e+07
1.377823830469533056e+07
1.377404363486384414e+07
1.376990797439354658e+07
1.376583069140441716e+07
1.376181114826502651e+07
1.375784870207466371e+07
1.375394270513496920e+07
1.375009250540598668e+07
1.374629744694363885e+07
1.374255687031680346e+07
1.373887011300402880e+07
1.373523650977114588e+07
1.373165539303159341e+07
1.372812609319225699e+07
1.372464793898758478e+07
1.372122025780498236e+07
1.371784237600395083e+07
1.371451361923143640e+07
1.371123331273491308e+07
1.370800078167438880e+07
1.370481535143404081e+07
1.370167634793329611e+07
1.369858309793708846e+07
1.369553492936443910e+07
1.369253117159430310e+07
1.368957115576749481e+07
1.368665421508347243e+07
1.368377968509074673e+07
1.368094690396989509e+07
1.367815521280823275e+07
1.367540395586549491e+07
1.367269248083004169e+07
1.367002013906532526e+07
1.366738628584653884e+07
1.366479028058759123e+07
1.366223148705855384e+07
1.365970927359401807e+07
1.365722301329259574e+07
1.365477208420796692e+07
1.365235586953197420e+07
1.364997375776984729e+07
1.364762514290808141e+07
1.364530942457497865e+07
1.364302600819411501e+07
1.364077430513076857e+07
1.363855373283140734e+07
1.363636371495608427e+07
1.363420368150394782e+07
1.363207306893155351e+07
1.362997132026414014e+07
1.362789788519973680e+07
1.362585222020606324e+07
1.362383378861030564e+07
1.362184206068171002e+07
1.361987651370715536e+07
1.361793663205963932e+07
1.361602190725999139e+07
1.361413183803170547e+07
1.361226593034927547e+07
1.361042369748004526e+07
1.360860466001971811e+07
1.360680834592186287e+07
1.360503429052137211e+07
1.360328203655220196e+07
1.360155113415943459e+07
1.359984114090595208e+07
1.359815162177370861e+07
1.359648214915989712e+07
1.359483230286808871e+07
1.359320167009440996e+07
1.359158984540909156e+07
1.358999643073334917e+07
1.358842103531180322e+07
1.358686327568059601e+07
1.358532277563137189e+07
1.358379916617119685e+07
1.358229208547865972e+07
1.358080117885626853e+07
1.357932609867926501e+07
1.357786650434114039e+07
1.357642206219585985e+07
1.357499244549706019e+07
1.357357733433435857e+07
1.357217641556690633e+07
1.357078938275437430e+07
1.356941593608547747e+07
1.356805578230425715e+07
1.356670863463418931e+07
1.356537421270032972e+07
1.356405224244957604e+07
1.356274245606922358e+07
1.356144459190393612e+07
1.356015839437120780e+07
1.355888361387560144e+07
1.355762000672164932e+07
1.355636733502572775e+07
1.355512536662696861e+07
1.355389387499725819e+07
