1.481860734587941170e+08
1.365471479458696544e+08
1.254911398711839467e+08
1.150234245475665331e+08
1.051475339721012861e+08
9.586501730938267708e+07
8.717531089093911648e+07
7.907562101401168108e+07
7.156082305696432292e+07
6.462338065929056704e+07
5.825328886626134068e+07
5.243804518756860495e+07
4.716265243342116475e+07
4.240965693680235744e+07
3.815922531497705728e+07
3.438926224019165337e+07
3.107557076219673827e+07
2.819205554926788434e+07
2.571096803279954568e+07
2.360319080240989849e+07
2.183855697908424214e+07
2.038619849154462665e+07
1.921491559111281112e+07
1.829355852649294958e+07
1.759141110967160761e+07
1.707856565322762728e+07
1.672627804388034903e+07
1.650729287014273554e+07
1.639612917813289538e+07
1.636931914555715583e+07
1.640559391902018711e+07
1.648601309735404514e+07
1.659403668284913898e+07
1.671554060295144469e+07
1.683877898328221589e+07
1.695429811445954442e+07
1.705480842363228649e+07
1.713502170057147741e+07
1.719146133882577717e+07
1.722225346701499075e+07
1.722690661815830320e+07
1.720608708316789567e+07
1.716139638964783028e+07
1.709515650757620856e+07
1.701020747040412575e+07
1.690972116436075419e+07
1.679703411985241622e+07
1.667550126555361971e+07
1.654837179747379757e+07
1.641868758375341073e+07
1.628920387739664689e+07
1.616233154598468170e+07
1.604009954970877431e+07
1.592413600566237420e+07
1.581566586553416774e+07
1.571552300371295214e+07
1.562417436119967327e+07
1.554175371505670249e+07
1.546810264012701809e+07
1.540281629508327134e+07
1.534529179283647798e+07
1.529477709875217080e+07
1.525041863026389666e+07
1.521130599823877029e+07
1.517651262266505696e+07
1.514513126109985262e+07
1.511630379594238475e+07
1.508924492456217110e+07
1.506325967421384528e+07
1.503775491261536069e+07
1.501224523804485425e+07
1.498635380493601784e+07
1.495980876956486516e+07
1.493243612504273281e+07
1.490414973700005002e+07
1.487493939433915354e+07
1.484485765793106705e+07
1.481400622981846891e+07
1.478252248267278261e+07
1.475056669047842734e+07
1.471831039311353117e+07
1.468592621569351293e+07
1.465357935363197699e+07
1.462142083093896881e+07
1.458958254599197581e+07
1.455817403859440424e+07
1.452728084634095430e+07
1.449696426799684763e+07
1.446726231680956855e+07
1.443819162674133107e+07
1.440975006829556264e+07
1.438191983622633666e+07
1.435467078697941266e+07
1.432796382706112042e+07
1.430175418246098422e+07
1.427599441162253357e+07
1.425063705826750770e+07
1.422563687385734729e+07
1.420095257111822814e+07
1.417654809865937009e+07
1.415239345139245689e+07
1.412846505163663253e+07
1.410474575118811801e+07
1.408122451522990316e+07
1.405789585496860184e+07
1.403475907771170512e+07
1.401181742127971351e+07
1.398907713481940329e+07
1.396654656093489379e+07
1.394423526528172381e+07
1.392215325005124137e+07
1.390031027773264423e+07
1.387871532172563486e+07
1.385737615124518424e+07
1.383629904986804724e+07
1.381548866027034260e+07
1.379494794234775379e+07
1.377467822805080935e+07
1.375467935387778468e+07
1.373494985094866902e+07
1.371548717277913541e+07
1.369628794208884612e+07
1.367734819999349490e+07
1.365866364299331978e+07
1.364022983974336646e+07
1.362204241180288792e+07
1.360409718356439471e+07
1.358639029149822704e+07
1.356891825599710643e+07
1.355167801764694043e+07
1.353466694186506048e+07
1.351788279698194750e+07
1.350132371151071787e+07
1.348498811658636108e+07
1.346887467941789329e+07
1.345298223314870149e+07
1.343730970783734880e+07
1.342185606642867997e+07
1.340662024865690432e+07
1.339160112487490661e+07
1.337679746089483798e+07
1.336220789410082251e+07
1.334783092038907483e+07
1.333366489092665166e+07
1.331970801730678789e+07
1.330595838341780007e+07
1.329241396222326159e+07
1.327907263565902784e+07
1.326593221596622467e+07
1.325299046947789565e+07
1.324024512655917183e+07
1.322769391454633698e+07
1.321533456247946993e+07
1.320316481530049816e+07
1.319118244214986637e+07
1.317938524143371359e+07
1.316777104296140000e+07
1.315633770758409426e+07
1.314508312484784611e+07
1.313400520921080746e+07
1.312310189537068829e+07
1.311237113321044669e+07
1.310181088280702382e+07
1.309141910986641049e+07
1.308119378185779974e+07
1.307113286502644420e+07
1.306123432237576693e+07
1.305149611262929067e+07
1.304191619011569768e+07
1.303249250546791963e+07
1.302322300699074194e+07
1.301410564253048971e+07
1.300513836167397723e+07
1.299631911810999550e+07
1.298764587200258859e+07
1.297911659224886075e+07
1.297072925852196664e+07
1.296248186303002760e+07
1.295437241195100546e+07
1.294639892653137259e+07
1.293855944385965541e+07
1.293085201734510064e+07
1.292327471694543585e+07
1.291582562919618934e+07
1.290850285709756054e+07
1.290130451991404966e+07
1.289422875293747336e+07
1.288727370725698397e+07
1.288043754957057536e+07
1.287371846206295304e+07
1.286711464236456156e+07
1.286062430359762907e+07
1.285424567450667545e+07
1.284797699966477975e+07
1.284181653974181786e+07
1.283576257181809098e+07
1.282981338972523436e+07
1.282396730439675227e+07
1.281822264421164244e+07
1.281257775531721115e+07
1.280703100191992521e+07
1.280158076653662696e+07
1.279622545020148531e+07
1.279096347262734547e+07
1.278579327232270874e+07
1.278071330666762218e+07
1.277572205195354484e+07
1.277081800339293852e+07
1.276599967510492355e+07
1.276126560008314997e+07
1.275661433015144989e+07
1.275204443591215834e+07
1.274755450669085793e+07
1.274314315048028529e+07
1.273880899388506077e+07
1.273455068206789158e+07
1.273036687869710103e+07
1.272625626589465514e+07
1.272221754418345168e+07
1.271824943243234791e+07
1.271435066779735871e+07
1.271052000565756112e+07
1.270675621954448149e+07
1.270305810106389225e+07
1.269942445980953425e+07
1.269585412326843478e+07
1.269234593671786599e+07
1.268889876311436109e+07
1.268551148297532275e+07
1.268218299425399490e+07
1.267891221220863983e+07
1.267569806926675327e+07
1.267253951488516852e+07
1.266943551540679857e+07
1.266638505391459726e+07
1.266338713008331694e+07
1.266044076002937183e+07
1.265754497615902126e+07
1.265469882701508142e+07
1.265190137712204456e+07
1.264915170682966709e+07
1.264644891215490177e+07
1.264379210462203994e+07
1.264118041110094823e+07
1.263861297364338487e+07
1.263608894931727462e+07
1.263360751003897190e+07
1.263116784240355715e+07
1.262876914751327038e+07
1.262641064080420136e+07
1.262409155187141337e+07
1.262181112429269403e+07
1.261956861545118131e+07
1.261736329635702819e+07
1.261519445146836713e+07
1.261306137851178274e+07
1.261096338830244914e+07
1.260889980456418358e+07
1.260686996374947019e+07
1.260487321485970542e+07
1.260290891926568933e+07
1.260097645052854344e+07
1.259907519422105327e+07
1.259720454774961248e+07
1.259536392017676868e+07
1.259355273204445653e+07
1.259177041519799829e+07
1.259001641261089966e+07
1.258829017821051553e+07
1.258659117670467868e+07
1.258491888340927288e+07
1.258327278407692350e+07
1.258165237472673692e+07
1.258005716147528589e+07
1.257848666036875173e+07
1.257694039721643552e+07
1.257541790742550790e+07
1.257391873583723418e+07
1.257244243656454235e+07
1.257098857283107936e+07
1.256955671681176685e+07
1.256814644947484508e+07
1.256675736042546295e+07
1.256538904775085300e+07
1.256404111786705628e+07
1.256271318536726199e+07
1.256140487287178263e+07
1.256011581087962911e+07
1.255884563762176409e+07
1.255759399891602248e+07
1.255636054802370816e+07
1.255514494550787657e+07
1.255394685909338668e+07
1.255276596352862194e+07
1.255160194044900313e+07
1.255045447824224085e+07
1.254932327191537246e+07
1.254820802296358347e+07
1.254710843924082071e+07
1.254602423483221233e+07
