6.874445164562304020e+08
6.410947055884661674e+08
5.965942303678630590e+08
5.539626719279179573e+08
5.132150797532123327e+08
4.743616929946515560e+08
4.374076881079686880e+08
4.023529574429453611e+08
3.691919238102906346e+08
3.379133954885178804e+08
3.085004661149790883e+08
2.809304634757870436e+08
2.551749507451205254e+08
2.311997831325944960e+08
2.089652222296591997e+08
1.884261092118117213e+08
1.695320980954090953e+08
1.522279475247797072e+08
1.364538702539242208e+08
1.221459372088790238e+08
1.092365322438596785e+08
9.765485248357872665e+07
8.732744803068552911e+07
7.817879378727719188e+07
7.013188524849838018e+07
6.310884934606423974e+07
5.703156093566568941e+07
5.182225514135678858e+07
4.740412573928069323e+07
4.370189988047388196e+07
4.064238008256892115e+07
3.815494482011017203e+07
3.617200029900792241e+07
3.462937695785503089e+07
3.346666562439954281e+07
3.262748968877743185e+07
3.205971117024369165e+07
3.171557008753925562e+07
3.155175804101385921e+07
3.152942832653919980e+07
3.161414618204567209e+07
3.177578387990116328e+07
3.198836629432806373e+07
3.222987327480948716e+07
3.248200563648615405e+07
3.272992183922707662e+07
3.296195247943767533e+07
3.316929958101909980e+07
3.334572736791338027e+07
3.348725075760687888e+07
3.359182726181476563e+07
3.365905734643407911e+07
3.368989761561667919e+07
3.368639047009419650e+07
3.365141317035575956e+07
3.358844853026159853e+07
3.350137879203680158e+07
3.339430360181560740e+07
3.327138242535386980e+07
3.313670122274545580e+07
3.299416274309998378e+07
3.284739940725582466e+07
3.269970741912984103e+07
3.255400048330355436e+07
3.241278130587844551e+07
3.227812891460409760e+07
3.215169974918342382e+07
3.203474043932156265e+07
3.192811020187387615e+07
3.183231084435141087e+07
3.174752245475087315e+07
3.167364298165074736e+07
3.161033005808331817e+07
3.155704359211472049e+07
3.151308783065234125e+07
3.147765179519374296e+07
3.144984718372953683e+07
3.142874302685174718e+07
3.141339657378828898e+07
3.140288006159825623e+07
3.139630318474231660e+07
3.139283122995942831e+07
3.139169897078947723e+07
3.139222052582829073e+07
3.139379547420421988e+07
3.139591159078573808e+07
3.139814461280645803e+07
3.140015547998523712e+07
3.140168550330955908e+07
3.140254991526866332e+07
3.140263023854613677e+07
3.140186588324245811e+07
3.140024534689832106e+07
3.139779734921846539e+07
3.139458218665574864e+07
3.139068354296590388e+07
3.138620094234730303e+07
3.138124298347018659e+07
3.137592144695433974e+07
3.137034632678274065e+07
3.136462179858411849e+07
3.135884310525640100e+07
3.135309431337383389e+07
3.134744687232707813e+07
3.134195889210416749e+07
3.133667504477110133e+07
3.133162698866268247e+07
3.132683421254833043e+07
3.132230519902344048e+07
3.131803881147824973e+07
3.131402581658087298e+07
3.131025046365247667e+07
3.130669205301278457e+07
3.130332643677507713e+07
3.130012740717554837e+07
3.129706793889615685e+07
3.129412126262206584e+07
3.129126175697560608e+07
3.128846565477181599e+07
3.128571156710223109e+07
3.128298083499170840e+07
3.128025772326807678e+07
3.127752947486382723e+07
3.127478624610661715e+07
3.127202094475616887e+07
3.126922899274035916e+07
3.126640803488155827e+07
3.126355761354194954e+07
3.126067882721346617e+07
3.125777398878930509e+07
3.125484629672506452e+07
3.125189952966273203e+07
3.124893777246579528e+07
3.124596517909817398e+07
3.124298577545265481e+07
3.124000330315746367e+07
3.123702110360299051e+07
3.123404203995972127e+07
3.123106845381120220e+07
3.122810215219653398e+07
3.122514442032844946e+07
3.122219605500021577e+07
3.121925741368237883e+07
3.121632847450294346e+07
3.121340890266139805e+07
3.121049811930719018e+07
3.120759536947858334e+07
3.120469978631116077e+07
3.120181044935433194e+07
3.119892643544971570e+07
3.119604686120542511e+07
3.119317091662470996e+07
3.119029788990520686e+07
3.118742718380574882e+07
3.118455832427906245e+07
3.118169096229013056e+07
3.117882486988498643e+07
3.117595993164959922e+07
3.117309613271120191e+07
3.117023354439474270e+07
3.116737230856501684e+07
3.116451262157102302e+07
3.116165471857353300e+07
3.115879885888885334e+07
3.115594531283033267e+07
3.115309435038102046e+07
3.115024623189257830e+07
3.114740120088120550e+07
3.114455947888467461e+07
3.114172126225679740e+07
3.113888672070895135e+07
3.113605599736006185e+07
3.113322921002825350e+07
3.113040645348588750e+07
3.112758780240203813e+07
3.112477331471243501e+07
3.112196303518122435e+07
3.111915699895040691e+07
3.111635523490868136e+07
3.111355776874861494e+07
3.111076462561881542e+07
3.110797583231291920e+07
3.110519141896953806e+07
3.110241142028516531e+07
3.109963587626529485e+07
3.109686483255697787e+07
3.109409834041875601e+07
3.109133645639215782e+07
3.108857924174228683e+07
3.108582676173479110e+07
3.108307908481280878e+07
3.108033628173166513e+07
3.107759842470106483e+07
3.107486558657552302e+07
3.107213784012463689e+07
3.106941525740501657e+07
3.106669790924720094e+07
3.106398586486262456e+07
3.106127919156886637e+07
3.105857795462587103e+07
3.105588221717150137e+07
3.105319204024168849e+07
3.105050748285882920e+07
3.104782860217163712e+07
3.104515545362963527e+07
3.104248809117699042e+07
3.103982656745193154e+07
3.103717093398024887e+07
3.103452124135356396e+07
3.103187753938581422e+07
3.102923987724331394e+07
3.102660830354642123e+07
3.102398286644238606e+07
3.102136361365061998e+07
3.101875059248326719e+07
3.101614384984414279e+07
3.101354343221035972e+07
3.101094938560087606e+07
3.100836175553605705e+07
3.100578058699256927e+07
3.100320592435681075e+07
3.100063781138028949e+07
3.099807629113911837e+07
3.099552140599960834e+07
3.099297319759091362e+07
3.099043170678551495e+07
3.098789697368742898e+07
3.098536903762790188e+07
3.098284793716771901e+07
3.098033371010534465e+07
3.097782639348961040e+07
3.097532602363586426e+07
3.097283263614441082e+07
3.097034626592013985e+07
3.096786694719231129e+07
3.096539471353371441e+07
3.096292959787855670e+07
3.096047163253854960e+07
3.095802084921696037e+07
3.095557727902035043e+07
3.095314095246813074e+07
3.095071189949999377e+07
3.094829014948139340e+07
3.094587573120736331e+07
3.094346867290499061e+07
3.094106900223487243e+07
3.093867674629177898e+07
3.093629193160498887e+07
3.093391458413841575e+07
3.093154472929076105e+07
3.092918239189600199e+07
3.092682759622409195e+07
3.092448036598226801e+07
3.092214072431674600e+07
3.091980869381488115e+07
3.091748429650792107e+07
3.091516755387399718e+07
3.091285848684164882e+07
3.091055711579350010e+07
3.090826346057022735e+07
3.090597754047460109e+07
3.090369937427570671e+07
3.090142898021303862e+07
3.089916637600071728e+07
3.089691157883156464e+07
3.089466460538114607e+07
3.089242547181166336e+07
3.089019419377587736e+07
3.088797078642081469e+07
3.088575526439148933e+07
3.088354764183458313e+07
3.088134793240201101e+07
3.087915614925456047e+07
3.087697230506547168e+07
3.087479641202406585e+07
3.087262848183938116e+07
3.087046852574383467e+07
3.086831655449698120e+07
3.086617257838923857e+07
3.086403660724568367e+07
3.086190865042992309e+07
3.085978871684791893e+07
3.085767681495188177e+07
3.085557295274420828e+07
3.085347713778129220e+07
3.085138937717748061e+07
3.084930967760895193e+07
3.084723804531750828e+07
3.084517448611446843e+07
3.084311900538438559e+07
3.084107160808885843e+07
3.083903229877021909e+07
3.083700108155516535e+07
3.083497796015847474e+07
3.083296293788651377e+07
3.083095601764084771e+07
3.082895720192173868e+07
3.082696649283164367e+07
3.082498389207867905e+07
3.082300940098008513e+07
