3.169381844993594661e+07
2.840235954801700264e+07
2.556228746746540815e+07
2.324081205906660855e+07
2.137386897304464132e+07
1.991848806598196179e+07
1.885596477460227162e+07
1.815373534419935942e+07
1.776354705101835355e+07
1.762216180724683031e+07
1.765585868606894091e+07
1.778853122125421464e+07
1.795105576080016792e+07
1.808874322778920084e+07
1.816494245587280393e+07
1.816088294321266189e+07
1.807302304272183031e+07
1.790927337142217904e+07
1.768506527779873088e+07
1.741979715264044330e+07
1.713388435347264633e+07
1.684646695659534633e+07
1.657375249754623324e+07
1.632794673283879273e+07
1.611672342966373265e+07
1.594318449577899650e+07
1.580625384848393872e+07
1.570142953117085248e+07
1.562179258217551373e+07
1.555914674996692687e+07
1.550515045489655249e+07
1.545230904336120375e+07
1.539472291361854225e+07
1.532853032477520779e+07
1.525203282642647997e+07
1.516553580240676366e+07
1.507096903082933091e+07
1.497136935465619713e+07
1.487031048676135764e+07
1.477135688964483142e+07
1.467760351069345698e+07
1.459134394729989208e+07
1.451388914738688432e+07
1.444553842615421303e+07
1.438568620834483393e+07
1.433303295978831872e+07
1.428585882590584643e+07
1.424231472176133096e+07
1.420068839845705777e+07
1.415961164651862159e+07
1.411818754654166475e+07
1.407603112265128456e+07
1.403323036644168198e+07
1.399024529119941965e+07
1.394776916746076941e+07
1.390657801153639518e+07
1.386739217455912009e+07
1.383076849355101585e+07
1.379703419084318727e+07
1.376626587328533083e+07
1.373830979301951826e+07
1.371283393631823361e+07
1.368939911078486778e+07
1.366753521918296069e+07
1.364681017131987959e+07
1.362688190146020241e+07
1.360752802152610384e+07
1.358865196790407598e+07
1.357026837234114110e+07
1.355247325828081742e+07
1.353540622386773676e+07
1.351921196488814801e+07
1.350400748178314418e+07
1.348985943588320911e+07
1.347677379293186963e+07
1.346469755247020349e+07
1.345353039064517245e+07
1.344314271464669891e+07
1.343339607325231284e+07
1.342416207807341404e+07
1.341533682455335371e+07
1.340684903171474859e+07
1.339866147732508741e+07
1.339076653600069135e+07
1.338317753422091529e+07
1.337591810556103289e+07
1.336901174251240864e+07
1.336247336285786331e+07
1.335630406402184442e+07
1.335048948285853863e+07
1.334500146319678053e+07
1.333980218185451813e+07
1.333484957109649107e+07
1.333010282269065268e+07
1.332552693648166209e+07
1.332109561752058938e+07
1.331679224286814779e+07
1.331260902359947190e+07
1.330854480598280206e+07
1.330460214171009138e+07
1.330078429543872178e+07
1.329709276367014274e+07
1.329352568991721794e+07
1.329007732748784125e+07
1.328673847454376891e+07
1.328349762909514271e+07
1.328034251119279489e+07
1.327726158390393853e+07
1.327424526405171677e+07
1.327128662511916086e+07
1.326838152816564217e+07
1.326552824208257906e+07
1.326272670804097876e+07
1.325997765055413358e+07
1.325728173657102697e+07
1.325463894207394496e+07
1.325204821763557196e+07
1.324950746827363968e+07
1.324701379566734284e+07
1.324456390493197553e+07
1.324215455991204828e+07
1.323978297987682745e+07
1.323744710050350428e+07
1.323514566352516040e+07
1.323287814184530452e+07
1.323064454112615436e+07
1.322844513882856444e+07
1.322628022535825148e+07
1.322414990110546350e+07
1.322205396237227321e+07
1.321999188452893496e+07
1.321796288820894063e+07
1.321596605854739062e+07
1.321400048081397824e+07
1.321206535832525790e+07
1.321016008823469281e+07
1.320828428439541347e+07
1.320643775031096861e+07
1.320462041608734056e+07
1.320283225927418470e+07
1.320107322995755076e+07
1.319934319620404765e+07
1.319764191868437082e+07
1.319596905517041869e+07
1.319432418861788325e+07
1.319270686814813688e+07
1.319111665103982203e+07
1.318955313560399972e+07
1.318801597866120189e+07
1.318650489603023976e+07
1.318501964873626269e+07
1.318356002059682831e+07
1.318212579396561347e+07
1.318071672973088175e+07
1.317933255563396029e+07
1.317797296429672837e+07
1.317663761977579072e+07
1.317532616959955543e+07
1.317403825843012333e+07
1.317277353975357115e+07
1.317153168310143426e+07
1.317031237583670393e+07
1.316911532005228102e+07
1.316794022625593469e+07
1.316678680603723973e+07
1.316565476579696499e+07
1.316454380300075375e+07
1.316345360553391092e+07
1.316238385384964384e+07
1.316133422494231723e+07
1.316030439687173441e+07
1.315929405263397470e+07
1.315830288253985532e+07
1.315733058478210494e+07
1.315637686438783631e+07
1.315544143113236502e+07
1.315452399715799838e+07
1.315362427498838305e+07
1.315274197640605271e+07
1.315187681235332042e+07
1.315102849371957779e+07
1.315019673266726360e+07
1.314938124406540208e+07
1.314858174664473534e+07
1.314779796362847090e+07
1.314702962277444825e+07
1.314627645593309775e+07
1.314553819833694771e+07
1.314481458787239715e+07
1.314410536454521120e+07
1.314341027026147395e+07
1.314272904893777892e+07
1.314206144686104730e+07
1.314140721316238865e+07
1.314076610026002675e+07
1.314013786415844783e+07
1.313952226454880089e+07
1.313891906471889094e+07
1.313832803133160248e+07
1.313774893415624648e+07
1.313718154583546147e+07
1.313662564174547046e+07
1.313608099997118115e+07
1.313554740138142928e+07
1.313502462976369075e+07
1.313451247196789458e+07
1.313401071801491827e+07
1.313351916114312410e+07
1.313303759778835811e+07
1.313256582751263864e+07
1.313210365290858224e+07
1.313165087950865924e+07
1.313120731572164409e+07
1.313077277280651405e+07
1.313034706488115713e+07
1.312993000895297527e+07
1.312952142495422438e+07
1.312912113576591760e+07
1.312872896722010896e+07
1.312834474807799980e+07
1.312796830998877808e+07
1.312759948743848875e+07
1.312723811769944802e+07
1.312688404078848660e+07
1.312653709943808801e+07
1.312619713907970488e+07
1.312586400783497095e+07
1.312553755650874600e+07
1.312521763857825100e+07
1.312490411017475277e+07
1.312459683005683869e+07
1.312429565957709216e+07
1.312400046264534257e+07
1.312371110569227301e+07
1.312342745763598010e+07
1.312314938985287026e+07
1.312287677615245059e+07
1.312260949275426753e+07
1.312234741826503351e+07
1.312209043365387619e+07
1.312183842222475260e+07
1.312159126958590746e+07
1.312134886361719668e+07
1.312111109443655051e+07
1.312087785436687618e+07
1.312064903790432215e+07
1.312042454168816283e+07
1.312020426447206736e+07
1.311998810709606484e+07
1.311977597245845571e+07
1.311956776548702084e+07
1.311936339310932532e+07
1.311916276422211342e+07
1.311896578966023400e+07
1.311877238216553256e+07
1.311858245635615662e+07
1.311839592869653367e+07
1.311821271746800467e+07
1.311803274274003878e+07
1.311785592634164169e+07
1.311768219183285907e+07
1.311751146447609924e+07
1.311734367120726779e+07
1.311717874060686305e+07
1.311701660287114978e+07
1.311685718978358246e+07
1.311670043468665518e+07
1.311654627245417237e+07
1.311639463946393691e+07
1.311624547357078828e+07
1.311609871407986060e+07
1.311595430172000080e+07
1.311581217861730978e+07
1.311567228826885298e+07
1.311553457551654615e+07
1.311539898652133718e+07
1.311526546873769537e+07
1.311513397088846937e+07
1.311500444294012338e+07
1.311487683607826941e+07
1.311475110268354043e+07
1.311462719630773738e+07
1.311450507165018097e+07
1.311438468453440443e+07
1.311426599188504927e+07
1.311414895170509815e+07
1.311403352305341698e+07
1.311391966602266766e+07
1.311380734171747416e+07
1.311369651223300956e+07
1.311358714063385874e+07
1.311347919093315117e+07
1.311337262807205319e+07
1.311326741789950430e+07
1.311316352715227194e+07
1.311306092343531176e+07
1.311295957520243712e+07
1.311285945173732191e+07
1.311276052313480712e+07
1.311266276028253324e+07
