3.559534657990594208e+07
3.450058129424300790e+07
3.361941863167755306e+07
3.283311743278662860e+07
3.211241872657626867e+07
3.143235718901178986e+07
3.078201239799813181e+07
3.015875046479887515e+07
2.956293453985077143e+07
2.899594156385371089e+07
2.845945002675617114e+07
2.795505278291234002e+07
2.748395480910772085e+07
2.704673683822005987e+07
2.664322133083006740e+07
2.627247633862503245e+07
2.593296516807554662e+07
2.562280977307891846e+07
2.534009585151274502e+07
2.508312719666185975e+07
2.485054841113062948e+07
2.464130136390103772e+07
2.445444442729286477e+07
2.428891721157968044e+07
2.414335287102222443e+07
2.401601560751092434e+07
2.390488512501446903e+07
2.380784691564560682e+07
2.372290594622932747e+07
2.364833802124409378e+07
2.358272753808196262e+07
2.352489437565434724e+07
2.347376160637544841e+07
2.342823739510809630e+07
2.338717027571335435e+07
2.334939525868854299e+07
2.331384073161793128e+07
2.327963736453701556e+07
2.324617410799099505e+07
2.321307835845920444e+07
2.318013788892735541e+07
2.314720881508130580e+07
2.311415423638438433e+07
2.308083531659699976e+07
2.304714545805302262e+07
2.301305643341890723e+07
2.297864334718344361e+07
2.294407167660198361e+07
2.290955314195997268e+07
2.287529396054395288e+07
2.284146064291661233e+07
2.280817581904938817e+07
2.277553847030448914e+07
2.274365034261126071e+07
2.271262981659061462e+07
2.268260494906679168e+07
2.265369133124709874e+07
2.262596916745883226e+07
2.259947297255215049e+07
2.257419830726730078e+07
2.255011942807669938e+07
2.252720625397598743e+07
2.250543139543886483e+07
2.248476571422901750e+07
2.246516845668502897e+07
2.244658064942660183e+07
2.242892710821475834e+07
2.241212601320868731e+07
2.239610010615038127e+07
2.238078319172948971e+07
2.236611944672390074e+07
2.235205797939482331e+07
2.233854769684631377e+07
2.232553638749914616e+07
2.231297430345780030e+07
2.230081924598197266e+07
2.228903942729063332e+07
2.227761235786782205e+07
2.226652093989371881e+07
2.225574964797385037e+07
2.224528312178234756e+07
2.223510739240825921e+07
2.222521203094650060e+07
2.221559110466374457e+07
2.220624202396173030e+07
2.219716306227050349e+07
2.218835121715956926e+07
2.217980161899899691e+07
2.217150841695193946e+07
2.216346604358515516e+07
2.215566970683017746e+07
2.214811477478937060e+07
2.214079565873142332e+07
2.213370513013681024e+07
2.212683456590542942e+07
2.212017485397844389e+07
2.211371724348813668e+07
2.210745358938445523e+07
2.210137600154600665e+07
2.209547636765663698e+07
2.208974623435382172e+07
2.208417715941684693e+07
2.207876124377594516e+07
2.207349144321689010e+07
2.206836148819980025e+07
2.206336557100641355e+07
2.205849810984068364e+07
2.205375377540674061e+07
2.204912771033924818e+07
2.204461571472848952e+07
2.204021422604352236e+07
2.203592011117268726e+07
2.203173043493944407e+07
2.202764235861711204e+07
2.202365318759471178e+07
2.201976046127987280e+07
2.201596196480023116e+07
2.201225563398242742e+07
2.200863942696722969e+07
2.200511125854385644e+07
2.200166902937299758e+07
2.199831069996292144e+07
2.199503433230225369e+07
2.199183806508928537e+07
2.198872005333701149e+07
2.198567843018957227e+07
2.198271132076714188e+07
2.197981688834377378e+07
2.197699336919802055e+07
2.197423907096935809e+07
2.197155234682575613e+07
2.196893157755856216e+07
2.196637518089184165e+07
2.196388163860613108e+07
2.196144951604754478e+07
2.195907745788774267e+07
2.195676416638679430e+07
2.195450838169249147e+07
2.195230887745709345e+07
2.195016446825667843e+07
2.194807401506450027e+07
2.194603641957688332e+07
2.194405061070537940e+07
2.194211553392671421e+07
2.194023015025227144e+07
2.193839344179566950e+07
2.193660441541437060e+07
2.193486209922000766e+07
2.193316553441380709e+07
2.193151376904218644e+07
2.192990585759576410e+07
2.192896493266408145e+07
2.192849371636549383e+07
2.192806009860648587e+07
2.192744068192094564e+07
2.192663323409644887e+07
2.192581847145190462e+07
2.192517770892674476e+07
2.192474203235185146e+07
2.192439240667332709e+07
2.192398444635190070e+07
2.192347231762635708e+07
2.192292848359247670e+07
2.192246092091193050e+07
2.192211518542338535e+07
2.192184641559726372e+07
2.192157270278800651e+07
2.192125039203746617e+07
2.192090347527956218e+07
2.192059005164270476e+07
2.192034554801748320e+07
2.192015545719189197e+07
2.191997588545852154e+07
2.191977584943678975e+07
2.191956096156881005e+07
2.191936123097915947e+07
2.191919985832143202e+07
2.191907353841109574e+07
2.191895945921314880e+07
2.191883817756139114e+07
2.191870947911726683e+07
2.191858847669150680e+07
2.191848886899257079e+07
2.191841045609483868e+07
2.191834126265806332e+07
2.191826981494389474e+07
2.191819482196399942e+07
2.191812404505496472e+07
2.191806526875624061e+07
2.191801888759423792e+07
2.191797851304095238e+07
2.191793763704535738e+07
2.191789523654901236e+07
2.191785540481538326e+07
2.191782239819550514e+07
2.191779643715632707e+07
2.191777397921760380e+07
2.191775142388382554e+07
2.191772822843029350e+07
2.191770665802478790e+07
2.191768899402819574e+07
2.191767524020486325e+07
2.191766337307433784e+07
2.191765145214034244e+07
2.191763928584620729e+07
2.191762816838949919e+07
2.191761927561098337e+07
2.191761246903946251e+07
2.191760656571393460e+07
2.191760055828376114e+07
2.191759445795617998e+07
2.191758902404287830e+07
2.191758483476108313e+07
2.191758170417972654e+07
2.191757894242998585e+07
2.191757605908609927e+07
2.191757315305221081e+07
2.191757066768493503e+07
2.191756886048694327e+07
2.191756755223509669e+07
2.191756634958010912e+07
2.191756503972937539e+07
2.191756374072417617e+07
2.191756270328737050e+07
2.191756202038887888e+07
2.191756154640598595e+07
2.191756106809079275e+07
2.191756051339681447e+07
2.191755998441763222e+07
2.191755961289802939e+07
2.191755941353610158e+07
2.191755928163200989e+07
2.191755911160381138e+07
2.191755889601743966e+07
2.191755870909390226e+07
2.191755861178911850e+07
2.191755858805084229e+07
2.191755857102490589e+07
2.191755851655500382e+07
2.191755844088105857e+07
2.191755839052829519e+07
2.191755838713293150e+07
2.191755840798980743e+07
2.191755841580893844e+07
2.191755839832461625e+07
2.191755837524411827e+07
2.191755837118482962e+07
2.191755838859068602e+07
2.191755840862453729e+07
2.191755841408550367e+07
2.191755840658598393e+07
2.191755840111959726e+07
2.191755840772029012e+07
2.191755842168314755e+07
2.191755843104614690e+07
2.191755843037991971e+07
2.191755842524567991e+07
2.191755842428995296e+07
2.191755842953412980e+07
2.191755843545201421e+07
2.191755843623335660e+07
2.191755843204539269e+07
2.191755842780439183e+07
2.191755842710888386e+07
2.191755842868387327e+07
2.191755842869079486e+07
2.191755842537000403e+07
2.191755842060535029e+07
2.191755841727754474e+07
2.191755841601838917e+07
2.191755841498228908e+07
2.191755841233997047e+07
2.191755840829807520e+07
2.191755840453363955e+07
2.191755840212462097e+07
2.191755840050629526e+07
2.191755839841052517e+07
2.191755839540212601e+07
2.191755839221847802e+07
2.191755838975462690e+07
2.191755838805636019e+07
2.191755838643186912e+07
2.191755838435711712e+07
2.191755838202906027e+07
2.191755838001613319e+07
2.191755837855769694e+07
2.191755837735643983e+07
2.191755837600681186e+07
2.191755837446578592e+07
2.191755837303102016e+07
2.191755837193995714e+07
2.191755837110906839e+07
2.191755837028186768e+07
2.191755836934484169e+07
2.191755836842411384e+07
2.191755836769285053e+07
2.191755836716036126e+07
2.191755836668585986e+07
2.191755836616075411e+07
2.191755836562111974e+07
