3.077251198186994344e+07
2.946085174437448755e+07
2.889810780290015042e+07
2.855040654894184321e+07
2.822284266429011896e+07
2.786354382027511671e+07
2.745691987198854983e+07
2.701540833904216439e+07
2.656741736339586228e+07
2.614281752814306319e+07
2.576198752958714217e+07
2.543059608319213986e+07
2.514054611309928820e+07
2.487606928017828614e+07
2.462187310978328437e+07
2.436931386529540271e+07
2.411826485540666059e+07
2.387508914200855047e+07
2.364862383185634390e+07
2.344610188744682819e+07
2.327038222967025638e+07
2.311923876316389441e+07
2.298676413356425986e+07
2.286615469869702682e+07
2.275254142254774645e+07
2.264454403965118155e+07
2.254394563873662055e+07
2.245387767285143584e+07
2.237658915745878965e+07
2.231195418463641405e+07
2.225739231527392194e+07
2.220909280050723627e+07
2.216374841788844764e+07
2.211981044883059710e+07
2.207766264522648603e+07
2.203877766610367224e+07
2.200444425804679096e+07
2.197479697224777937e+07
2.194863824698529392e+07
2.192406915247374773e+07
2.189948830134665966e+07
2.187433599358209223e+07
2.184916426725038886e+07
2.182506266514717788e+07
2.180286165139981732e+07
2.178262747966390476e+07
2.176372371298150718e+07
2.174532459756717086e+07
2.172698778667405620e+07
2.170890200662525743e+07
2.169168587983600795e+07
2.167592620260964334e+07
2.166179619640462101e+07
2.164900352180413902e+07
2.163706547340189666e+07
2.162567895322553813e+07
2.161490813734966516e+07
2.160507462273660302e+07
2.159646683357721195e+07
2.158910665991380811e+07
2.158274080877310038e+07
2.157703473161622509e+07
2.157179530162630603e+07
2.156704808951710537e+07
2.156293036478319392e+07
2.155951063909508288e+07
2.155668967444816977e+07
2.155425273970344663e+07
2.155201104737745225e+07
2.154990482651577145e+07
2.154798873632322252e+07
2.154632892347967252e+07
2.154491101671130955e+07
2.154363516057313979e+07
2.154238935528214648e+07
2.154112643910421804e+07
2.153987748673034087e+07
2.153869920091906190e+07
2.153761081890252233e+07
2.153657708940302581e+07
2.153554472656562924e+07
2.153449100272469968e+07
2.153343849976700172e+07
2.153242757292575017e+07
2.153147776252943650e+07
2.153057472761169076e+07
2.152969033099719882e+07
2.152881187180899829e+07
2.152795179033797979e+07
2.152713187171457708e+07
2.152636080798303336e+07
2.152562729931518063e+07
2.152491274042378366e+07
2.152420834465559945e+07
2.152351975632721931e+07
2.152285689656352252e+07
2.152222134831601754e+07
2.152160397373401374e+07
2.152099346503839642e+07
2.152038574013931677e+07
2.151978488330712914e+07
2.151919614260036498e+07
2.151861924925459176e+07
2.151804864857756346e+07
2.151747925714547560e+07
2.151691104211749136e+07
2.151634798524311185e+07
2.151579337777093053e+07
2.151524678538209200e+07
2.151470544417473674e+07
2.151416786922174320e+07
2.151363555746949837e+07
2.151311131559929252e+07
2.151259648461424559e+07
2.151209011123578995e+07
2.151159058934928477e+07
2.151109762874356657e+07
2.151061242404744774e+07
2.151013615124275535e+07
2.150966867117008939e+07
2.150920878924411535e+07
2.150875553827700391e+07
2.150830894693098590e+07
2.150786956733428314e+07
2.150743749602169171e+07
2.150701204807243496e+07
2.150659233951653913e+07
2.150617799810164422e+07
2.150576921022360027e+07
2.150536617076469958e+07
2.150496864641930163e+07
2.150457611574503407e+07
2.150418822978650406e+07
2.150380502270280570e+07
2.150342667724647745e+07
2.150305318201621622e+07
2.150268428236733750e+07
2.150231972758387774e+07
2.150195948096219450e+07
2.150160365785907954e+07
2.150125230643562973e+07
2.150090530622852966e+07
2.150056247814378142e+07
2.150022374093564227e+07
2.149988912448622286e+07
2.149955864919942245e+07
2.149923223550006747e+07
2.149890974484963715e+07
2.149859108278865367e+07
2.149827623350061849e+07
2.149796519791254401e+07
2.149765792558369786e+07
2.149735432226228341e+07
2.149705431100031734e+07
2.149675786471420154e+07
2.149646497631604970e+07
2.149617561320661008e+07
2.149588971370010078e+07
2.149560722246148810e+07
2.149532811521446332e+07
2.149505238430701941e+07
2.149478000898145139e+07
2.149451094860875607e+07
2.149424516246193275e+07
2.149398262653636187e+07
2.149372332681147754e+07
2.149346724115469307e+07
2.149321433418389410e+07
2.149296456924413145e+07
2.149271791968159005e+07
2.149247436551992968e+07
2.149223388224101067e+07
2.149199643706321716e+07
2.149176199600706622e+07
2.149153053090278804e+07
2.149130201751876995e+07
2.149107642885491624e+07
2.149085373314733058e+07
2.149063389848463982e+07
2.149041689712423831e+07
2.149020270411273465e+07
2.148999129298812151e+07
2.148978263455019146e+07
2.148957669964960963e+07
2.148937346158459038e+07
2.148917289500778168e+07
2.148897497337383404e+07
2.148877966854592413e+07
2.148858695274011046e+07
2.148839679987916350e+07
2.148820918468511105e+07
2.148802408107756078e+07
2.148784146206537634e+07
2.148766130095750093e+07
2.148748357201711088e+07
2.148730824978395924e+07
2.148713530823396891e+07
2.148696472097922117e+07
2.148679646210981905e+07
2.148663050647319108e+07
2.148646682913176715e+07
2.148630540487071872e+07
2.148614620839232206e+07
2.148598921478870139e+07
2.148583439958839491e+07
2.148568173839206621e+07
2.148553120668513328e+07
2.148538278007579222e+07
2.148523643457589671e+07
2.148509214653924853e+07
2.148494989239764959e+07
2.148480964857897907e+07
2.148467139166826755e+07
2.148453509852929041e+07
2.148440074621886015e+07
2.148426831185535342e+07
2.148413777264614403e+07
2.148400910602190346e+07
2.148388228968100250e+07
2.148375730150114745e+07
2.148363411946260184e+07
2.148351272168168426e+07
2.148339308648007363e+07
2.148327519238236919e+07
2.148315901806119829e+07
2.148304454232524708e+07
2.148293174416924641e+07
2.148282060281106085e+07
2.148271109766846895e+07
2.148260320831823722e+07
2.148249691449476779e+07
2.148239219611759111e+07
2.148228903329913691e+07
2.148218740632487088e+07
2.148208729564234987e+07
2.148198868187817186e+07
2.148189154585706443e+07
2.148179586859682202e+07
2.148170163128992170e+07
2.148160881529815495e+07
2.148151740216217935e+07
2.148142737360657007e+07
2.148133871153286472e+07
2.148125139801418036e+07
2.148116541530121863e+07
2.148108074583071098e+07
2.148099737222404033e+07
2.148091527727888525e+07
2.148083444396524876e+07
2.148075485542815179e+07
2.148067649498923123e+07
2.148059934614363313e+07
2.148052339255733043e+07
2.148044861806910485e+07
2.148037500669360906e+07
2.148030254262006283e+07
2.148023121020798385e+07
2.148016099398455769e+07
2.148009187864485756e+07
2.148002384905173630e+07
2.147995689023395628e+07
2.147989098738472164e+07
2.147982612586217374e+07
2.147976229119002074e+07
2.147969946905620769e+07
2.147963764531033486e+07
2.147957680596191436e+07
2.147951693717970699e+07
2.147945802529094368e+07
2.147940005677986890e+07
2.147934301828672364e+07
2.147928689660742506e+07
2.147923167869313434e+07
2.147917735164881498e+07
2.147912390273139626e+07
2.147907131934835762e+07
2.147901958905675635e+07
2.147896869956205785e+07
2.147891863871696591e+07
2.147886939452037215e+07
2.147882095511665195e+07
2.147877330879466981e+07
2.147872644398638606e+07
2.147868034926535934e+07
2.147863501334543899e+07
2.147859042507964373e+07
2.147854657345894724e+07
2.147850344761113822e+07
2.147846103679972142e+07
2.147841933042299002e+07
2.147837831801278889e+07
2.147833798923317716e+07
2.147829833387910202e+07
2.147825934187513217e+07
2.147822100327428430e+07
2.147818330825680494e+07
2.147814624712904915e+07
2.147810981032233685e+07
2.147807398839188367e+07
2.147803877201551944e+07
