1.044664557030406296e+08
9.097043174989417195e+07
7.910846266992560029e+07
6.888033195123897493e+07
6.026759658335331082e+07
5.322975249696157873e+07
4.770036263105856627e+07
4.358366611504019797e+07
4.075245394319306314e+07
3.904821799933828413e+07
3.828460794783587754e+07
3.825488915643434972e+07
3.874329520896911621e+07
3.953905495031456649e+07
4.045087079726724327e+07
4.131924882919480652e+07
4.202458709311021864e+07
4.249009355552774668e+07
4.267987711558964849e+07
4.259343291985428333e+07
4.225804293015000969e+07
4.172045317951161414e+07
4.103881173253850639e+07
4.027545990663819015e+07
3.949087017197282612e+07
3.873884061174990237e+07
3.806296571556741744e+07
3.749436945984316617e+07
3.705067362202295661e+07
3.673615516906381398e+07
3.654300562122610211e+07
3.645353919616245478e+07
3.644311447048825026e+07
3.648345566399580985e+07
3.654600842694237083e+07
3.660496146982531250e+07
3.663961813234470785e+07
3.663590400119166076e+07
3.658692736900943518e+07
3.649264179279632866e+07
3.635876986472064257e+07
3.619521906830701232e+07
3.601424967377823591e+07
3.582864537096047401e+07
3.565009912805577368e+07
3.548797032521668822e+07
3.534850430198460817e+07
3.523454005935045332e+07
3.514567231180883199e+07
3.507878546687309444e+07
3.502884334456793964e+07
3.498980204062626511e+07
3.495551488510825485e+07
3.492051630390044302e+07
3.488060173707156628e+07
3.483315822766753286e+07
3.477723891912125796e+07
3.471340904488666356e+07
3.464341697145902365e+07
3.456975917532300949e+07
3.449521222232684493e+07
3.442239892805182189e+07
3.435344205405808240e+07
3.428973992331999540e+07
3.423187725143453479e+07
3.417966423351098597e+07
3.413228006438902766e+07
3.408848552281174809e+07
3.404686408260981739e+07
3.400605231360767782e+07
3.396492723257735372e+07
3.392272911275068671e+07
3.387911094931465387e+07
3.383411812416946143e+07
3.378811193448762596e+07
3.374165725249697268e+07
3.369539710832989216e+07
3.364993560365675390e+07
3.360574604175820947e+07
3.356311466031253338e+07
3.352212318505124748e+07
3.348266681312191486e+07
3.344449914860535413e+07
3.340729263458517939e+07
3.337070232312487066e+07
3.333442217578285187e+07
3.329822597385954112e+07
3.326198864725151286e+07
3.322568767465516552e+07
3.318938752383682877e+07
3.315321242563311011e+07
3.311731387495888770e+07
3.308183912650463730e+07
3.304690580343313515e+07
3.301258590594191477e+07
3.297890039960127324e+07
3.294582357631504536e+07
3.291329483340255171e+07
3.288123460904346034e+07
3.284956100772892684e+07
3.281820407960224152e+07
3.278711561358501017e+07
3.275627343899848312e+07
3.272568036730561405e+07
3.269535884185938537e+07
3.266534296204929799e+07
3.263566975298350677e+07
3.260637138636232913e+07
3.257746960965022445e+07
3.254897303452210873e+07
3.252087730699415505e+07
3.249316764923257753e+07
3.246582290949553996e+07
3.243882011905860528e+07
3.241213862476817146e+07
3.238576309743412957e+07
3.235968504099938273e+07
3.233390276996297017e+07
3.230842011588960513e+07
3.228324432062258199e+07
3.225838365217214450e+07
3.223384524308935925e+07
3.220963352549633756e+07
3.218574946004338562e+07
3.216219057001057267e+07
3.213895163390953094e+07
3.211602578637327254e+07
3.209340573935350776e+07
3.207108486055545136e+07
3.204905791870642453e+07
3.202732140368171409e+07
3.200587343005177379e+07
3.198471331491342932e+07
3.196384097141062841e+07
3.194325627311207727e+07
3.192295852455555648e+07
3.190294612923029065e+07
3.188321649088338017e+07
3.186376613040167838e+07
3.184459095929233357e+07
3.182568662839072198e+07
3.180704886840616912e+07
3.178867375438982248e+07
3.177055785314556211e+07
3.175269824357485026e+07
3.173509242787165940e+07
3.171773817105561122e+07
3.170063331483139843e+07
3.168377560922607034e+07
3.166716259422597289e+07
3.165079155004949868e+07
3.163465950024302304e+07
3.161876329050060362e+07
3.160309967091941833e+07
3.158766539353276044e+07
3.157245728937564045e+07
3.155747231396153197e+07
3.154270755695430562e+07
3.152816022047405690e+07
3.151382757668912038e+07
3.149970691816016659e+07
3.148579551375793666e+07
3.147209057958512381e+07
3.145858926940078288e+07
3.144528868391987681e+07
3.143218589421623945e+07
3.141927797205751389e+07
3.140656201959829032e+07
3.139403519221500680e+07
3.138169471079213172e+07
3.136953786270420998e+07
3.135756199335507676e+07
3.134576449189839885e+07
3.133414277541409805e+07
3.132269427539439499e+07
3.131141642917419598e+07
3.130030667733693123e+07
3.128936246657050774e+07
3.127858125628776103e+07
3.126796052676203847e+07
3.125749778658992425e+07
3.124719057785725594e+07
3.123703647823399305e+07
3.122703310010762140e+07
3.121717808756960928e+07
3.120746911245611310e+07
3.119790387067414448e+07
3.118848007977069914e+07
3.117919547823967785e+07
3.117004782655350864e+07
3.116103490948235244e+07
3.115215453901291639e+07
3.114340455713241547e+07
3.113478283788114041e+07
3.112628728833452240e+07
3.111791584847252816e+07
3.110966649015220255e+07
3.110153721556342766e+07
3.109352605559390038e+07
3.108563106846709922e+07
3.107785033887929469e+07
3.107018197769531235e+07
3.106262412211384997e+07
3.105517493611397594e+07
3.104783261096163839e+07
3.104059536558416486e+07
3.103346144669355080e+07
3.102642912862953171e+07
3.101949671297489107e+07
3.101266252804829925e+07
3.100592492839612067e+07
3.099928229438510537e+07
3.099273303195443004e+07
3.098627557253287360e+07
3.097990837308018655e+07
3.097362991618265212e+07
3.096743871012542024e+07
3.096133328887765482e+07
3.095531221195404232e+07
3.094937406414820999e+07
3.094351745516226441e+07
3.093774101917435974e+07
3.093204341439085826e+07
3.092642332262270898e+07
3.092087944891024753e+07
3.091541052120247483e+07
3.091001529008173198e+07
3.090469252851448953e+07
3.089944103160705045e+07
3.089425961634885892e+07
3.088914712133422494e+07
3.088410240646286681e+07
3.087912435262653977e+07
3.087421186139332876e+07
3.086936385470058024e+07
3.086457927456409484e+07
3.085985708280546591e+07
3.085519626079408079e+07
3.085059580919636413e+07
3.084605474772333354e+07
3.084157211486831680e+07
3.083714696762995422e+07
3.083277838121904433e+07
3.082846544875166193e+07
3.082420728093344718e+07
3.082000300574085861e+07
3.081585176810490340e+07
3.081175272960094362e+07
3.080770506814667210e+07
3.080370797770766914e+07
3.079976066800956428e+07
3.079586236425451189e+07
3.079201230684077367e+07
3.078820975108428299e+07
3.078445396694239974e+07
3.078074423874051124e+07
3.077707986490260065e+07
3.077346015768649802e+07
3.076988444292425364e+07
3.076635205976738781e+07
3.076286236043602973e+07
3.075941470997093245e+07
3.075600848598691076e+07
3.075264307842709869e+07
3.074931788931724429e+07
3.074603233252035454e+07
3.074278583349217102e+07
3.073957782903818786e+07
3.073640776707327366e+07
3.073327510638458654e+07
3.073017931639830023e+07
3.072711987695057690e+07
3.072409627806274593e+07
3.072110801972062886e+07
3.071815461165798455e+07
3.071523557314391434e+07
3.071235043277417496e+07
3.070949872826638818e+07
3.070668000625928491e+07
3.070389382211581618e+07
3.070113973973005265e+07
3.069841733133787289e+07
3.069572617733101547e+07
3.069306586607437208e+07
3.069043599372617900e+07
3.068783616406102851e+07
3.068526598829551041e+07
3.068272508491652831e+07
3.068021307951236889e+07
3.067772960460656881e+07
3.067527429949482903e+07
3.067284681008503959e+07
3.067044678874055669e+07
3.066807389412677661e+07
3.066572779106103629e+07
3.066340815036591887e+07
3.066111464872576296e+07
3.065884696854654327e+07
3.065660479781895503e+07
3.065438782998467982e+07
