3.502503992851556093e+07
3.127222291736320779e+07
2.792974470294475183e+07
2.500994729954953492e+07
2.252071469564469904e+07
2.046384866641297936e+07
1.883315729277291894e+07
1.761239014929860830e+07
1.677332816714544594e+07
1.627455915687226132e+07
1.606165282427165098e+07
1.606941619772994332e+07
1.622648222259639576e+07
1.646168304718894139e+07
1.671085877413221262e+07
1.692247914919818193e+07
1.706091489210147038e+07
1.710706323565447330e+07
1.705678547155267000e+07
1.691796457268137857e+07
1.670697471088764817e+07
1.644515314902592823e+07
1.615563511452933401e+07
1.586073191309462115e+07
1.557991883768706769e+07
1.532843958463984355e+07
1.511650656364498660e+07
1.494906221268204413e+07
1.482605159350316599e+07
1.474313457912626676e+07
1.469273727248549089e+07
1.466531314461489767e+07
1.465066415549668856e+07
1.463916956407884322e+07
1.462278953351202980e+07
1.459574977898571640e+07
1.455486441542441398e+07
1.449950620038903505e+07
1.443127698786396161e+07
1.435346058887131512e+07
1.427035390515723825e+07
1.418657199235434085e+07
1.410641200438136794e+07
1.403334322535590827e+07
1.396966838862614892e+07
1.391637731541084126e+07
1.387318942274704576e+07
1.383875889230561256e+07
1.381099765039401315e+07
1.378745924774714932e+07
1.376572314467124268e+07
1.374372443339110166e+07
1.371998760059627146e+07
1.369374188320026174e+07
1.366491644822708704e+07
1.363403230185231939e+07
1.360202154230492190e+07
1.357001165568419732e+07
1.353911276527583599e+07
1.351024002714557201e+07
1.348399345515389368e+07
1.346060546492959931e+07
1.343995445990071818e+07
1.342163266999170557e+07
1.340504952504163980e+07
1.338954879601376131e+07
1.337451857968211360e+07
1.335947731999668851e+07
1.334412536460840702e+07
1.332835872384953871e+07
1.331224842769774422e+07
1.329599410439357534e+07
1.327986346682312153e+07
1.326413007461687922e+07
1.324902024838762544e+07
1.323467688516080566e+07
1.322114389986943267e+07
1.320837089530770481e+07
1.319623416454164684e+07
1.318456778940536827e+07
1.317319768795581907e+07
1.316197196769244596e+07
1.315078258802906796e+07
1.313957567232689634e+07
1.312835030915635265e+07
1.311714785251955688e+07
1.310603520714619197e+07
1.309508618568937108e+07
1.308436476125612110e+07
1.307391308730637282e+07
1.306374580074957386e+07
1.305385068323441781e+07
1.304419452009247616e+07
1.303473217412883788e+07
1.302541657995266840e+07
1.301620754776412435e+07
1.300707783329872787e+07
1.299801571375999972e+07
1.298902412146214768e+07
1.298011706280482560e+07
1.297131447653050534e+07
1.296263681465343758e+07
1.295410048082757741e+07
1.294571490603221767e+07
1.293748158318210207e+07
1.292939492948974296e+07
1.292144449006668106e+07
1.291361779692297056e+07
1.290590317198915780e+07
1.289829189002804086e+07
1.289077934736140072e+07
1.288336515190720931e+07
1.287605228751884960e+07
1.286884569724487141e+07
1.286175067044687271e+07
1.285477142635444924e+07
1.284791016408984736e+07
1.284116670933325589e+07
1.283453873585304804e+07
1.282802241805464402e+07
1.282161329973154142e+07
1.281530715184235945e+07
1.280910063184652850e+07
1.280299163189726137e+07
1.279697929088885710e+07
1.279106372442777827e+07
1.278524558096187934e+07
1.277952555337831005e+07
1.277390396389032342e+07
1.276838050375691429e+07
1.276295416049775295e+07
1.275762331692842767e+07
1.275238596952240169e+07
1.274723999492658675e+07
1.274218339432187751e+07
1.273721446239001118e+07
1.273233185434095934e+07
1.272753455297574401e+07
1.272282176111202687e+07
1.271819275820860267e+07
1.271364676207943819e+07
1.270918282854955830e+07
1.270479980732143298e+07
1.270049635573941097e+07
1.269627099786507711e+07
1.269212220737339184e+07
1.268804849053090066e+07
1.268404844939205050e+07
1.268012081341717020e+07
1.267626443733200058e+07
1.267247827161502466e+07
1.266876131758777797e+07
1.266511258080692217e+07
1.266153103452120908e+07
1.265801560043928958e+07
1.265456514849974215e+07
1.265117851229739934e+07
1.264785451347404160e+07
1.264459198728789948e+07
1.264138980263759568e+07
1.263824687240706384e+07
1.263516215320522338e+07
1.263213463647689112e+07
1.262916333486523479e+07
1.262624726828568429e+07
1.262338545349537954e+07
1.262057689939273521e+07
1.261782060840460844e+07
1.261511558265731484e+07
1.261246083258087933e+07
1.260985538533712365e+07
1.260729829093105160e+07
1.260478862481848896e+07
1.260232548693155125e+07
1.259990799798844382e+07
1.259753529451326281e+07
1.259520652408000827e+07
1.259292084196822345e+07
1.259067740983148664e+07
1.258847539633514360e+07
1.258631397919886932e+07
1.258419234780214168e+07
1.258210970551075973e+07
1.258006527111228742e+07
1.257805827910650522e+07
1.257608797896291874e+07
1.257415363372905180e+07
1.257225451849109307e+07
1.257038991914550029e+07
1.256855913177519105e+07
1.256676146270326525e+07
1.256499622909199819e+07
1.256326275982014276e+07
1.256156039633359388e+07
1.255988849321827106e+07
1.255824641835954040e+07
1.255663355268669873e+07
1.255504928961379081e+07
1.255349303435060382e+07
1.255196420326108858e+07
1.255046222339994460e+07
1.254898653228294477e+07
1.254753657786959410e+07
1.254611181867973320e+07
1.254471172394193150e+07
1.254333577368189953e+07
1.254198345869450457e+07
1.254065428038880788e+07
1.253934775053637847e+07
1.253806339097769186e+07
1.253680073334521428e+07
1.253555931884715892e+07
1.253433869813017547e+07
1.253313843121218309e+07
1.253195808745621704e+07
1.253079724554771557e+07
1.252965549344186485e+07
1.252853242826070264e+07
1.252742765613706596e+07
1.252634079201750085e+07
1.252527145944561623e+07
1.252421929034871608e+07
1.252318392484518141e+07
1.252216501108062267e+07
1.252116220509091392e+07
1.252017517068280652e+07
1.251920357931986451e+07
1.251824711000278033e+07
1.251730544913783297e+07
1.251637829039291479e+07
1.251546533454550803e+07
1.251456628932952881e+07
1.251368086928786896e+07
1.251280879563503526e+07
1.251194979613081925e+07
1.251110360496259481e+07
1.251026996263175085e+07
1.250944861583933793e+07
1.250863931736716256e+07
1.250784182595272735e+07
1.250705590615869313e+07
1.250628132823928073e+07
1.250551786800676584e+07
1.250476530670099705e+07
1.250402343086363189e+07
1.250329203221767023e+07
1.250257090755143948e+07
1.250185985860575549e+07
1.250115869196273759e+07
1.250046721893538535e+07
1.249978525545760617e+07
1.249911262197512574e+07
1.249844914333803952e+07
1.249779464869585633e+07
1.249714897139548883e+07
1.249651194888229296e+07
1.249588342260374874e+07
1.249526323791508004e+07
1.249465124398609996e+07
1.249404729370873421e+07
1.249345124360498227e+07
1.249286295373544469e+07
1.249228228760876879e+07
1.249170911209245026e+07
1.249114329732551053e+07
1.249058471663320065e+07
1.249003324644392170e+07
1.248948876620822772e+07
1.248895115831974708e+07
1.248842030803787895e+07
1.248789610341214389e+07
1.248737843520812131e+07
1.248686719683508575e+07
1.248636228427533805e+07
1.248586359601530619e+07
1.248537103297841176e+07
1.248488449845960550e+07
1.248440389806144685e+07
1.248392913963158615e+07
1.248346013320149854e+07
1.248299679092643037e+07
1.248253902702648938e+07
1.248208675772891566e+07
1.248163990121163428e+07
1.248119837754807621e+07
1.248076210865339823e+07
1.248033101823208481e+07
1.247990503172692470e+07
1.247948407626936957e+07
1.247906808063120209e+07
1.247865697517751902e+07
1.247825069182096049e+07
1.247784916397723183e+07
1.247745232652179338e+07
1.247706011574780196e+07
1.247667246932520531e+07
1.247628932626095414e+07
1.247591062686030194e+07
1.247553631268914044e+07
1.247516632653728873e+07
