4.897723502815463394e+07
4.322780129197330773e+07
3.809723577798092365e+07
3.358873227500574291e+07
3.006208314080261067e+07
2.704432404709639773e+07
2.450414214779015258e+07
2.242241067783255875e+07
2.077358678889394552e+07
1.952521065997403860e+07
1.863785682553176209e+07
1.806564235113345832e+07
1.775738750191354752e+07
1.765845347963172942e+07
1.771316151075943187e+07
1.786755813966026530e+07
1.807218121425154060e+07
1.828444783696453646e+07
1.847035078859515488e+07
1.860529296069236472e+07
1.867405780473707616e+07
1.867005240848373994e+07
1.859403708654080331e+07
1.845256858950497955e+07
1.825635417987046391e+07
1.801866333087404445e+07
1.775389298718029261e+07
1.747634086179205775e+07
1.719921215093066543e+07
1.693386680918470025e+07
1.668930387356330454e+07
1.647187286187955551e+07
1.628519728813650832e+07
1.613029010988909006e+07
1.600583475431018881e+07
1.590859849758506939e+07
1.583393836012543179e+07
1.577635470564950071e+07
1.573004579017656669e+07
1.568941859898912162e+07
1.564951772490398400e+07
1.560634422706449404e+07
1.555704907514585555e+07
1.549999920212803781e+07
1.543472659134517796e+07
1.536178076288987696e+07
1.528251160396296158e+07
1.519881242271048203e+07
1.511285264005635306e+07
1.502682627829198912e+07
1.494273715274561942e+07
1.486223525438261405e+07
1.478651199701135606e+07
1.471625545308996364e+07
1.465166094810190424e+07
1.459248782159820944e+07
1.453815005129612051e+07
1.448782688939063624e+07
1.444057964534823969e+07
1.439546209478326514e+07
1.435161440844953246e+07
1.430833360532397404e+07
1.426511693088684790e+07
1.422167785378596187e+07
1.417793722979127057e+07
1.413399436244723201e+07
1.409008406346630305e+07
1.404652635671032593e+07
1.400367524301383272e+07
1.396187208388537355e+07
1.392140784927171096e+07
1.388249690674347058e+07
1.384526340315212682e+07
1.380973978126163036e+07
1.377587572510586120e+07
1.374355493706108257e+07
1.371261666616090387e+07
1.368287883124418184e+07
1.365415986991962232e+07
1.362629701554630324e+07
1.359915945713111199e+07
1.357265566338507272e+07
1.354673491917192191e+07
1.352138385288479552e+07
1.349661910745485500e+07
1.347247768158355355e+07
1.344900645316684060e+07
1.342625227767077088e+07
1.340425376449668035e+07
1.338303545815784112e+07
1.336260474430563673e+07
1.334295141743052378e+07
1.332404953073956817e+07
1.330586092801178619e+07
1.328833974487248994e+07
1.327143716035778075e+07
1.325510576357087679e+07
1.323930305038879812e+07
1.322399375263886154e+07
1.320915089766192622e+07
1.319475567382335290e+07
1.318079631757755578e+07
1.316726632812050916e+07
1.315416235257661529e+07
1.314148207157270238e+07
1.312922236134474725e+07
1.311737792740767635e+07
1.310594051106564701e+07
1.309489867784815095e+07
1.308423811819656566e+07
1.307394233372626081e+07
1.306399355135746673e+07
1.305437370267120376e+07
1.304506532362182066e+07
1.303605226430089027e+07
1.302732014249624312e+07
1.301885652084150538e+07
1.301065082878505625e+07
1.300269408244762756e+07
1.299497847479447350e+07
1.298749691470466554e+07
1.298024258770613745e+07
1.297320859607133269e+07
1.296638771522118896e+07
1.295977228079009056e+07
1.295335419975003973e+07
1.294712506238743290e+07
1.294107632133783400e+07
1.293519949985904992e+07
1.292948639358403534e+07
1.292392923686771095e+07
1.291852081476043910e+07
1.291325451268042997e+07
1.290812430623501539e+07
1.290312470195297897e+07
1.289825064505719766e+07
1.289349741251994111e+07
1.288886050871948153e+07
1.288433557768685557e+07
1.287991834108115733e+07
1.287560456562978402e+07
1.287139005871467106e+07
1.286727068677642941e+07
1.286324240867958963e+07
1.285930131527122296e+07
1.285544366694604978e+07
1.285166592276898772e+07
1.284796475714462623e+07
1.284433706267228536e+07
1.284077994024152495e+07
1.283729067927002348e+07
1.283386673207066581e+07
1.283050568661294878e+07
1.282720524150501937e+07
1.282396318605295755e+07
1.282077738699336722e+07
1.281764578219035268e+07
1.281456638045243546e+07
1.281153726581065170e+07
1.280855660418329760e+07
1.280562265033552237e+07
1.280273375336122140e+07
1.279988835946344584e+07
1.279708501146255434e+07
1.279432234509616345e+07
1.279159908269295096e+07
1.278891402513898909e+07
1.278626604318673536e+07
1.278365406909589656e+07
1.278107708938433416e+07
1.277853413916598819e+07
1.277602429822563939e+07
1.277354668868575245e+07
1.277110047390159406e+07
1.276868485810059682e+07
1.276629908694167994e+07
1.276394244452978484e+07
1.276161425658027455e+07
1.275931388636795804e+07
1.275704073331034929e+07
1.275479423041742295e+07
1.275257384147083387e+07
1.275037905817751028e+07
1.274820939752199501e+07
1.274606439948510751e+07
1.274394362521899492e+07
1.274184665568728372e+07
1.273977309070872702e+07
1.273772254829392955e+07
1.273569466414215229e+07
1.273368909116876684e+07
1.273170549895886146e+07
1.272974357308046892e+07
1.272780301423407532e+07
1.272588353725427762e+07
1.272398487000930496e+07
1.272210675226058997e+07
1.272024893454733118e+07
1.271841117715183645e+07
1.271659324918414652e+07
1.271479492780336738e+07
1.271301599757260829e+07
1.271125624992842600e+07
1.270951548273546621e+07
1.270779349989423528e+07
1.270609011097295210e+07
1.270440513084242120e+07
1.270273837930265814e+07
1.270108968070007674e+07
1.269945886354214326e+07
1.269784576012135297e+07
1.269625020616183430e+07
1.269467204050026834e+07
1.269311110480869375e+07
1.269156724336146191e+07
1.269004030284357816e+07
1.268853013219331577e+07
1.268703658246954903e+07
1.268555950673363730e+07
1.268409875993669406e+07
1.268265419880571775e+07
1.268122568172485940e+07
1.267981306861138344e+07
1.267841622078839317e+07
1.267703500085793249e+07
1.267566927257899567e+07
1.267431890075436607e+07
1.267298375112940744e+07
1.267166369030442461e+07
1.267035858566072583e+07
1.266906830529929698e+07
1.266779271799020097e+07
1.266653169313038141e+07
1.266528510070778616e+07
1.266405281127013266e+07
1.266283469589719176e+07
1.266163062617627531e+07
1.266044047418096289e+07
1.265926411245349236e+07
1.265810141399128735e+07
1.265695225223786756e+07
1.265581650107815862e+07
1.265469403483789787e+07
1.265358472828637436e+07
1.265248845664167032e+07
1.265140509557741508e+07
1.265033452123011649e+07
1.264927661020640656e+07
1.264823123958963528e+07
1.264719828694570065e+07
1.264617763032811135e+07
1.264516914828258753e+07
1.264417271985148080e+07
1.264318822457844391e+07
1.264221554251362570e+07
1.264125455421964079e+07
1.264030514077842236e+07
1.263936718379892781e+07
1.263844056542562693e+07
1.263752516834768094e+07
1.263662087580858171e+07
1.263572757161617279e+07
1.263484514015295915e+07
1.263397346638656221e+07
1.263311243588037789e+07
1.263226193480429798e+07
1.263142184994558617e+07
1.263059206871973723e+07
1.262977247918134928e+07
1.262896297003489733e+07
1.262816343064527959e+07
1.262737375104805641e+07
1.262659382195929438e+07
1.262582353478488326e+07
1.262506278162932023e+07
1.262431145530393347e+07
1.262356944933451153e+07
1.262283665796841681e+07
1.262211297618120536e+07
1.262139829968282022e+07
1.262069252492340654e+07
1.261999554909883067e+07
1.261930727015589736e+07
1.261862758679734543e+07
1.261795639848661050e+07
1.261729360545238107e+07
1.261663910869293846e+07
1.261599280998030305e+07
1.261535461186414585e+07
1.261472441767550260e+07
1.261410213153026626e+07
1.261348765833245777e+07
1.261288090377725661e+07
1.261228177435379848e+07
1.261169017734771594e+07
1.261110602084343135e+07
1.261052921372616105e+07
1.260995966568366438e+07
1.260939728720766678e+07
1.260884198959502205e+07
