2.186558757722573280e+08
1.990245562522593439e+08
1.804716221884575784e+08
1.630344040608661175e+08
1.467463403446151018e+08
1.316361024005199373e+08
1.177266353919018507e+08
1.050341240493661463e+08
9.356690010692168772e+07
8.332431878481605649e+07
7.429564494391947985e+07
6.645900524944442511e+07
5.978048000033567101e+07
5.421342545479260385e+07
4.969813165337623656e+07
4.616192789168011397e+07
4.351984334677222371e+07
4.167590900197827816e+07
4.052514928129711747e+07
3.995622595738531649e+07
3.985469548260252178e+07
4.010663375927195698e+07
4.060243992274364084e+07
4.124050856519757211e+07
4.193047988237123191e+07
4.259580969039276987e+07
4.317547430072423071e+07
4.362472104349796474e+07
4.391487562048885226e+07
4.403230539138985425e+07
4.397670137510302663e+07
4.375887646556615829e+07
4.339828480714599788e+07
4.292045334361616522e+07
4.235448878255489469e+07
4.173078871654628962e+07
4.107904992213177681e+07
4.042663346921669692e+07
3.979731702789528668e+07
3.921044020802111924e+07
3.868042872738692164e+07
3.821666719747220725e+07
3.782367785866297036e+07
3.750155335580798239e+07
3.724658546905899793e+07
3.705202858751607686e+07
3.690893665762577951e+07
3.680701531282295287e+07
3.673543670189753920e+07
3.668357278717118502e+07
3.664161298556259274e+07
3.660104322668845952e+07
3.655497497617865354e+07
3.649832370905321836e+07
3.642784600983239710e+07
3.634205238405141234e+07
3.624101865737844259e+07
3.612612236338433623e+07
3.599973193148943037e+07
3.586487576626717299e+07
3.572491610911427438e+07
3.558324891316252947e+07
3.544304647356312722e+07
3.530705452353512496e+07
3.517745032719587535e+07
3.505576330460668355e+07
3.494285520375913382e+07
3.483895302797850221e+07
3.474372501554084569e+07
3.465638806433743984e+07
3.457583413863000274e+07
3.450076335301378369e+07
3.442981249480141699e+07
3.436166955230151117e+07
3.429516714862629771e+07
3.422935039839774370e+07
3.416351736438923329e+07
3.409723276812697947e+07
3.403031771636897326e+07
3.396281980983464420e+07
3.389496902659986913e+07
3.382712520510137081e+07
3.375972282995586842e+07
3.369321823111446202e+07
3.362804335745994002e+07
3.356456911053360254e+07
3.350307995592941344e+07
3.344376029258855805e+07
3.338669195794769377e+07
3.333186135779955611e+07
3.327917408253246173e+07
3.322847452503592893e+07
3.317956794139151275e+07
3.313224256183048710e+07
3.308628971746086702e+07
3.304152043853742629e+07
3.299777753936890513e+07
3.295494277253114060e+07
3.291293915769065171e+07
3.287172902626547962e+07
3.283130864429789782e+07
3.279170046868645400e+07
3.275294415650418028e+07
3.271508739564652741e+07
3.267817747887317464e+07
3.264225432983331010e+07
3.260734543896476924e+07
3.257346290878032893e+07
3.254060256827686727e+07
3.250874491592530534e+07
3.247785750411065668e+07
3.244789829194764793e+07
3.241881947179681435e+07
3.239057127733162791e+07
3.236310543508762494e+07
3.233637788631858304e+07
3.231035066406407207e+07
3.228499284281025454e+07
3.226028061367133260e+07
3.223619661884099245e+07
3.221272873695093393e+07
3.218986853954882920e+07
3.216760963947270066e+07
3.214594612857387587e+07
3.212487126112376899e+07
3.210437648746918887e+07
3.208445088732682168e+07
3.206508100009038672e+07
3.204625100590666384e+07
3.202794317960408330e+07
3.201013852152257785e+07
3.199281746482567862e+07
3.197596056639619172e+07
3.195954910524247959e+07
3.194356553514181077e+07
3.192799376351422817e+07
3.191281925299618766e+07
3.189802896318606287e+07
3.188361116568794474e+07
3.186955517490353435e+07
3.185585103991601244e+07
3.184248923993383348e+07
3.182946041835236922e+07
3.181675518012279272e+07
3.180436396548090130e+07
3.179227700176101923e+07
3.178048432530835643e+07
3.176897585831677914e+07
3.175774152122944221e+07
3.174677136018209904e+07
3.173605567050902545e+07
3.172558510095388442e+07
3.171535072816134617e+07
3.170534409645330533e+07
3.169555722306586802e+07
3.168598257333655655e+07
3.167661301338363439e+07
3.166744174942668155e+07
3.165846226308824122e+07
3.164966825098989904e+07
3.164105357503808290e+07
3.163261222736988217e+07
3.162433831138923764e+07
3.161622603801266477e+07
3.160826973442172259e+07
3.160046386144528911e+07
3.159280303521465883e+07
3.158528204890181497e+07
3.157789589103895426e+07
3.157063975795200095e+07
3.156350905903099477e+07
3.155649941472420469e+07
3.154960664812980592e+07
3.154282677176853642e+07
3.153615597150164843e+07
3.152959058961464465e+07
3.152312710886313021e+07
3.151676213884909451e+07
3.151049240555505082e+07
3.150431474430166185e+07
3.149822609589116275e+07
3.149222350531400740e+07
3.148630412216271833e+07
3.148046520182103664e+07
3.147470410656487197e+07
3.146901830588796735e+07
3.146340537560939416e+07
3.145786299558519199e+07
3.145238894609215111e+07
3.144698110314612836e+07
3.144163743314163387e+07
3.143635598724722862e+07
3.143113489596770331e+07
3.142597236420581862e+07
3.142086666704123467e+07
3.141581614631770551e+07
3.141081920800872892e+07
3.140587432023618370e+07
3.140098001175321639e+07
3.139613487067763135e+07
3.139133754327139258e+07
3.138658673259937763e+07
3.138188119695592672e+07
3.137721974800952151e+07
3.137260124867523089e+07
3.136802461077154428e+07
3.136348879254935682e+07
3.135899279619371891e+07
3.135453566539409757e+07
3.135011648306174204e+07
3.134573436924546212e+07
3.134138847926814854e+07
3.133707800207822770e+07
3.133280215878804773e+07
3.132856020135740191e+07
3.132435141137489676e+07
3.132017509889273345e+07
3.131603060127945989e+07
3.131191728206811845e+07
3.130783452979082242e+07
3.130378175680359080e+07
3.129975839811466262e+07
3.129576391023477167e+07
3.129179777006955445e+07
3.128785947387110442e+07
3.128394853626098111e+07
3.128006448933004588e+07
3.127620688181376457e+07
3.127237527833586186e+07
3.126856925870906189e+07
3.126478841728002578e+07
3.126103236230530590e+07
3.125730071534775198e+07
3.125359311068533733e+07
3.124990919472831488e+07
3.124624862544419989e+07
3.124261107179258764e+07
3.123899621317401528e+07
3.123540373889778554e+07
3.123183334767323732e+07
3.122828474712819606e+07
3.122475765335666388e+07
3.122125179049607366e+07
3.121776689033315331e+07
3.121430269193600863e+07
3.121085894130966440e+07
3.120743539107176661e+07
3.120403180014603585e+07
3.120064793347089738e+07
3.119728356172212213e+07
3.119393846104859561e+07
3.119061241282115132e+07
3.118730520339471102e+07
3.118401662388394773e+07
3.118074646995285526e+07
3.117749454161813855e+07
3.117426064306592569e+07
3.117104458248125389e+07
3.116784617188893259e+07
3.116466522700481489e+07
3.116150156709588319e+07
3.115835501484812424e+07
3.115522539624081925e+07
3.115211254042679071e+07
3.114901627961773798e+07
3.114593644897452742e+07
3.114287288650230318e+07
3.113982543295052648e+07
3.113679393171795830e+07
3.113377822876276076e+07
3.113077817251772061e+07
3.112779361381054670e+07
3.112482440578918904e+07
3.112187040385182947e+07
3.111893146558138728e+07
3.111600745068415254e+07
3.111309822093232349e+07
3.111020364011013508e+07
3.110732357396328449e+07
3.110445789015156031e+07
3.110160645820437372e+07
3.109876914947912842e+07
3.109594583712223172e+07
3.109313639603257552e+07
3.109034070282738656e+07
3.108755863581017032e+07
3.108479007494059950e+07
3.108203490180615336e+07
3.107929299959516525e+07
3.107656425307128951e+07
3.107384854854901135e+07
3.107114577387018502e+07
3.106845581838133559e+07
3.106577857291182876e+07
3.106311392975263298e+07
3.106046178263581172e+07
3.105782202671460062e+07
3.105519455854415894e+07
3.105257927606289834e+07
3.104997607857440040e+07
