4.860514445289106667e+07
4.301609627873148769e+07
3.891128010042750835e+07
3.624875357054284960e+07
3.490150344391617924e+07
3.462362113620430231e+07
3.504876469876117259e+07
3.575697254600308090e+07
3.638886660210061073e+07
3.672831054348558933e+07
3.671066660352382064e+07
3.638151376369706541e+07
3.584542074685844034e+07
3.522486338850872964e+07
3.463245561501927674e+07
3.415359333319610357e+07
3.383669807416994870e+07
3.369004343131658435e+07
3.368543383333731443e+07
3.376877491055180132e+07
3.387575195579452813e+07
3.394858100140473992e+07
3.394898869385088980e+07
3.386412464727977663e+07
3.370500173184186220e+07
3.349945871368315071e+07
3.328258001353214681e+07
3.308725338820991293e+07
3.293680806632495299e+07
3.284090878143211454e+07
3.279516361140478402e+07
3.278415855938018858e+07
3.278687437228771299e+07
3.278286978110642731e+07
3.275749447172282636e+07
3.270482911145151407e+07
3.262786452712425590e+07
3.253628275682912767e+07
3.244279487890653685e+07
3.235921181324770302e+07
3.229331557182100043e+07
3.224725876830305159e+07
3.221774665454801545e+07
3.219774981843100488e+07
3.217907996446627006e+07
3.215496244256853312e+07
3.212182651281187311e+07
3.207986799345779046e+07
3.203238095191407204e+07
3.198423946290395409e+07
3.194011904777149856e+07
3.190304391656645387e+07
3.187366550105122104e+07
3.185039767803434283e+07
3.183024869031074643e+07
3.180998685568500683e+07
3.178721438748862594e+07
3.176100903553638980e+07
3.173198233741967380e+07
3.170181889759570733e+07
3.167252618042349443e+07
3.164568991932329908e+07
3.162198785345884413e+07
3.160109203229698911e+07
3.158193807942828536e+07
3.156321397405417264e+07
3.154386264411403984e+07
3.152341569441325963e+07
3.150206222361660749e+07
3.148046705978985131e+07
3.145944272431838140e+07
3.143961830093159527e+07
3.142122872011961788e+07
3.140408509472514689e+07
3.138770994591392204e+07
3.137156113750341907e+07
3.135524563008087128e+07
3.133864252726835385e+07
3.132190173432974145e+07
3.130533782263602316e+07
3.128927671907350421e+07
3.127392281732169539e+07
3.125929597033200786e+07
3.124525260533948988e+07
3.123156929525946826e+07
3.121804509356638417e+07
3.120457787080980837e+07
3.119118734376332164e+07
3.117798367368271947e+07
3.116510331006010249e+07
3.115264412899383157e+07
3.114062729673255980e+07
3.112899779359393567e+07
3.111765727457779646e+07
3.110651016829614341e+07
3.109550111619129777e+07
3.108462904252994061e+07
3.107393550035412610e+07
3.106347650796246529e+07
3.105329286278383061e+07
3.104339223296038061e+07
3.103374902117585763e+07
3.102431914066129178e+07
3.101506062224721909e+07
3.100594978897384554e+07
3.099698637713057548e+07
3.098818707471475750e+07
3.097957234017556161e+07
3.097115368634961173e+07
3.096292725935007632e+07
3.095487569381868839e+07
3.094697605228322744e+07
3.093920915632859990e+07
3.093156570909033716e+07
3.092404685403877124e+07
3.091665982305525616e+07
3.090941155172037333e+07
3.090230364024172723e+07
3.089533084015030041e+07
3.088848318909553811e+07
3.088175012764066830e+07
3.087512424094564468e+07
3.086860284176950157e+07
3.086218697058900818e+07
3.085587874026062340e+07
3.084967862753896415e+07
3.084358408148031309e+07
3.083758993708257750e+07
3.083169013533847407e+07
3.082587967188665643e+07
3.082015575439929962e+07
3.081451771453335136e+07
3.080896592610938847e+07
3.080350044473987818e+07
3.079812010628537834e+07
3.079282246110539138e+07
3.078760442537204176e+07
3.078246317862085253e+07
3.077739678870340809e+07
3.077240427761411667e+07
3.076748518692818284e+07
3.076263895909940451e+07
3.075786449792637676e+07
3.075316011662479490e+07
3.074852384014777467e+07
3.074395384321985394e+07
3.073944876759825647e+07
3.073500776837080345e+07
3.073063030916102231e+07
3.072631585757671669e+07
3.072206365994553268e+07
3.071787270013039187e+07
3.071374182834500819e+07
3.070966995506156981e+07
3.070565618782810122e+07
3.070169984250390902e+07
3.069780034340517968e+07
3.069395708778757975e+07
3.069016935825981572e+07
3.068643632605368644e+07
3.068275712948511913e+07
3.067913097158019245e+07
3.067555717875260860e+07
3.067203519366025925e+07
3.066856451676213741e+07
3.066514463737528771e+07
3.066177499366547167e+07
3.065845497738798708e+07
3.065518397067015618e+07
3.065196138602732122e+07
3.064878668437893316e+07
3.064565936363925785e+07
3.064257892960040644e+07
3.063954486973278224e+07
3.063655664558146149e+07
3.063361370583314821e+07
3.063071550939128548e+07
3.062786154340737686e+07
3.062505132647067308e+07
3.062228439737572148e+07
3.061956029816952348e+07
3.061687856190979853e+07
3.061423871082051843e+07
3.061164026327256858e+07
3.060908274306135997e+07
3.060656568440359086e+07
3.060408863009655476e+07
3.060165112518294528e+07
3.059925271103964001e+07
3.059689292383409292e+07
3.059457129795124382e+07
3.059228737176153064e+07
3.059004069198804349e+07
3.058783081430333108e+07
3.058565730040042847e+07
3.058351971381811798e+07
3.058141761709748209e+07
3.057935057152169570e+07
3.057731813885809481e+07
3.057531988341802359e+07
3.057335537294044718e+07
3.057142417792788893e+07
3.056952587022314221e+07
3.056766002204533666e+07
3.056582620624035597e+07
3.056402399759007245e+07
3.056225297433607280e+07
3.056051271902477369e+07
3.055880281830920279e+07
3.055712286201970279e+07
3.055547244218628109e+07
3.055385115257656574e+07
3.055225858886954933e+07
3.055069434916244447e+07
3.054915803437533602e+07
3.054764924830639362e+07
3.054616759741036594e+07
3.054471269058155641e+07
3.054328413919341192e+07
3.054188155743737519e+07
3.054050456278584898e+07
3.053915277632870898e+07
3.053782582283243909e+07
3.053652333055409417e+07
3.053524493097665533e+07
3.053399025863919780e+07
3.053275895113347471e+07
3.053155064921617880e+07
3.053036499692797661e+07
3.052920164164178446e+07
3.052806023404295743e+07
3.052694042810546979e+07
3.052584188112920523e+07
3.052476425385200232e+07
3.052370721059134230e+07
3.052267041934777796e+07
3.052165355182743073e+07
3.052065628339131922e+07
3.051967829297714308e+07
3.051871926304242387e+07
3.051777887955068052e+07
3.051685683198928088e+07
3.051595281339152530e+07
3.051506652034424245e+07
3.051419765298238024e+07
3.051334591498676687e+07
3.051251101359903440e+07
3.051169265965311974e+07
3.051089056760802120e+07
3.051010445556332171e+07
3.050933404524859414e+07
3.050857906199183315e+07
3.050783923468163610e+07
3.050711429573609680e+07
3.050640398108313978e+07
3.050570803014835715e+07
3.050502618584356084e+07
3.050435819455259293e+07
3.050370380611599237e+07
3.050306277381848544e+07
3.050243485438098013e+07
3.050181980795459822e+07
3.050121739811117202e+07
3.050062739182593301e+07
3.050004955945160612e+07
3.049948367468727753e+07
3.049892951454659551e+07
3.049838685932852328e+07
3.049785549259102345e+07
3.049733520112630725e+07
3.049682577493628860e+07
3.049632700720784068e+07
3.049583869428863376e+07
3.049536063566406071e+07
3.049489263393478096e+07
3.049443449479325116e+07
3.049398602699781954e+07
3.049354704234370217e+07
3.049311735563158244e+07
3.049269678463530540e+07
3.049228515006992966e+07
3.049188227556069568e+07
3.049148798761280626e+07
3.049110211558162421e+07
3.049072449164306000e+07
3.049035495076429099e+07
3.048999333067480475e+07
3.048963947183761001e+07
3.048929321742011234e+07
3.048895441326421499e+07
3.048862290785524994e+07
3.048829855229014903e+07
3.048798120024523884e+07
3.048767070794406161e+07
3.048736693412565067e+07
3.048706974001313746e+07
3.048677898928276077e+07
3.048649454803312570e+07
3.048621628475468233e+07
3.048594407029952109e+07
