4.320570571766130626e+07
4.080578860500329733e+07
3.990343201075945795e+07
3.989384040865489841e+07
3.993364667008764297e+07
3.968696327905049920e+07
3.918846658479931951e+07
3.857573648583989590e+07
3.798185969798045605e+07
3.749610431583019346e+07
3.714942778942067921e+07
3.691661056032900512e+07
3.673629055769860744e+07
3.654427389539034665e+07
3.630386289462839812e+07
3.601681848152586818e+07
3.571328559497271478e+07
3.543135487541162223e+07
3.519788350301312655e+07
3.501788826698725671e+07
3.487538308644474298e+07
3.474384423417700827e+07
3.460003466819390655e+07
3.443378239238806069e+07
3.424972307386796921e+07
3.406195172574260086e+07
3.388552216556140780e+07
3.372911934382712096e+07
3.359194932188476622e+07
3.346569369661264867e+07
3.333990756600941718e+07
3.320764520302814990e+07
3.306838334221725166e+07
3.292720262682251632e+07
3.279130053236613423e+07
3.266603826150668412e+07
3.255256127606230974e+07
3.244793854105328023e+07
3.234737170365826041e+07
3.224702245183081552e+07
3.214588272442406043e+07
3.204585105583666265e+07
3.195025753083860874e+07
3.186186009782922640e+07
3.178145807092427835e+07
3.170777448594579846e+07
3.163848194253085554e+07
3.157163161922331154e+07
3.150662119329569861e+07
3.144422466643224284e+07
3.138581532746254653e+07
3.133235657715890557e+07
3.128378347792825848e+07
3.123908091853203624e+07
3.119691316527338326e+07
3.115635346182621270e+07
3.111726533229653165e+07
3.108015935389444977e+07
3.104569031405977905e+07
3.101415337764459476e+07
3.098528661130531132e+07
3.095845455500265211e+07
3.093303982662909478e+07
3.090876383543531597e+07
3.088574325119274110e+07
3.086428645848648623e+07
3.084460124772251397e+07
3.082661733349929750e+07
3.081002237264793366e+07
3.079445525551367924e+07
3.077970441101360321e+07
3.076577766627134755e+07
3.075281587615694106e+07
3.074093206839779392e+07
3.073009652066283673e+07
3.072013920083900541e+07
3.071084973301739618e+07
3.070209034855300188e+07
3.069384083843727410e+07
3.068615462175350636e+07
3.067907127047233656e+07
3.067255506462096050e+07
3.066649991528899968e+07
3.066078690951861814e+07
3.065534452140463889e+07
3.065016708047378063e+07
3.064528441406723857e+07
3.064071264854479581e+07
3.063642551522475481e+07
3.063236412485697493e+07
3.062847147904341668e+07
3.062472140007526428e+07
3.062112053118568286e+07
3.061768603208812699e+07
3.061441993832252175e+07
3.061130049770771712e+07
3.060829443673472106e+07
3.060537713090829551e+07
3.060254347468772158e+07
3.059980227875921875e+07
3.059716121578448266e+07
3.059461577006648481e+07
3.059215032073693350e+07
3.058974843455313146e+07
3.058740246056082845e+07
3.058511468007497862e+07
3.058289043305973709e+07
3.058073019474758953e+07
3.057862734005398303e+07
3.057657252874340862e+07
3.057455995709856600e+07
3.057258990270169452e+07
3.057066599183718115e+07
3.056879032881884649e+07
3.056696093587326258e+07
3.056517326179838926e+07
3.056342374475693703e+07
3.056171197547473386e+07
3.056003978936757520e+07
3.055840857270000502e+07
3.055681743183080852e+07
3.055526369259539992e+07
3.055374490423355252e+07
3.055226032183944061e+07
3.055081063256331906e+07
3.054939645915500075e+07
3.054801718299806863e+07
3.054667108800835535e+07
3.054535646768284589e+07
3.054407252268021926e+07
3.054281926352821663e+07
3.054159667825653031e+07
3.054040406184147671e+07
3.053924010818012804e+07
3.053810355754070729e+07
3.053699370648283139e+07
3.053591032729766890e+07
3.053485317064374685e+07
3.053382158721136302e+07
3.053281460176873207e+07
3.053183128798007593e+07
3.053087103205082938e+07
3.052993345042209327e+07
3.052901810071268678e+07
3.052812430317269638e+07
3.052725123071119934e+07
3.052639813780500740e+07
3.052556448375384882e+07
3.052474984879758954e+07
3.052395376095126942e+07
3.052317561886326224e+07
3.052241476950933784e+07
3.052167063601125777e+07
3.052094275907727331e+07
3.052023072570803016e+07
3.051953407708420604e+07
3.051885229333716258e+07
3.051818485856303945e+07
3.051753132697848976e+07
3.051689132264590263e+07
3.051626448381731287e+07
3.051565041735652462e+07
3.051504870704482496e+07
3.051445895664293692e+07
3.051388081616910547e+07
3.051331396647982672e+07
3.051275808535518870e+07
3.051221283398333192e+07
3.051167787482862920e+07
3.051115289687835425e+07
3.051063762032292783e+07
3.051013177897435427e+07
3.050963510241481289e+07
3.050914731626325101e+07
3.050866815643990040e+07
3.050819737912178785e+07
3.050773475603276864e+07
3.050728006249384582e+07
3.050683307235685736e+07
3.050639356410074234e+07
3.050596132943975925e+07
3.050553617442322522e+07
3.050511791281608865e+07
3.050470635995658487e+07
3.050430133330614492e+07
3.050390265746928751e+07
3.050351016697429493e+07
3.050312370386083052e+07
3.050274311352311820e+07
3.050236824368434399e+07
3.050199894705042988e+07
3.050163508393532783e+07
3.050127652176289260e+07
3.050092313234686479e+07
3.050057479016110674e+07
3.050023137311127782e+07
3.049989276422329620e+07
3.049955885193252563e+07
3.049922952871553600e+07
3.049890468980143219e+07
3.049858423333483189e+07
3.049826806145108864e+07
3.049795608074339479e+07
3.049764820154198259e+07
3.049734433688088506e+07
3.049704440222446993e+07
3.049674831595183164e+07
3.049645599972703308e+07
3.049616737819741666e+07
3.049588237838131934e+07
3.049560092943275720e+07
3.049532296291359514e+07
3.049504841307440400e+07
3.049477721670920029e+07
3.049450931271873415e+07
3.049424464183089137e+07
3.049398314665730298e+07
3.049372477183588594e+07
3.049346946396352351e+07
3.049321717134516686e+07
3.049296784381804988e+07
3.049272143278211355e+07
3.049247789129505306e+07
3.049223717403230071e+07
3.049199923710593581e+07
3.049176403790491447e+07
3.049153153506290913e+07
3.049130168848779052e+07
3.049107445932996273e+07
3.049084980987407267e+07
3.049062770344527438e+07
3.049040810439335182e+07
3.049019097811170667e+07
3.048997629101097584e+07
3.048976401043490320e+07
3.048955410457798094e+07
3.048934654245110601e+07
3.048914129387483001e+07
3.048893832945344597e+07
3.048873762052114308e+07
3.048853913909452409e+07
3.048834285785517469e+07
3.048814875014550984e+07
3.048795678994680196e+07
3.048776695183537528e+07
3.048757921094068885e+07
3.048739354292244464e+07
3.048720992395790666e+07
3.048702833072199300e+07
3.048684874035872519e+07
3.048667113045737147e+07
3.048649547904054821e+07
3.048632176455569640e+07
3.048614996585846692e+07
3.048598006218858063e+07
3.048581203314820677e+07
3.048564585868800804e+07
3.048548151909640804e+07
3.048531899498588592e+07
3.048515826727755368e+07
3.048499931718901917e+07
3.048484212622688711e+07
3.048468667617903277e+07
3.048453294910334423e+07
3.048438092731432617e+07
3.048423059337185323e+07
3.048408193007288873e+07
3.048393492044394091e+07
3.048378954773256555e+07
3.048364579539918154e+07
3.048350364711085334e+07
3.048336308673638850e+07
3.048322409834068269e+07
3.048308666617758572e+07
3.048295077468262613e+07
3.048281640846707672e+07
3.048268355231298879e+07
3.048255219116844237e+07
3.048242231014266238e+07
3.048229389450183883e+07
3.048216692966578901e+07
3.048204140120476857e+07
3.048191729483567923e+07
3.048179459641793743e+07
3.048167329194961488e+07
3.048155336756423116e+07
3.048143480952786654e+07
3.048131760423633829e+07
3.048120173821265250e+07
3.048108719810483232e+07
3.048097397068397701e+07
3.048086204284218699e+07
3.048075140159021318e+07
3.048064203405513614e+07
3.048053392747834325e+07
3.048042706921369955e+07
3.048032144672587514e+07
3.048021704758878797e+07
3.048011385948422551e+07
3.048001187020066381e+07
