4.928960948371386528e+07
4.444640314158335328e+07
4.047117679103638232e+07
3.735158893393281102e+07
3.504871027014642954e+07
3.348678951406391710e+07
3.254763355536008626e+07
3.207886277834301069e+07
3.191757011472971737e+07
3.191571003620652482e+07
3.195430347868809476e+07
3.194729190105567127e+07
3.184062846647623926e+07
3.160912126405790448e+07
3.125160118910569698e+07
3.078499039618545026e+07
3.023805898497075215e+07
2.964554065871556848e+07
2.904301211488601193e+07
2.846272202659091353e+07
2.793044381372804940e+07
2.746339771582295373e+07
2.706929038786413893e+07
2.674650438691599667e+07
2.648540164148336649e+07
2.627057775924409926e+07
2.608374552897809446e+07
2.590679213223951310e+07
2.572450586957580596e+07
2.552653752027176693e+07
2.530833410014399141e+07
2.507100365415765718e+07
2.482027253813136369e+07
2.456483414393737912e+07
2.431444494214594364e+07
2.407811045081948489e+07
2.386264134415455908e+07
2.367176802856735513e+07
2.350589515626000613e+07
2.336246718737955391e+07
2.323681547370399535e+07
2.312328207652457058e+07
2.301638089722695947e+07
2.291177096088803560e+07
2.280687610344027728e+07
2.270107395225697756e+07
2.259547224367253855e+07
2.249237047587256134e+07
2.239455498951067775e+07
2.230459024372819811e+07
2.222425053041636944e+07
2.215419205850169063e+07
2.209390572773842514e+07
2.204192820162653551e+07
2.199623568119037896e+07
2.195471201179798320e+07
2.191557700491704792e+07
2.187768212655934319e+07
2.184062202298317850e+07
2.180465980369795114e+07
2.177050844673198462e+07
2.173903964324473590e+07
2.171099956792656332e+07
2.168679899988915026e+07
2.166641832852755114e+07
2.164943456299578398e+07
2.163514644476621598e+07
2.162275252798648924e+07
2.161152984431075305e+07
2.160096772886268795e+07
2.159082907387102395e+07
2.158113379716353863e+07
2.157208019190172106e+07
2.156393382272057980e+07
2.155691798151046410e+07
2.155113451779323444e+07
2.154653170195353404e+07
2.154292077135529369e+07
2.154002933927517384e+07
2.153757139490440115e+07
2.153531190321360528e+07
2.153310866613178700e+07
2.153092300658949465e+07
2.152880089752607793e+07
2.152683434170639142e+07
2.152511701375938207e+07
2.152370773664772511e+07
2.152261105696980655e+07
2.152177780683654919e+07
2.152112225367944688e+07
2.152054807928641886e+07
2.151997400950085372e+07
2.151935143637472391e+07
2.151866995691829920e+07
2.151795102275541425e+07
2.151723346494672447e+07
2.151655654820396379e+07
2.151594608842411265e+07
2.151540736739869416e+07
2.151492589824864641e+07
2.151447449331863970e+07
2.151402336222255230e+07
2.151354953325625882e+07
2.151304269355153665e+07
2.151250614447115362e+07
2.151195333905611187e+07
2.151140181492373347e+07
2.151086688903364539e+07
2.151035718152851611e+07
2.150987311133512110e+07
2.150940835351099074e+07
2.150895327999063581e+07
2.150849891156551987e+07
2.150803997959627956e+07
2.150757622052391991e+07
2.150711175986023247e+07
2.150665310734702647e+07
2.150620666875243187e+07
2.150577669658284634e+07
2.150536430316402763e+07
2.150496769582835212e+07
2.150458334946699440e+07
2.150420755604289845e+07
2.150383775251117721e+07
2.150347320402459055e+07
2.150311491381745040e+07
2.150276492318303138e+07
2.150242535246807337e+07
2.150209756748635322e+07
2.150178174774951115e+07
2.150147694419617578e+07
2.150118152471792698e+07
2.150089378355337307e+07
2.150061246871518344e+07
2.150033705191904679e+07
2.150006768785933405e+07
2.149980493139892071e+07
2.149954935808534175e+07
2.149930124446891993e+07
2.149906041646508500e+07
2.149882629375281930e+07
2.149859808074677736e+07
2.149837500832138956e+07
2.149815652746927366e+07
2.149794239057824388e+07
2.149773260901230201e+07
2.149752732422795892e+07
2.149732665611366928e+07
2.149713059014632553e+07
2.149693893974023312e+07
2.149675138520980626e+07
2.149656756105984002e+07
2.149638714943071455e+07
2.149620994224391133e+07
2.149603585305607319e+07
2.149586488242035359e+07
2.149569705807883665e+07
2.149553237757324427e+07
2.149537077524409443e+07
2.149521212224748731e+07
2.149505625368954241e+07
2.149490300721645728e+07
2.149475225550470501e+07
2.149460392053382471e+07
2.149445796691117436e+07
2.149431438043195009e+07
2.149417314298351482e+07
2.149403421450581402e+07
2.149389752803803980e+07
2.149376299752845615e+07
2.149363053292898834e+07
2.149350005505139753e+07
2.149337150405333191e+07
2.149324483910752460e+07
2.149312003088320419e+07
2.149299705118104815e+07
2.149287586451022699e+07
2.149275642476839945e+07
2.149263867750828341e+07
2.149252256584618241e+07
2.149240803686883301e+07
2.149229504572661966e+07
2.149218355606822670e+07
2.149207353726132214e+07
2.149196496014042944e+07
2.149185779335464537e+07
2.149175200177430734e+07
2.149164754727812484e+07
2.149154439115911722e+07
2.149144249681774899e+07
2.149134183151474223e+07
2.149124236657643318e+07
2.149114407622469217e+07
2.149104693577500433e+07
2.149095092009414732e+07
2.149085600293974578e+07
2.149076215730658919e+07
2.149066935643688962e+07
2.149057757491641864e+07
2.149048678934020549e+07
2.149039697831352800e+07
2.149030812189212069e+07
2.149022020079948381e+07
2.149013319580119103e+07
2.149004708747958392e+07
2.148996185642911121e+07
2.148987748369857296e+07
2.148979395122450963e+07
2.148971124204870313e+07
2.148962934024749696e+07
2.148954823064546660e+07
2.148946789847243577e+07
2.148938832912164927e+07
2.148930950809287652e+07
2.148923142110443115e+07
2.148915405428289622e+07
2.148907739431972057e+07
2.148900142851901054e+07
2.148892614472567290e+07
2.148885153118133917e+07
2.148877757638199627e+07
2.148870426899755001e+07
2.148863159787451476e+07
2.148855955210003257e+07
2.148848812108054757e+07
2.148841729458975792e+07
2.148834706276329607e+07
2.148827741604714841e+07
2.148820834512786567e+07
2.148813984087669104e+07
2.148807189432747290e+07
2.148800449668859318e+07
2.148793763937306404e+07
2.148787131402481347e+07
2.148780551252542809e+07
2.148774022697792947e+07
2.148767544967626780e+07
2.148761117307497561e+07
2.148754738977076113e+07
2.148748409250029176e+07
2.148742127414965630e+07
2.148735892776609585e+07
2.148729704656338692e+07
2.148723562391677499e+07
2.148717465334946662e+07
2.148711412851662561e+07
2.148705404319297522e+07
2.148699439126736298e+07
2.148693516674373671e+07
2.148687636374475062e+07
2.148681797651384026e+07
2.148675999941319227e+07
2.148670242691756785e+07
2.148664525360631943e+07
2.148658847415640950e+07
2.148653208333839476e+07
2.148647607601550967e+07
2.148642044714450091e+07
2.148636519177611172e+07
2.148631030505391955e+07
2.148625578221114725e+07
2.148620161856631935e+07
2.148614780951913446e+07
2.148609435054748878e+07
2.148604123720604181e+07
2.148598846512568742e+07
2.148593603001318127e+07
2.148588392765010521e+07
2.148583215389103070e+07
2.148578070466113836e+07
2.148572957595388591e+07
2.148567876382922381e+07
2.148562826441250741e+07
2.148557807389385253e+07
2.148552818852761388e+07
2.148547860463152826e+07
2.148542931858549267e+07
2.148538032683003694e+07
2.148533162586482242e+07
2.148528321224731207e+07
2.148523508259181678e+07
2.148518723356876895e+07
2.148513966190402582e+07
2.148509236437810585e+07
2.148504533782530576e+07
2.148499857913263142e+07
2.148495208523884416e+07
2.148490585313355178e+07
2.148485987985648215e+07
2.148481416249688715e+07
2.148476869819291681e+07
2.148472348413097486e+07
2.148467851754496992e+07
2.148463379571552575e+07
2.148458931596920639e+07
2.148454507567776740e+07
2.148450107225750387e+07
2.148445730316865444e+07
2.148441376591479033e+07
2.148437045804223418e+07
