1.640491777895784378e+08
1.575041222865043879e+08
1.510325164076710939e+08
1.446407389466794133e+08
1.383351671900690794e+08
1.321221590093332827e+08
1.260080330761869252e+08
1.199990472842642516e+08
1.141013754802461267e+08
1.083210826273536980e+08
1.026640985441052318e+08
9.713619038114911318e+07
9.174293402560418844e+07
8.648968459610077739e+07
8.138154634406006336e+07
7.642334208170208335e+07
7.161958434275826812e+07
6.697443744123738259e+07
6.249169823246876895e+07
5.817475948710663617e+07
5.402658330161195248e+07
5.004967413668058068e+07
4.624605361759786308e+07
4.261723746373084188e+07
3.916421492197030038e+07
3.588743108281683177e+07
3.278677245711165667e+07
2.986155618520166725e+07
2.711052323758984357e+07
2.453183594582641125e+07
2.212308017353215814e+07
1.988127239908362925e+07
1.780287193286638334e+07
1.588379843258014880e+07
1.411945480966112763e+07
1.250475553868433274e+07
1.103416029034470208e+07
9.701712708581199870e+06
8.501084045524006709e+06
7.425621256771253422e+06
6.468399047220995650e+06
5.622275248025672510e+06
4.879948802362143062e+06
4.234019546032234095e+06
3.677048892874890938e+06
3.201620478483272716e+06
2.800399785475088283e+06
2.466191760245106649e+06
2.191995466178721748e+06
1.971054856603255263e+06
1.796904839073987445e+06
1.663411905988181476e+06
1.564808736222106498e+06
1.495722320036142832e+06
1.451195319768856280e+06
1.426700545648581814e+06
1.418148592935116030e+06
1.421888847225372214e+06
1.434704213251582580e+06
1.453800053794706939e+06
1.476787935388292652e+06
1.501664863452374935e+06
1.526788749789574649e+06
1.550850889659652021e+06
1.572846234739116393e+06
1.592042233980674762e+06
1.607946979323511943e+06
1.620277340558687225e+06
1.628927706968472805e+06
1.633939876321200281e+06
1.635474548056036700e+06
1.633784790475418791e+06
1.629191764594264096e+06
1.622062902686212678e+06
1.612792659771882230e+06
1.601785883090731455e+06
1.589443779292636085e+06
1.576152402539079543e+06
1.562273539370354963e+06
1.548137828172533074e+06
1.534039922159569338e+06
1.520235484519503545e+06
1.506939792113959789e+06
1.494327719081552234e+06
1.482534872999945190e+06
1.471659662978073116e+06
1.461766090234786738e+06
1.452887066443702905e+06
1.445028082497159718e+06
1.438171069535214920e+06
1.432278314342904370e+06
1.427296311867790297e+06
1.423159458067357540e+06
1.419793506070001284e+06
1.417118727323697880e+06
1.415052736699645175e+06
1.413512956183882197e+06
1.412418705674041528e+06
1.411692921415560879e+06
1.411263512736978941e+06
1.411064376004662830e+06
1.411036091183994431e+06
1.411126331172646489e+06
1.411290017294944031e+06
1.411489256167192943e+06
1.411693093727889936e+06
1.411877121746327262e+06
1.412022970752366818e+06
1.412117721239962848e+06
1.412153262351571582e+06
1.412125624204041436e+06
1.412034306710910983e+06
1.411881624319053488e+06
1.411672082621966256e+06
1.411411799434439279e+06
1.411107979694642127e+06
1.410768450564645231e+06
1.410401260378797306e+06
1.410014342676361091e+06
1.409615244472332299e+06
1.409210916178271640e+06
1.408807559182414785e+06
1.408410526025237981e+06
1.408024267345356755e+06
1.407652319297081558e+06
1.407297324926573783e+06
1.406961083006370813e+06
1.406644618034065003e+06
1.406348265465579927e+06
1.406071766742203152e+06
1.405814369250359247e+06
1.405574926992755383e+06
1.405351998420665972e+06
1.405143938554352848e+06
1.404948983180096839e+06
1.404765323539802106e+06
1.404591170508099720e+06
1.404424807771326974e+06
1.404264633975338889e+06
1.404109194190411130e+06
1.403957201350238640e+06
1.403807548559332732e+06
1.403659313332216581e+06
1.403511754933763761e+06
1.403364306039094925e+06
1.403216559930860065e+06
1.403068254409349523e+06
1.402919253514579497e+06
1.402769528057307936e+06
1.402619135835397290e+06
1.402468202280081110e+06
1.402316902139919112e+06
1.402165442674012389e+06
1.402014048695157282e+06
1.401862949681702070e+06
1.401712369066921296e+06
1.401562515718613286e+06
1.401413577540703351e+06
1.401265717063247226e+06
1.401119068837339990e+06
1.400973738416297594e+06
1.400829802683047950e+06
1.400687311274500564e+06
1.400546288855121704e+06
1.400406738002304686e+06
1.400268642483524978e+06
1.400131970727976877e+06
1.399996679321708158e+06
1.399862716383581981e+06
1.399730024708441924e+06
1.399598544592293212e+06
1.399468216281309957e+06
1.399338982011129148e+06
1.399210787624762859e+06
1.399083583776083542e+06
1.398957326741080265e+06
1.398831978870916180e+06
1.398707508729326073e+06
1.398583890962302685e+06
1.398461105950638652e+06
1.398339139296055306e+06
1.398217981189787388e+06
1.398097625708966982e+06
1.397978070081432816e+06
1.397859313953989884e+06
1.397741358693113085e+06
1.397624206740865018e+06
1.397507861042700475e+06
1.397392324558087625e+06
1.397277599859619979e+06
1.397163688821728108e+06
1.397050592396209249e+06
1.396938310468693031e+06
1.396826841787830461e+06
1.396716183957360685e+06
1.396606333480298053e+06
1.396497285844137426e+06
1.396389035636175191e+06
1.396281576678648591e+06
1.396174902174340095e+06
