9.425350498189190626e+08
8.723982449889237881e+08
8.052007525547134876e+08
7.411017579986374378e+08
6.802303798392531872e+08
6.226980976357311010e+08
5.686089389610482454e+08
5.180605920009029508e+08
4.711358571272772551e+08
4.278950538597910404e+08
3.883713636082671285e+08
3.525664892197982669e+08
3.204495368940089941e+08
2.919573247890783548e+08
2.669914876340706348e+08
2.454157355776038170e+08
2.270566490751973391e+08
2.117058096255746484e+08
2.007881916132224798e+08
1.917848394406473041e+08
1.843521339093839228e+08
1.782946379511103332e+08
1.734175448393938243e+08
1.695303816068575978e+08
1.664507017669466436e+08
1.640075685569631457e+08
1.620446422949627340e+08
1.604227275446496010e+08
1.590216131893088520e+08
1.577411780096758008e+08
1.565017065722929835e+08
1.552434556792990863e+08
1.539255451001943648e+08
1.525242699650369883e+08
1.510309787513309717e+08
1.494496322921047509e+08
1.477941961171904802e+08
1.460859960912135839e+08
1.443511511045230627e+08
1.426181839468291104e+08
1.409158939797066152e+08
1.392690133057611883e+08
1.376919989431071579e+08
1.362102052140001059e+08
1.348439555515950620e+08
1.336077620057751685e+08
1.325100033672662377e+08
1.315530219476662427e+08
1.307335780423869193e+08
1.300435901640416980e+08
1.294710791584349871e+08
1.290012349767136574e+08
1.286175244760982394e+08
1.283027660462372303e+08
1.280401099519519210e+08
1.278138748387129605e+08
1.276102028410593867e+08
1.274175195762450248e+08
1.272267928308052421e+08
1.270315979408900887e+08
1.268280151634164900e+08
1.266143852096117288e+08
1.263909637426961660e+08
1.261595027588472515e+08
1.259228049559161067e+08
1.256842811724764407e+08
1.254475401803782284e+08
1.252160357236092091e+08
1.249927844852066189e+08
1.247801671375289112e+08
1.245798096709283590e+08
1.243925475981162786e+08
1.242184549570596069e+08
1.240569344480173290e+08
1.239068467860440910e+08
1.237666633522691131e+08
1.236346307081335485e+08
1.235089283478789479e+08
1.233878098879600465e+08
1.232697179100342989e+08
1.231533680578715205e+08
1.230377989472320229e+08
1.229223894647643119e+08
1.228068474037580490e+08
1.226911712656892240e+08
1.225755991866983026e+08
1.224605424782031327e+08
1.223465177324278653e+08
1.222340814681709856e+08
1.221237708578141928e+08
1.220160567908950150e+08
1.219113112003522664e+08
1.218097847369430512e+08
1.217116032629015148e+08
1.216167720419777334e+08
1.215251915834559798e+08
1.214366795958144069e+08
1.213510007568424642e+08
1.212678763717414141e+08
1.211870342694449127e+08
1.211082130770604312e+08
1.210311876149558723e+08
1.209557773849624097e+08
1.208818088900389373e+08
1.208092043885483742e+08
1.207379095669973791e+08
1.206679038440613002e+08
1.205991908523298949e+08
1.205317880673671365e+08
1.204657171478847861e+08
1.204009953685087860e+08
1.203376291402113438e+08
1.202756097930583358e+08
1.202149117169549167e+08
1.201554926350514442e+08
1.200972956963098347e+08
1.200402528569330871e+08
1.199842890250524133e+08
1.199293264315927476e+08
1.198752887260561883e+08
1.198221045841687173e+08
1.197697101613435000e+08
1.197180508169314861e+08
1.196670826891947687e+08
1.196167688334553242e+08
1.195670823341401219e+08
1.195180035049494207e+08
1.194695171740268618e+08
1.194216112930022478e+08
1.193742751680754572e+08
1.193274980300121307e+08
1.192812679915133119e+08
1.192355714369754344e+08
1.191903928401124775e+08
1.191457149727842957e+08
1.191015190753578246e+08
1.190577859326073229e+08
1.190144962312161326e+08
1.189716313043013513e+08
1.189291736921838969e+08
1.188871075704188049e+08
1.188454190267563909e+08
1.188040957653118372e+08
1.187631835438243747e+08
1.187226249735788107e+08
1.186824051484486163e+08
1.186425175379665196e+08
1.186029560465494990e+08
1.185637150231150389e+08
1.185247888303068876e+08
1.184861717394140959e+08
1.184478541791159213e+08
1.184098378196807206e+08
1.183721120919457376e+08
1.183346712013527751e+08
1.182975090727534145e+08
1.182606199099275321e+08
1.182239987778497040e+08
1.181876395781145245e+08
1.181515382589818388e+08
1.181156907311661541e+08
1.180800933803083003e+08
1.180447435433444083e+08
1.180096378979525119e+08
1.179747741652825177e+08
1.179401495214034915e+08
1.179057610724341273e+08
1.178716066971702427e+08
1.178376849910520017e+08
1.178039950402075052e+08
1.177705335975913256e+08
1.177372989273663759e+08
1.177042883320102096e+08
1.176715003519606590e+08
1.176389340296518505e+08
1.176065878908960223e+08
1.175744597541339099e+08
1.175425489834539145e+08
1.175108538749058098e+08
1.174793739121902883e+08
1.174481076108133048e+08
1.174170543909965456e+08
1.173862147258627415e+08
1.173555848691011965e+08
1.173251655376775265e+08
1.172949559584639519e+08
1.172649553708851635e+08
1.172351630765312016e+08
1.172055782296165377e+08
1.171762001530869901e+08
1.171470281307974160e+08
1.171180614623695612e+08
1.170892994647755623e+08
1.170607414728557318e+08
1.170323868386061192e+08
1.170042349292927086e+08
1.169762851246230304e+08
1.169485368133174181e+08
1.169209893894669265e+08
1.168936422490456998e+08
1.168664947868787944e+08
1.168395463942659497e+08
1.168127964573505521e+08
1.167862444742558897e+08
1.167598893392816186e+08
1.167337310237656832e+08
1.167077686471660435e+08
1.166820015660797954e+08
1.166564291323032379e+08
1.166310506930637211e+08
1.166058655909973532e+08
1.165808731638670862e+08
1.165560727440602183e+08
1.165314636579342782e+08
1.165070452250974774e+08
1.164828167577081323e+08
1.164587775598668754e+08
1.164349269271530658e+08
1.164112641463319808e+08
1.163877884952343702e+08
1.163644992427882850e+08
1.163413956491688490e+08
1.163184769660228491e+08
1.162957424367266893e+08
1.162731912966403365e+08
1.162508227733314782e+08
1.162286360867550671e+08
1.162066304493860304e+08
1.161848050935665071e+08
1.161631591623998731e+08
1.161416918738177717e+08
1.161204024111453891e+08
1.160992900830035359e+08
1.160783537924835682e+08
1.160575928364087790e+08
1.160370063700790703e+08
1.160165936999576092e+08
1.159963536546694636e+08
1.159762855295109153e+08
1.159563884563624859e+08
1.159366615617259592e+08
1.159171039669518471e+08
1.158977147884497494e+08
1.158784931378826201e+08
1.158594381223476678e+08
1.158405488445483148e+08
1.158218244240625948e+08
1.158032640384909362e+08
1.157848665870818943e+08
1.157666312282608747e+08
1.157485570370686650e+08
1.157306431171071082e+08
1.157128886172468215e+08
1.156952926248479486e+08
1.156778539943735600e+08
1.156605718974321783e+08
1.156434454278941453e+08
1.156264736743170619e+08
1.156096556491357982e+08
1.155929904367939085e+08
1.155764770954406261e+08
1.155601146816629767e+08
1.155439022506453246e+08
1.155278388563277274e+08
1.155119235515629500e+08
1.154961553882727474e+08
1.154805334176025093e+08
1.154650566900743842e+08
1.154497242557375431e+08
1.154345351643158346e+08
1.154194884653516114e+08
1.154045832083461881e+08
1.153898184428960085e+08
1.153751932188253701e+08
1.153607065863152742e+08
1.153463575960294306e+08
1.153321452992368490e+08
1.153180687479323447e+08
1.153041269949543476e+08
1.152903190941007882e+08
1.152766441002429426e+08
1.152631010694372356e+08
1.152496890590349287e+08
1.152364071277897656e+08
1.152232543359634280e+08
1.152102297454286516e+08
1.151973324197700471e+08
1.151845614243828058e+08
1.151719158265688419e+08
1.151593946956310272e+08
1.151469971029651016e+08
1.151347221221495867e+08
1.151225688290336728e+08
1.151105363022634387e+08
1.150986236216261387e+08
1.150868298707102984e+08
1.150751541352865100e+08
1.150635955038057268e+08
1.150521530674749911e+08
1.150408259203315675e+08
