3.659138748394733667e+08
3.297331507217218876e+08
2.980489429111951590e+08
2.709716808943573236e+08
2.484981160372486711e+08
2.304567157385346293e+08
2.164563824339622855e+08
2.058789256431334317e+08
1.979561675070497096e+08
1.919129229253978729e+08
1.870908548941621184e+08
1.829940752493374348e+08
1.792732186275258064e+08
1.756910039890186191e+08
1.720940692929328084e+08
1.683953563639255166e+08
1.645632341322213113e+08
1.606437789169036746e+08
1.566637942288280427e+08
1.526869144131687284e+08
1.488065590467960238e+08
1.451201488781632483e+08
1.417176201205553114e+08
1.386716105747565925e+08
1.360301680809943080e+08
1.338126043808054328e+08
1.320088106389132887e+08
1.305819785357719213e+08
1.294742687243409157e+08
1.286145989081488699e+08
1.279274298562705964e+08
1.273413088090203702e+08
1.267960105406107306e+08
1.262474072272065431e+08
1.256696195766219646e+08
1.250529904899892360e+08
1.244029088448974043e+08
1.237371015963892937e+08
1.230788836754420251e+08
1.224519856652415693e+08
1.218761987263803184e+08
1.213643512658762783e+08
1.209208821649785191e+08
1.205420006837875247e+08
1.202172096673672944e+08
1.199317606884153485e+08
1.196695266070649922e+08
1.194157579230300188e+08
1.191592722523378879e+08
1.188937724644934982e+08
1.186181786007582843e+08
1.183360386385564208e+08
1.180542380530300140e+08
1.177813187982217073e+08
1.175257469231335819e+08
1.172944318878634423e+08
1.170917179349019229e+08
1.169189572153108716e+08
1.167746566628806591e+08
1.166550913435695022e+08
1.165552084066121280e+08
1.164696151173858643e+08
1.163934597585391104e+08
1.163230612615100443e+08
1.162562079708625376e+08
1.161921244408597499e+08
1.161311656288138032e+08
1.160743433463560939e+08
1.160228068705463409e+08
1.159773911419933438e+08
1.159383145544001162e+08
1.159050684918746650e+08
1.158764930550604463e+08
1.158509969993307590e+08
1.158268550399769843e+08
1.158025085121378303e+08
1.157768047646970749e+08
1.157491317188786864e+08
1.157194332665576339e+08
1.156881167499736100e+08
1.156558866315863729e+08
1.156235485654265881e+08
1.155918283648360670e+08
1.155612412138596773e+08
1.155320292199370414e+08
1.155041700484623015e+08
1.154774415259235948e+08
1.154515183690488487e+08
1.154260734842673242e+08
1.154008597561085820e+08
1.153757566056446582e+08
1.153507763093005121e+08
1.153260352495350838e+08
1.153017032982446551e+08
1.152779462886311263e+08
1.152548782391988933e+08
1.152325328708720952e+08
1.152108591698327363e+08
1.151897387870326638e+08
1.151690176631570607e+08
1.151485427820803076e+08
1.151281940898941755e+08
1.151079042491114289e+08
1.150876637693086565e+08
1.150675121694582999e+08
1.150475195203153044e+08
1.150277642831091583e+08
1.150083137454035133e+08
1.149892108512337506e+08
1.149704697440711260e+08
1.149520799038895369e+08
1.149340156518530548e+08
1.149162478151059449e+08
1.148987539598020017e+08
1.148815246476549506e+08
1.148645646634061933e+08
1.148478896974353343e+08
1.148315201332002282e+08
1.148154742093696892e+08
1.147997621128144413e+08
1.147843836045921594e+08
1.147693279589284062e+08
1.147545769451466799e+08
1.147401092123743594e+08
1.147259047780454755e+08
1.147119484209173322e+08
1.146982312791075408e+08
1.146847504534684122e+08
1.146715072809659094e+08
1.146585047388609201e+08
1.146457450474101901e+08
1.146332280340937972e+08
1.146209505952852219e+08
1.146089072038351148e+08
1.145970911155034304e+08
1.145854957811753750e+08
1.145741159940510988e+08
1.145629484583939314e+08
1.145519916914058328e+08
1.145412453853030503e+08
1.145307095002208352e+08
1.145203833986057341e+08
1.145102652723236680e+08
1.145003519880131632e+08
1.144906393322500587e+08
1.144811225220562071e+08
1.144717967888777256e+08
1.144626578536220193e+08
1.144537021757414341e+08
1.144449269312959313e+08
1.144363298094353080e+08
1.144279086849408597e+08
1.144196613215952218e+08
1.144115851828411222e+08
1.144036773925411254e+08
1.143959348312365115e+08
1.143883543122105896e+08
1.143809327651847452e+08
1.143736673648746610e+08
1.143665555741001070e+08
1.143595950752881169e+08
1.143527836855637580e+08
1.143461192244831026e+08
1.143395993661347926e+08
1.143332216709451526e+08
1.143269835462928116e+08
1.143208823187782764e+08
1.143149153122884631e+08
1.143090799171600193e+08
1.143033736302639693e+08
1.142977940589460731e+08
1.142923388949465603e+08
1.142870058733023405e+08
1.142817927335615158e+08
1.142766971967264712e+08
1.142717169635467231e+08
1.142668497313886881e+08
1.142620932208748609e+08
1.142574452014831305e+08
1.142529037196608484e+08
1.142484680027323216e+08
1.142441327749483883e+08
1.142398976599471867e+08
1.142357607409396321e+08
1.142317200450254381e+08
1.142277736056709588e+08
1.142239194676123559e+08
1.142201556966103315e+08
1.142164803897316754e+08
1.142128916824361384e+08
1.142093877914503664e+08
1.142059668482126892e+08
1.142026271386480331e+08
1.141993669333317727e+08
1.141961845243870616e+08
1.141930782245938182e+08
1.141900463694417924e+08
1.141870873208563924e+08
1.141841994709096551e+08
1.141813812440974712e+08
1.141786310975093842e+08
1.141759475190842748e+08
1.141733290248024166e+08
1.141707741559002995e+08
1.141682814769968092e+08
1.141658495755305886e+08
1.141634770623580813e+08
1.141611625729624629e+08
1.141589047685996294e+08
1.141567023368547857e+08
1.141545539914030433e+08
1.141524584711080790e+08
1.141504145573633611e+08
1.141484209983689189e+08
1.141464766214710623e+08
1.141445802564794123e+08
1.141427307558326423e+08
1.141409269946546406e+08
1.141391678709836304e+08
1.141374523057002127e+08
1.141357792421253026e+08
1.141341476453880221e+08
1.141325565017329454e+08
1.141310048179270923e+08
1.141294916208597422e+08
1.141280159573359042e+08
1.141265768939882666e+08
1.141251735171998292e+08
1.141238049329452515e+08
1.141224702665078789e+08
1.141211686620877981e+08
1.141198992823580652e+08
1.141186613080379665e+08
1.141174539375347495e+08
1.141162763866696805e+08
1.141151278884688020e+08
1.141140076929764599e+08
1.141129150670488179e+08
1.141118492866739929e+08
1.141108096663142443e+08
1.141097955141877234e+08
1.141088061614595056e+08
1.141078409545561075e+08
1.141068992548823953e+08
1.141059804385701120e+08
1.141050838962433040e+08
1.141042090327828079e+08
1.141033552670768648e+08
1.141025220317533910e+08
1.141017087729000151e+08
1.141009149497824460e+08
1.141001400345729291e+08
1.140993835120942742e+08
1.140986448795805871e+08
1.140979236464481056e+08
1.140972193340693861e+08
1.140965314755442142e+08
1.140958597327111810e+08
1.140952034268365502e+08
1.140945622421122491e+08
1.140939357561783493e+08
1.140933235572295338e+08
1.140927252437974513e+08
1.140921404245396554e+08
1.140915687180317491e+08
1.140910097525602281e+08
1.140904631659151018e+08
1.140899286051827520e+08
1.140894057265404165e+08
1.140888941950552464e+08
1.140883936844881922e+08
1.140879038771034926e+08
1.140874244634828269e+08
1.140869551423425674e+08
1.140864956203533411e+08
1.140860456119610518e+08
1.140856048392097950e+08
1.140851730315671563e+08
1.140847499257530868e+08
1.140843352655725479e+08
1.140839288017517477e+08
1.140835302917782962e+08
1.140831394997439682e+08
1.140827561961900443e+08
1.140823801579549015e+08
1.140820111680239439e+08
1.140816490153822601e+08
1.140812934948702902e+08
1.140809444070426375e+08
1.140806015580299795e+08
1.140802647594039887e+08
1.140799338280446976e+08
1.140796085860106051e+08
1.140792888604107499e+08
1.140789744832795113e+08
1.140786652914538532e+08
1.140783611264528036e+08
1.140780618343601823e+08
1.140777672657094002e+08
1.140774772753709853e+08
