5.120817591716749668e+08
4.726269321508820653e+08
4.372233081771025658e+08
4.059704672218072414e+08
3.788728792568795085e+08
3.557889765439013243e+08
3.363809758886177540e+08
3.201090766352428794e+08
3.063125327743566632e+08
2.943469250082507730e+08
2.836860668439080715e+08
2.739483972899645567e+08
2.648756549644869566e+08
2.562986027249845266e+08
2.481070940501024723e+08
2.402290912923190296e+08
2.326178313629188538e+08
2.252811207744955122e+08
2.182216612551150918e+08
2.113636588605118990e+08
2.047175438849292696e+08
1.982993874964507222e+08
1.921324553570780158e+08
1.862446670634789467e+08
1.806654774051416218e+08
1.754227880807107687e+08
1.705400104225593507e+08
1.660335503840995431e+08
1.619426528718169928e+08
1.582780302678278685e+08
1.549348522398644984e+08
1.518971702566057444e+08
1.491439304027179778e+08
1.466502233230296075e+08
1.443888156584708989e+08
1.423317704679510891e+08
1.404520426233483255e+08
1.387247706156932414e+08
1.371283080466467738e+08
1.356448086733917594e+08
1.342603980757206380e+08
1.329649505091551840e+08
1.317504900830633938e+08
1.306114341466765702e+08
1.295450149795579314e+08
1.285493315026291311e+08
1.276215647429869175e+08
1.267573237672869861e+08
1.259542581419641972e+08
1.252089953623182923e+08
1.245171054557853490e+08
1.238732895349578261e+08
1.232717354745188951e+08
1.227065607008105516e+08
1.221722641341855973e+08
1.216641174832529575e+08
1.211784409724988341e+08
1.207127354977432191e+08
1.202656649453569502e+08
1.198369058104791343e+08
1.194268999542334080e+08
1.190365527011671960e+08
1.186669254560095668e+08
1.183189627873370945e+08
1.179932865700191855e+08
1.176900736250560731e+08
1.174090207322161496e+08
1.171493865640926957e+08
1.169100895169865191e+08
1.166898387465113550e+08
1.164872684297215044e+08
1.163010565283883214e+08
1.161300087874781489e+08
1.159731017236391902e+08
1.158294845125677288e+08
1.156984465091162920e+08
1.155793631941276640e+08
1.154716344031830877e+08
1.153746279835451096e+08
1.152876397044667006e+08
1.152098755170788765e+08
1.151404572839490622e+08
1.150784493416239619e+08
1.150228987482157052e+08
1.149728815010664016e+08
1.149275461991709769e+08
1.148861482653183341e+08
1.148480702431795299e+08
1.148128269216031879e+08
1.147800545388035625e+08
1.147494924208486676e+08
1.147209553145987689e+08
1.146943060515761673e+08
1.146694313773105145e+08
1.146462239072163105e+08
1.146245721539344341e+08
1.146043574060806334e+08
1.145854569554715306e+08
1.145677507207330763e+08
1.145511287203420699e+08
1.145354971628784835e+08
1.145207819467939883e+08
1.145069279892180562e+08
1.144938959294038117e+08
1.144816562154642791e+08
1.144701822718227506e+08
1.144594444064353406e+08
1.144494048745816648e+08
1.144400158040310442e+08
1.144312194132388681e+08
1.144229504318059683e+08
1.144151399991440922e+08
1.144077200986061245e+08
1.144006276591300964e+08
1.143938076330454499e+08
1.143872146623196602e+08
1.143808132773952931e+08
1.143745768632965088e+08
1.143684858238086551e+08
1.143625254505942911e+08
1.143566839633188248e+08
1.143509510564943850e+08
1.143453171108704209e+08
1.143397730475317538e+08
1.143343106604588926e+08
1.143289231831084490e+08
1.143236058340919912e+08
1.143183561373052746e+08
1.143131739018505514e+08
1.143080608501459807e+08
1.143030199731947184e+08
1.142980547512232959e+08
1.142931683968329430e+08
1.142883632579527199e+08
1.142836404693445265e+08
1.142789998793438077e+08
1.142744402189381719e+08
1.142699594362913221e+08
1.142655550990261734e+08
1.142612247701817304e+08
1.142569662898232490e+08
1.142527779107410908e+08
1.142486583285301626e+08
1.142446065837660581e+08
1.142406219234081805e+08
1.142367036558327973e+08
1.142328510425769985e+08
1.142290632493814081e+08
1.142253393589332402e+08
1.142216784305124283e+08
1.142180795812723339e+08
1.142145420616417974e+08
1.142110653025583476e+08
1.142076489224482477e+08
1.142042926937333941e+08
1.142009964789338112e+08
1.141977601528084129e+08
1.141945835284199119e+08
1.141914663018890619e+08
1.141884080795120001e+08
1.141854081573333442e+08
1.141824658760661483e+08
1.141795804368594140e+08
1.141767509964776337e+08
1.141739767007946372e+08
1.141712567657518238e+08
1.141685902714775801e+08
1.141659764194226861e+08
1.141634144307750612e+08
1.141609034973244667e+08
1.141584427990575582e+08
1.141560315031641275e+08
1.141536687710279971e+08
1.141513537615102082e+08
1.141490856526068896e+08
1.141468636446658373e+08
1.141446869681993276e+08
1.141425548848882765e+08
1.141404666837867796e+08
1.141384216741708517e+08
1.141364191770949960e+08
1.141344585177216679e+08
1.141325390199635029e+08
1.141306600041486025e+08
1.141288207875496745e+08
1.141270206869471669e+08
1.141252590220628977e+08
1.141235351187380254e+08
1.141218483110583872e+08
1.141201979421111792e+08
1.141185833635281622e+08
1.141170039343059957e+08
1.141154590195202827e+08
1.141139479894718230e+08
1.141124702195761353e+08
1.141110250910238028e+08
1.141096119919908345e+08
1.141082303190308958e+08
1.141068794782634079e+08
1.141055588860681653e+08
1.141042679691621661e+08
1.141030061641128361e+08
1.141017729164780080e+08
1.141005676798288226e+08
1.140993899148949981e+08
1.140982390889967829e+08
1.140971146758191586e+08
1.140960161554818451e+08
1.140949430147897601e+08
1.140938947475248277e+08
1.140928708546628505e+08
1.140918708444502652e+08
1.140908942323367894e+08
1.140899405408096910e+08
1.140890092992019653e+08
1.140881000435442030e+08
1.140872123165070713e+08
1.140863477601675689e+08
1.140855017403688580e+08
1.140846762504679859e+08
1.140838701938587278e+08
1.140830834816510081e+08
1.140823156984657943e+08
1.140815664360093474e+08
1.140808352929416895e+08
1.140801218747267723e+08
1.140794257934942991e+08
1.140787466679331064e+08
1.140780841232225746e+08
1.140774377909943014e+08
1.140768073093092144e+08
1.140761923226333559e+08
1.140755924817993641e+08
1.140750074439480901e+08
1.140744368724530339e+08
1.140738804368352294e+08
1.140733378126785755e+08
1.140728086815541685e+08
1.140722927309570163e+08
1.140717896542551070e+08
1.140712991506452858e+08
1.140708209251094162e+08
1.140703546883647293e+08
1.140699001568040848e+08
1.140694570524257421e+08
1.140690251027546227e+08
1.140686040990256369e+08
1.140681936630334407e+08
1.140677935966515541e+08
1.140674036486917287e+08
1.140670235730969906e+08
1.140666531288717091e+08
1.140662920800120831e+08
1.140659401954347044e+08
1.140655972489032596e+08
1.140652630189528167e+08
1.140649372888134420e+08
1.140646198463341594e+08
1.140643104839083552e+08
1.140640089984016120e+08
1.140637151910813302e+08
1.140634288675479591e+08
1.140631498376666754e+08
1.140628779154986590e+08
1.140626129192316830e+08
1.140623546711098403e+08
1.140621029973626137e+08
1.140618577281342149e+08
1.140616186974134743e+08
1.140613857429645658e+08
1.140611587062590569e+08
1.140609374324090481e+08
1.140607217701009810e+08
1.140605115715300441e+08
1.140603066923349500e+08
1.140601069915330857e+08
1.140599123314560652e+08
1.140597225776859522e+08
1.140595375989921391e+08
1.140593572672694623e+08
1.140591814574769735e+08
1.140590100475778282e+08
1.140588429184800684e+08
1.140586799539778233e+08
1.140585210406934321e+08
1.140583660680198073e+08
1.140582149280638397e+08
1.140580675155900121e+08
1.140579237279650867e+08
1.140577834651034176e+08
1.140576466294134557e+08
1.140575131257445812e+08
1.140573828613352180e+08
1.140572557457615137e+08
1.140571316908867061e+08
1.140570106108115613e+08
1.140568924218249470e+08
1.140567770423559695e+08
1.140566643929261863e+08
1.140565543961030692e+08
