2.265171222086899281e+08
1.993686838965677619e+08
1.788168773859356046e+08
1.643381995561636686e+08
1.557179844347464740e+08
1.512632741301136613e+08
1.495492093708429933e+08
1.495639383690473437e+08
1.503194290550886393e+08
1.510191006185991168e+08
1.511551271465620100e+08
1.505063083265226483e+08
1.488256057787080705e+08
1.463362626310894489e+08
1.433808737913702130e+08
1.403206090706128478e+08
1.374713037765685022e+08
1.350627217239234447e+08
1.332170990048255324e+08
1.319453870077856630e+08
1.311607691137563288e+08
1.307073797243874222e+08
1.303625282873134613e+08
1.299781060456605256e+08
1.294504486511283219e+08
1.287349283825270534e+08
1.278449989922335148e+08
1.268391194868422002e+08
1.258005352846556902e+08
1.248153440502177179e+08
1.239534823904432505e+08
1.232559082900509834e+08
1.227296872603328228e+08
1.223510406782875061e+08
1.220748185419008136e+08
1.218475537926787138e+08
1.216206419493135214e+08
1.213604893701313138e+08
1.210535980142085254e+08
1.207061011670383662e+08
1.203387073131077886e+08
1.199789636050262451e+08
1.196530852011975646e+08
1.193793510305833966e+08
1.191644351695857048e+08
1.190031624652339518e+08
1.188813009530251622e+08
1.187802857763536572e+08
1.186823903252001405e+08
1.185749284718397856e+08
1.184525015121747851e+08
1.183169713094085604e+08
1.181755026889561117e+08
1.180374980063931048e+08
1.179114256097103059e+08
1.178024263796188682e+08
1.177112431213818789e+08
1.176345707511270195e+08
1.175665172348595858e+08
1.175005914428770542e+08
1.174315677703482956e+08
1.173567047284969389e+08
1.172760600659885556e+08
1.171919473581857383e+08
1.171078259532079399e+08
1.170270391282121539e+08
1.169517990514085889e+08
1.168826831475365162e+08
1.168187130036088228e+08
1.167579000458861291e+08
1.166980150691943169e+08
1.166373089830684960e+08
1.165749664213215709e+08
1.165111928279548734e+08
1.164469662665473223e+08
1.163835869236156940e+08
1.163222004871142209e+08
1.162634537295632809e+08
1.162073706737670600e+08
1.161534545823304653e+08
1.161009444510325789e+08
1.160491167026084661e+08
1.159975236214198470e+08
1.159460995284254253e+08
1.158951203474564999e+08
1.158450540468509197e+08
1.157963703522248417e+08
1.157493871784858108e+08
1.157041717218317986e+08
1.156605732287360430e+08
1.156183069215899110e+08
1.155770749526496232e+08
1.155366626176640242e+08
1.154969953376292884e+08
1.154581329589088261e+08
1.154202168789559305e+08
1.153833965726957023e+08
1.153477667160704732e+08
1.153133344457173198e+08
1.152800246791097224e+08
1.152477146841682196e+08
1.152162803398009092e+08
1.151856350451622903e+08
1.151557482027147859e+08
1.151266392431572676e+08
1.150983548974485546e+08
1.150709393007254303e+08
1.150444106411334872e+08
1.150187515214629173e+08
1.149939144372931272e+08
1.149698377182525694e+08
1.149464640237557143e+08
1.149237539059889317e+08
1.149016910995832533e+08
1.148802758329513520e+08
1.148595159537868947e+08
1.148394144463867396e+08
1.148199633790813535e+08
1.148011418970238119e+08
1.147829208133433014e+08
1.147652702679915726e+08
1.147481655046852231e+08
1.147315904968009591e+08
1.147155373689068258e+08
1.147000025876133740e+08
1.146849822597380579e+08
1.146704683684182167e+08
1.146564474406752288e+08
1.146429017116443813e+08
1.146298118840580285e+08
1.146171600758262575e+08
1.146049317179882824e+08
1.145931158175013810e+08
1.145817066076678932e+08
1.145707057487935424e+08
1.145600902691740990e+08
1.145498494383764863e+08
1.145399708270471692e+08
1.145304415804583430e+08
1.145212494834708422e+08
1.145123837243158221e+08
1.145038350094635934e+08
1.144955950838231891e+08
1.144876559610390067e+08
1.144800092204173505e+08
1.144726457927092016e+08
1.144655559469153583e+08
1.144587298237540126e+08
1.144521578867305219e+08
1.144458313864937574e+08
1.144397422445144057e+08
1.144338829879653752e+08
1.144282464146052599e+08
1.144228253290182352e+08
1.144176124309332371e+08
1.144126001908684969e+08
1.144077817618567646e+08
1.144031500473672152e+08
1.143986985377258658e+08
1.143944211059985906e+08
1.143903118968431354e+08
1.143863651872348934e+08
1.143825752854871452e+08
1.143789365066894591e+08
1.143754432215429395e+08
1.143720899427885115e+08
1.143688714027482271e+08
1.143657825880714804e+08
1.143628187237041891e+08
1.143599752229434848e+08
1.143572476327768862e+08
1.143546309729326218e+08
1.143521220339694023e+08
1.143497162666789591e+08
1.143474096295886636e+08
1.143451976953849643e+08
1.143430783185840845e+08
1.143410469239635915e+08
1.143391002087577879e+08
1.143372345310969055e+08
1.143354469806788862e+08
1.143337342529662251e+08
1.143320923012906611e+08
1.143305210308985114e+08
1.143290156365928501e+08
1.143275739337604791e+08
1.143261909327384830e+08
1.143248707120330036e+08
1.143236043626144081e+08
1.143223915728476644e+08
1.143212300812647045e+08
1.143201177133432925e+08
1.143190522183117867e+08
1.143180312062945962e+08
1.143170537712603211e+08
1.143161178188312352e+08
1.143152213176833391e+08
1.143143625368644744e+08
1.143135398086763769e+08
1.143127515300471932e+08
1.143119961630835831e+08
1.143112722328449488e+08
1.143105782577015013e+08
1.143099129842459857e+08
1.143092750557523072e+08
1.143086632200391740e+08
1.143080762755764127e+08
1.143075130705078542e+08
1.143069725038261116e+08
1.143064535139561594e+08
1.143059550379415452e+08
1.143054762105908245e+08
1.143050160367182791e+08
1.143045736458000839e+08
1.143041481705304682e+08
1.143037387913312465e+08
1.143033447243211865e+08
1.143029652202807367e+08
1.143025994878715426e+08
1.143022467553060651e+08
1.143019067703962177e+08
1.143015786697419286e+08
1.143012618564119339e+08
1.143009557603912950e+08
1.143006596018118262e+08
1.143003733329507709e+08
1.143000962223903239e+08
1.142998277970212996e+08
1.142995676052123606e+08
1.142993152159300148e+08
1.142990702179989219e+08
1.142988322194365859e+08
1.142986008467871100e+08
1.142983757444084287e+08
1.142981565737119019e+08
1.142979430123883784e+08
1.142977347536621243e+08
1.142975315055967718e+08
1.142973329904521108e+08
1.142971389440705776e+08
1.142969491152728051e+08
1.142967632652535439e+08
1.142965811669874787e+08
1.142964026046634912e+08
1.142962273731637150e+08
1.142960552775910646e+08
1.142958861328357309e+08
1.142957197631631792e+08
1.142955560018087924e+08
1.142953946905722916e+08
1.142952356794148684e+08
1.142950788260669410e+08
1.142949239956537783e+08
1.142947710603406727e+08
1.142946198989959657e+08
1.142944703968668133e+08
1.142943224452648312e+08
1.142941759412621856e+08
1.142940307874013782e+08
1.142938868914220780e+08
1.142937441660065353e+08
1.142936025285414904e+08
1.142934619008929729e+08
1.142933222091898024e+08
1.142931833836131990e+08
1.142930453581924438e+08
1.142929080706078112e+08
1.142927714620018899e+08
1.142926354768003523e+08
1.142925000625413656e+08
1.142923651697128117e+08
1.142922307515963614e+08
1.142920967641185969e+08
1.142919631657092869e+08
1.142918299171675444e+08
1.142916969815360457e+08
1.142915643239824772e+08
1.142914319116876721e+08
1.142912997137384415e+08
1.142911677010254562e+08
1.142910358461450040e+08
1.142909041233053058e+08
1.142907725082372278e+08
1.142906409781097770e+08
1.142905095114496052e+08
1.142903780880649686e+08
1.142902466889730692e+08
1.142901152963313758e+08
1.142899839661729336e+08
1.142898525371064395e+08
1.142897210671699047e+08
1.142895895424663723e+08
1.142894579499485195e+08
1.142893262773694694e+08
1.142891945132365376e+08
1.142890626467667669e+08
1.142889306678451896e+08
1.142887985669852048e+08
1.142886663352909982e+08
1.142885339644223005e+08
