1.496871164871669769e+09
1.379963073703278780e+09
1.271033408136185884e+09
1.166834346527035236e+09
1.067527148059561491e+09
9.732568009662218094e+08
8.841480250271162987e+08
8.003039365426735878e+08
7.218040815747239590e+08
6.487020988870199919e+08
5.810236016932049990e+08
5.187638749892489314e+08
4.618848956937565804e+08
4.103128535419220924e+08
3.639370151363805532e+08
3.226095916289749146e+08
2.861465579322621822e+08
2.543298226036000550e+08
2.269106127860835195e+08
2.036135559900303483e+08
1.841408954730668664e+08
1.681768250499565005e+08
1.553919688772429824e+08
1.454480162460752428e+08
1.380026816746625006e+08
1.327150097149621993e+08
1.292506582505590767e+08
1.272871836512430608e+08
1.265190202860358953e+08
1.266619954953529090e+08
1.274571927583766580e+08
1.286740113172360957e+08
1.301122963266931176e+08
1.316035052672222257e+08
1.330108995662687272e+08
1.342288117898825705e+08
1.351810881965090036e+08
1.358188292879926562e+08
1.361175680944776833e+08
1.360740493638441861e+08
1.357027563976304829e+08
1.350323388277371526e+08
1.341020726107699126e+08
1.329584695382044315e+08
1.316521329482403696e+08
1.302349354322400391e+08
1.287575744853508472e+08
1.272675404969625473e+08
1.258075131832833737e+08
1.244141902075495571e+08
1.231175274388899207e+08
1.219403679803442359e+08
1.208984201353287101e+08
1.200005382745298445e+08
1.192492550776899010e+08
1.186415095376017094e+08
1.181695169476177692e+08
1.178217184950511903e+08
1.175837708783138543e+08
1.174395177618008256e+08
1.173719088594217747e+08
1.173638306404683292e+08
1.173988264994903058e+08
1.174616861634221971e+08
1.175388951477274746e+08
1.176189482884198725e+08
1.176925257841886431e+08
1.177525453060800284e+08
1.177941070442312360e+08
1.178143446515342891e+08
1.178122080736100376e+08
1.177881935195340961e+08
1.177440441835929304e+08
1.176824385790753961e+08
1.176066837981045842e+08
1.175204276606385112e+08
1.174274010100685954e+08
1.173311978748819232e+08
1.172350986846414953e+08
1.171419401887162328e+08
1.170540286572252810e+08
1.169730963770779222e+08
1.169002960585581958e+08
1.168362279092510343e+08
1.167809923616541624e+08
1.167342611788812280e+08
1.166953627851829082e+08
1.166633701478699893e+08
1.166371928770696819e+08
1.166156595345636010e+08
1.165975943979701698e+08
1.165818811480961442e+08
1.165675135681866407e+08
1.165536313714555800e+08
1.165395425078718811e+08
1.165247326031585634e+08
1.165088617364982963e+08
1.164917530055003017e+08
1.164733724343754649e+08
1.164538049529587030e+08
1.164332267008699626e+08
1.164118770154321939e+08
1.163900303963842988e+08
1.163679743034484833e+08
1.163459847543929815e+08
1.163243112844983935e+08
1.163031645427400023e+08
1.162827078922637105e+08
1.162630543614204824e+08
1.162442668857804090e+08
1.162263617832492292e+08
1.162093148355255127e+08
1.161930686596879065e+08
1.161775413351989985e+08
1.161626349014917016e+08
1.161482443058241606e+08
1.161342639019271731e+08
1.161205943358494937e+08
1.161071472319559008e+08
1.160938485410816371e+08
1.160806404185455292e+08
1.160674817488984317e+08
1.160543475040412396e+08
1.160412271679648161e+08
1.160281224853629172e+08
1.160150447946521044e+08
1.160020121914765388e+08
1.159890467402640283e+08
1.159761719128937721e+08
1.159634102817621380e+08
1.159507821999144107e+08
1.159383039002850205e+08
1.159259871652276367e+08
1.159138388545633703e+08
1.159018612113062441e+08
1.158900521957375854e+08
1.158784059783989340e+08
1.158669140088443160e+08
1.158555656317374408e+08
1.158443497298747301e+08
1.158332545656181872e+08
1.158222689169138670e+08
1.158113826727489829e+08
1.158005871531187892e+08
1.157898753274371028e+08
1.157792418799673021e+08
1.157686831431940794e+08
1.157581969262588322e+08
1.157477822687905878e+08
1.157374391509230137e+08
1.157271681884057522e+08
1.157169703380077481e+08
1.157068466334375292e+08
1.156967979663434029e+08
1.156868249211344272e+08
1.156769276668418944e+08
1.156671059043845236e+08
1.156573588636675328e+08
1.156476853420815319e+08
1.156380837742171437e+08
1.156285523219280392e+08
1.156190889741358757e+08
1.156096916468053758e+08
1.156003582751188874e+08
1.155910868918331712e+08
1.155818756878982782e+08
1.155727230534729660e+08
1.155636275993310511e+08
1.155545881602029055e+08
1.155456037827684283e+08
1.155366736434132755e+08
1.155277972497386634e+08
1.155189740543713868e+08
1.155102036514834613e+08
1.155014856839587390e+08
1.154928198134549856e+08
1.154842056965747476e+08
1.154756430077860653e+08
1.154671312696310729e+08
1.154586700894516408e+08
1.154502590009328723e+08
1.154418975106252581e+08
1.154335851071952134e+08
1.154253212722267210e+08
1.154171054913090467e+08
1.154089372643437684e+08
1.154008161142556667e+08
1.153927415935727507e+08
1.153847132886140943e+08
1.153767308212771714e+08
1.153687938486251086e+08
1.153609020606296062e+08
1.153530551963183433e+08
1.153452529599892646e+08
1.153374951352880597e+08
1.153297815009151846e+08
1.153221118460354656e+08
1.153144859665007144e+08
1.153069036619230211e+08
1.152993647336625755e+08
1.152918689837064445e+08
1.152844159044779837e+08
1.152770059176852703e+08
1.152696385187114775e+08
1.152623135143232644e+08
1.152550307149191499e+08
1.152477899356430620e+08
1.152405909973221123e+08
1.152334337271450162e+08
1.152263179590355754e+08
1.152192435337127745e+08
1.152122102984597534e+08
1.152052181066472232e+08
1.151982668170723021e+08
1.151913562931818962e+08
1.151844864022476822e+08
1.151776570145553052e+08
1.151708680026580989e+08
1.151641192407321483e+08
1.151574106040556431e+08
1.151507419686195552e+08
1.151441132108658850e+08
1.151375242075382471e+08
1.151309748356236517e+08
1.151244649723597914e+08
1.151179944952824116e+08
1.151115632822874933e+08
1.151051712116887420e+08
1.150988181622539461e+08
1.150925040132105052e+08
1.150862286442156732e+08
1.150799919352913648e+08
1.150737938957699537e+08
1.150676341475959122e+08
1.150615127006601095e+08
1.150554294353015572e+08
1.150493842316018343e+08
1.150433769692610502e+08
1.150374075274903774e+08
1.150314757849243283e+08
1.150255816195545495e+08
1.150197249086842984e+08
1.150139055289013982e+08
1.150081233560665548e+08
1.150023782653129697e+08
1.149966701310534924e+08
1.149909987729413658e+08
1.149853641720945537e+08
1.149797661467763186e+08
1.149742045686156005e+08
1.149686793085575402e+08
1.149631902368599474e+08
1.149577372230853289e+08
1.149523201360908300e+08
1.149469388440161347e+08
1.149415932142716795e+08
1.149362831135278046e+08
1.149310084077065289e+08
1.149257689619760513e+08
1.149205646407491416e+08
1.149153953076849729e+08
1.149102608256947398e+08
1.149051610569502562e+08
1.149000958628953546e+08
1.148950651042592824e+08
1.148900686410717368e+08
1.148851063326784968e+08
1.148801780377577245e+08
1.148752836143362671e+08
1.148704229198058695e+08
1.148655958109389991e+08
1.148608021439045966e+08
1.148560417742836177e+08
1.148513146041945219e+08
1.148466203937624395e+08
1.148419590441108346e+08
1.148373304086263925e+08
1.148327343401880562e+08
1.148281706911844313e+08
1.148236393135316372e+08
1.148191400586917549e+08
1.148146727776915282e+08
1.148102373211414814e+08
1.148058335392550528e+08
1.148014612818677872e+08
1.147971203984566182e+08
1.147928108412391692e+08
1.147885322523102909e+08
1.147842845838003159e+08
1.147800676839415729e+08
1.147758814006996155e+08
1.147717255817908347e+08
1.147676000746996999e+08
1.147635047266959548e+08
1.147594393848516792e+08
1.147554038960578144e+08
1.147513981070409417e+08
1.147474218643798381e+08
1.147434750145215839e+08
1.147395574037980437e+08
