1.299794991095495224e+09
1.203391950708931208e+09
1.111841091798773289e+09
1.025286696830930233e+09
9.438519386571108103e+08
8.676331286758072376e+08
7.966945649566202164e+08
7.310645207894846201e+08
6.707318987683260441e+08
6.156432493346049786e+08
5.657016688875004053e+08
5.207660877766228914e+08
4.806522733717269301e+08
4.451354161962401271e+08
4.142383718553106785e+08
3.873743307308148146e+08
3.638668027263858318e+08
3.434459164234646559e+08
3.258365499599831700e+08
3.107624556079828739e+08
2.979497426342415214e+08
2.871299207054880857e+08
2.780425933505567312e+08
2.701788122446291447e+08
2.635427569163945615e+08
2.579545929131939113e+08
2.532385381577086449e+08
2.492331659713986516e+08
2.457685359823552370e+08
2.425733525627027154e+08
2.394971696263833344e+08
2.364334397991287708e+08
2.333006454651851654e+08
2.300409137059322596e+08
2.266181256889235973e+08
2.230156593115105033e+08
2.192338207826186717e+08
2.152871095726532638e+08
2.112013902008354664e+08
2.070110810012744069e+08
2.027564276973170936e+08
1.984809460106095076e+08
1.942290863593656719e+08
1.900441639159693122e+08
1.859666067474936843e+08
1.820325154211100936e+08
1.782725730728292465e+08
1.747112925915442705e+08
1.713665904590776563e+08
1.682496765438692570e+08
1.653652192677713931e+08
1.627117673187789321e+08
1.602823762165553570e+08
1.580654014931305647e+08
1.560454038486581147e+08
1.542041280671508908e+08
1.525214979901252091e+08
1.509765896544978023e+08
1.495485333917937875e+08
1.482173184407626390e+08
1.469644625296049714e+08
1.457735372259811163e+08
1.446300678520160317e+08
1.435198997908436358e+08
1.424371037047755122e+08
1.413759687956933677e+08
1.403330411829349101e+08
1.393068217126779556e+08
1.382974083241206110e+08
1.373061083289827704e+08
1.363350465009907186e+08
1.353867961385635734e+08
1.344640497393097281e+08
1.335690104525824338e+08
1.327038203064504415e+08
1.318701407007827908e+08
1.310690680180502385e+08
1.303010049260842502e+08
1.295657343177745789e+08
1.288624712960330993e+08
1.281899603463735133e+08
1.275465941499718726e+08
1.269305393543152809e+08
1.263398646653852165e+08
1.257726557312371880e+08
1.252271139785374701e+08
1.247016331138643324e+08
1.241948535102555454e+08
1.237056891513467431e+08
1.232333328277366757e+08
1.227772404214445949e+08
1.223370989745812863e+08
1.219127835965875536e+08
1.215043051318256557e+08
1.211117572632298172e+08
1.207352652204818428e+08
1.203749362123257816e+08
1.200308256759738773e+08
1.197029044725015759e+08
1.193910405596287996e+08
1.190949906449235976e+08
1.188144007273172885e+08
1.185488150715741217e+08
1.182976911673475802e+08
1.180604193210699409e+08
1.178363442822256982e+08
1.176247867753252089e+08
1.174250664513307065e+08
1.172365167417024374e+08
1.170585019822570682e+08
1.168904268419959992e+08
1.167317436477437615e+08
1.165819540578778535e+08
1.164406082172548920e+08
1.163073008837504387e+08
1.161816655331978798e+08
1.160633666661025584e+08
1.159520934083524495e+08
1.158475506769788563e+08
1.157494537212253064e+08
1.156575224293557107e+08
1.155714779122398943e+08
1.154910400477235615e+08
1.154159267953095436e+08
1.153458547303070575e+08
1.152805405909583271e+08
1.152197035245135725e+08
1.151630677068932354e+08
1.151103649911401272e+08
1.150613375470609367e+08
1.150157397185646445e+08
1.149733397157607675e+08
1.149339202046594620e+08
1.148972798170557320e+08
1.148632312198306471e+08
1.148316011155034155e+08
1.148022295382758081e+08
1.147749680975734442e+08
1.147496786615730226e+08
1.147262320234312564e+08
1.147045064784205407e+08
1.146843869709487259e+08
1.146657640907537043e+08
1.146485335016264915e+08
1.146325955629093647e+08
1.146178551515277326e+08
1.146042216407690793e+08
1.145916090406858027e+08
1.145799359134496748e+08
1.145691258713676631e+08
1.145591073968489617e+08
1.145498140492470711e+08
1.145411843650939614e+08
1.145331617577114552e+08
1.145256943170520961e+08
1.145187345393352509e+08
1.145122391037109941e+08
1.145061681191071570e+08
1.145004853600784093e+08
1.144951575098843575e+08
1.144901539313599020e+08
1.144854463741349578e+08
1.144810087257738709e+08
1.144768168088715672e+08
1.144728482219324708e+08
1.144690822185449004e+08
1.144654996171347797e+08
1.144620827324845344e+08
1.144588153201647997e+08
1.144556825258783549e+08
1.144526708332217932e+08
1.144497680052747130e+08
1.144469630174634755e+08
1.144442459810850918e+08
1.144416080585346818e+08
1.144390413725268841e+08
1.144365389123795331e+08
1.144340944407274425e+08
1.144317024039079100e+08
1.144293578487871736e+08
1.144270563480865210e+08
1.144247939354346991e+08
1.144226283414575160e+08
1.144206848036613464e+08
1.144187734780456722e+08
1.144168916370076835e+08
1.144150366918070018e+08
1.144132062097945809e+08
1.144113979340682328e+08
1.144096098010459691e+08
1.144078399526731372e+08
1.144060867413071096e+08
1.144043487266051769e+08
1.144026246648492366e+08
1.144009134919961691e+08
1.143992143022945076e+08
1.143975263245564252e+08
1.143958488981435597e+08
1.143941814504693449e+08
1.143925234774064422e+08
1.143908745274882913e+08
1.143892341902779043e+08
1.143876020888057053e+08
1.143859778755930960e+08
1.143843612315111458e+08
1.143827518665800989e+08
1.143811495217931867e+08
1.143795539711282253e+08
1.143779650230678320e+08
1.143763825211511850e+08
1.143748063433011174e+08
1.143732363998781294e+08
1.143716726305904537e+08
1.143701150005198419e+08
1.143685634956004173e+08
1.143670181179141104e+08
1.143654788811445981e+08
1.143639458064756542e+08
1.143624189191389084e+08
1.143608982457261086e+08
1.143593838122912049e+08
1.143578756431917846e+08
1.143563737605585754e+08
1.143548781842460632e+08
1.143533889321021736e+08
1.143519060203999281e+08
1.143504294642964602e+08
1.143489592782164812e+08
1.143474954760946929e+08
1.143460380714501143e+08
1.143445870772968233e+08
1.143431425059224963e+08
1.143417043685818911e+08
1.143402726751595885e+08
1.143388474338546097e+08
1.143374286509309113e+08
1.143360163305654079e+08
1.143346104748087376e+08
1.143332110836600214e+08
1.143318181552429795e+08
1.143304316860608757e+08
1.143290516713022143e+08
1.143276781051667035e+08
1.143263109811830074e+08
1.143249502924949229e+08
1.143235960320982933e+08
1.143222481930188835e+08
1.143209067684291750e+08
1.143195717517070025e+08
1.143182431364451051e+08
1.143169209164228141e+08
1.143156050855521858e+08
1.143142956378116012e+08
1.143129925671762228e+08
1.143116958675539345e+08
1.143104055327315778e+08
1.143091215563337952e+08
1.143078439317942262e+08
1.143065726523371041e+08
1.143053077109662741e+08
1.143040491004582494e+08
1.143027968133561164e+08
1.143015508419617712e+08
1.143003111783253253e+08
1.142990778142311275e+08
1.142978507411807477e+08
1.142966299503745884e+08
1.142954154326936007e+08
1.142942071786832362e+08
1.142930051785408556e+08
1.142918094221082926e+08
1.142906198988704383e+08
1.142894365979596674e+08
1.142882595081657320e+08
1.142870886179506779e+08
1.142859239154671580e+08
1.142847653885787129e+08
1.142836130248808712e+08
1.142824668117216527e+08
1.142813267362203002e+08
1.142801927852836102e+08
1.142790649456193745e+08
1.142779432037467062e+08
1.142768275460033864e+08
1.142757179585507661e+08
1.142746144592834860e+08
1.142735169530563951e+08
1.142724254915177226e+08
1.142713400431747139e+08
1.142702605933163017e+08
1.142691871270530224e+08
1.142681196293147653e+08
1.142670580848492086e+08
1.142660024782203585e+08
1.142649527938071042e+08
1.142639090158023387e+08
1.142628711282123476e+08
1.142618391148565412e+08
1.142608129593677223e+08
1.142597926451927572e+08
