1.633203346884408951e+09
1.491129276406297207e+09
1.375891127464543819e+09
1.266011752234852552e+09
1.161581844093988895e+09
1.062672958123358130e+09
9.693350566361200809e+08
8.815963806204402447e+08
7.994642301195292473e+08
7.229259574145438671e+08
6.519496637542506456e+08
5.864841706847641468e+08
5.264581173031119108e+08
4.717785078881818056e+08
4.223290081862074137e+08
3.792405552598267794e+08
3.451909263288642168e+08
3.148024394470009804e+08
2.878875976681412458e+08
2.642481795177986622e+08
2.436759044561620653e+08
2.259537122849003971e+08
2.108574906218566000e+08
1.981582306030970216e+08
1.876244583900448978e+08
1.790248650542241037e+08
1.721310007044786215e+08
1.667199918822767735e+08
1.625771415659301281e+08
1.594983450279245377e+08
1.572922614344296753e+08
1.557821449332051873e+08
1.548073104964804053e+08
1.542241850784672499e+08
1.539069294976997375e+08
1.537476412051059306e+08
1.536561467645283639e+08
1.535594249096160531e+08
1.534007005973526835e+08
1.531382678558644056e+08
1.527440945864869952e+08
1.522022732790051699e+08
1.515073750410250127e+08
1.506627594868941009e+08
1.496788988519983292e+08
1.485717516594971716e+08
1.473612264713734984e+08
1.460697763811232448e+08
1.447211207575280964e+08
1.433366369679427445e+08
1.419314025520655811e+08
1.405306052024897337e+08
1.391573238413524032e+08
1.378318143425566256e+08
1.365710210152708292e+08
1.353882941591278613e+08
1.342932957774091065e+08
1.332920718250837624e+08
1.323872636869839281e+08
1.315784309678884447e+08
1.308624585588923395e+08
1.302340156559280604e+08
1.296963641409099698e+08
1.292260202948304713e+08
1.288119804976702482e+08
1.284460923166094571e+08
1.281202307546693087e+08
1.278266086699317098e+08
1.275580282706358433e+08
1.273080708341494799e+08
1.270712259457300007e+08
1.268429605349007249e+08
1.266197363849805146e+08
1.263989803733401895e+08
1.261790161971742213e+08
1.259589669199690372e+08
1.257386360501379520e+08
1.255183766090165377e+08
1.252989553558333516e+08
1.250814218321212381e+08
1.248669818999554366e+08
1.246568883048321307e+08
1.244517948170447350e+08
1.242525120351004601e+08
1.240599188954407424e+08
1.238746986333921254e+08
1.236973165270500183e+08
1.235280144972435683e+08
1.233668189518624693e+08
1.232135601762929857e+08
1.230679002896096259e+08
1.229293682538822591e+08
1.227973946797050536e+08
1.226713491008554697e+08
1.225505760621711612e+08
1.224344263529546410e+08
1.223222838438711613e+08
1.222135863991151750e+08
1.221078440331774950e+08
1.220046445535235256e+08
1.219036603387465626e+08
1.218046467219126523e+08
1.217074369140596986e+08
1.216119336634624004e+08
1.215180985657776147e+08
1.214259400386997163e+08
1.213355007884516269e+08
1.212468455637009591e+08
1.211600498341635317e+08
1.210751898838672936e+08
1.209923346524841040e+08
1.209115395057148039e+08
1.208328419757030308e+08
1.207562592505289018e+08
1.206817880686045587e+08
1.206094047073284686e+08
1.205390674797636569e+08
1.204707194140039384e+08
1.204042915885138512e+08
1.203397066953746974e+08
1.202768825683495700e+08
1.202157354582711011e+08
1.201561829947232753e+08
1.200981460927060544e+08
1.200415513215447068e+08
1.199863316240752935e+08
1.199324270778647065e+08
1.198797845040423870e+08
1.198283577973596007e+08
1.197781066955051422e+08
1.197289960404044390e+08
1.196809946779773682e+08
1.196340743619308472e+08
1.195882087448841929e+08
1.195433724290145338e+08
1.194995401983897090e+08
1.194566864288161397e+08
1.194147846901102364e+08
1.193738075356310606e+08
1.193337264617688060e+08
1.192945120110945404e+08
1.192561339871561825e+08
1.192185617463272810e+08
1.191817645323578715e+08
1.191457118218773752e+08
1.191103736535037160e+08
1.190757209188257754e+08
1.190417255997667015e+08
1.190083609431639463e+08
1.189756015693593025e+08
1.189434236437180936e+08
1.189118043541315198e+08
1.188807226638353467e+08
1.188501585081739128e+08
1.188200930901286602e+08
1.187905085484198332e+08
1.187613878681481928e+08
1.187327147492216527e+08
1.187044734890809655e+08
1.186766488846923709e+08
1.186492261565437168e+08
1.186221908953159302e+08
1.185955290301302820e+08
1.185692268158729374e+08
1.185432708361197859e+08
1.185176480176257342e+08
1.184923456521810740e+08
1.184673514249529988e+08
1.184426534268392473e+08
1.184182401954169571e+08
1.183941007187087387e+08
1.183702244483305514e+08
1.183466013021830767e+08
1.183232216600001156e+08
1.183000763524075001e+08
1.182771566445618570e+08
1.182544542157004327e+08
1.182319611360468715e+08
1.182096698424967527e+08
1.181875731143803596e+08
1.181656640503882319e+08
1.181439360474860817e+08
1.181223827823620737e+08
1.181009981956716031e+08
1.180797764790924639e+08
1.180587120649909675e+08
1.180377996183416843e+08
1.180170340304380953e+08
1.179964104289994687e+08
1.179759241134838462e+08
1.179555706418022662e+08
1.179353457658750564e+08
1.179152454423087239e+08
1.178952658286437094e+08
1.178754032725837380e+08
1.178556543131880760e+08
1.178360156687586308e+08
1.178164842305654287e+08
1.177970570549641401e+08
1.177777313553560823e+08
1.177585044941706359e+08
1.177393739750337303e+08
1.177203374352591038e+08
1.177013926729910076e+08
1.176825375033544898e+08
1.176637699587825984e+08
1.176450881454734504e+08
1.176264902728827000e+08
1.176079746490523368e+08
1.175895396762988865e+08
1.175711838471898735e+08
1.175529057407413572e+08
1.175347040187740028e+08
1.175165774223776758e+08
1.174985247684467584e+08
1.174805449462615848e+08
1.174626365075880587e+08
1.174447992884847522e+08
1.174270319696725756e+08
1.174093336965495944e+08
1.173917036704593301e+08
1.173741411456254572e+08
1.173566454262027144e+08
1.173392158634592444e+08
1.173218516367074698e+08
1.173045526160406768e+08
1.172873180625237972e+08
1.172701474905899614e+08
1.172530404498620927e+08
1.172359965231780559e+08
1.172190153247292489e+08
1.172020964983008802e+08
1.171852397156014293e+08
1.171684446746703088e+08
1.171517110983540416e+08
1.171350387328444421e+08
1.171184273462720513e+08
1.171018767273527831e+08
1.170853866840848029e+08
1.170689570424960852e+08
1.170525876454421729e+08
1.170362783514559716e+08
1.170200290336498916e+08
1.170038395786712766e+08
1.169877098857116699e+08
1.169716399124839455e+08
1.169556294860001504e+08
1.169396785852733850e+08
1.169237871508175880e+08
1.169079551315131485e+08
1.168921824839124084e+08
1.168764691715865433e+08
1.168608151645101160e+08
1.168452204384812713e+08
1.168296849745741487e+08
1.168142087586224526e+08
1.167987917807311714e+08
1.167834340348156989e+08
1.167681355181663334e+08
1.167528962310376763e+08
1.167377161762614101e+08
1.167225953588822484e+08
1.167075337858157456e+08
1.166925314655274898e+08
1.166775884077328444e+08
1.166627046231164336e+08
1.166478801230705082e+08
1.166331149194509089e+08
1.166184090243503153e+08
1.166037624498869926e+08
1.165891752080085874e+08
1.165746473103097379e+08
1.165601787678624392e+08
1.165457695910586119e+08
1.165314197894636542e+08
1.165171293716803938e+08
1.165028983452228904e+08
1.164887267163993418e+08
1.164746144902034402e+08
1.164605616702141315e+08
1.164465682585027069e+08
1.164326342555478662e+08
1.164187596601569653e+08
1.164049444693945646e+08
1.163911886785169244e+08
1.163774922809126675e+08
1.163638552680490315e+08
1.163502776294234991e+08
1.163367593525205851e+08
1.163233004227731675e+08
1.163099008235285580e+08
1.162965605360184014e+08
1.162832795393328369e+08
1.162700578103979975e+08
1.162569306508263350e+08
1.162439074860626608e+08
1.162309430083721578e+08
1.162180371589112580e+08
1.162051898791343272e+08
1.161924011105692834e+08
