2.528227806329492629e+08
2.281235073686234951e+08
2.083770440800286531e+08
1.935058769689185619e+08
1.827521896471721828e+08
1.753022868943651915e+08
1.701528664456970692e+08
1.664330017077866495e+08
1.635315110184795260e+08
1.610595744801497161e+08
1.587400706661441326e+08
1.563384018833513260e+08
1.537481116903544962e+08
1.509427416904961169e+08
1.479594926490506530e+08
1.448837347071670890e+08
1.418300592995665669e+08
1.389219158575480580e+08
1.362722727400372922e+08
1.339675191648850292e+08
1.320563773288775086e+08
1.305450473417861313e+08
1.293991138371752203e+08
1.285517677260830551e+08
1.279167767543762326e+08
1.274036465054811835e+08
1.269319536927465498e+08
1.264421655306902528e+08
1.259012575400745571e+08
1.253027779461418241e+08
1.246621703009878695e+08
1.240089719333592355e+08
1.233777942870345265e+08
1.227998912616100311e+08
1.222967524433031678e+08
1.218766252069520056e+08
1.215342431095442325e+08
1.212534076209537089e+08
1.210115998695236444e+08
1.207853739415173233e+08
1.205553118005389571e+08
1.203095045323017985e+08
1.200449707846851200e+08
1.197669574857755601e+08
1.194865455163120180e+08
1.192173036656054854e+08
1.189718531823298931e+08
1.187611683200604916e+08
1.185872196889355332e+08
1.184475285471728295e+08
1.183356794855201095e+08
1.182427849403729886e+08
1.181597574044773430e+08
1.180792676065048724e+08
1.179969648055830747e+08
1.179117688292046487e+08
1.178253015928408504e+08
1.177407294587647766e+08
1.176614029316222817e+08
1.175896753146003485e+08
1.175261870695359260e+08
1.174697403759936541e+08
1.174177174242558777e+08
1.173668556626578122e+08
1.173141180328391045e+08
1.172574136722761393e+08
1.171959816465352774e+08
1.171303324159631133e+08
1.170618940281307399e+08
1.169926911735466868e+08
1.169246082070169747e+08
1.168589373904382139e+08
1.167961682892773300e+08
1.167360388084325492e+08
1.166777908673354983e+08
1.166205219486421049e+08
1.165635137090041637e+08
1.165064427792794108e+08
1.164494285421675593e+08
1.163929293664050400e+08
1.163375432694617808e+08
1.162837899300543666e+08
1.162319471132035404e+08
1.161819855159785450e+08
1.161336086726590395e+08
1.160863722326009274e+08
1.160398328910477757e+08
1.159936762456412017e+08
1.159477861330202520e+08
1.159022421216203570e+08
1.158572569448780417e+08
1.158130832007001042e+08
1.157699242152418792e+08
1.157278772567664236e+08
1.156869222559278309e+08
1.156469520205762684e+08
1.156078265395930409e+08
1.155694288637248874e+08
1.155317025596882403e+08
1.154946609424292147e+08
1.154583684481141120e+08
1.154229064457410723e+08
1.153883367598322183e+08
1.153546735269501805e+08
1.153218913434532583e+08
1.152899162521749288e+08
1.152586635867001712e+08
1.152280596095804274e+08
1.151980582671390772e+08
1.151686459916249216e+08
1.151398343667798340e+08
1.151116462100872695e+08
1.150840972606342435e+08
1.150571906001445353e+08
1.150309108354896307e+08
1.150052315268386602e+08
1.149801215078895688e+08
1.149555579780510068e+08
1.149315298815340549e+08
1.149081221160562038e+08
1.148852586051228046e+08
1.148629387656142563e+08
1.148411645925706029e+08
1.148199301708275676e+08
1.147992211178064942e+08
1.147790183383485526e+08
1.147593040827029049e+08
1.147400634801709503e+08
1.147212889832315594e+08
1.147029698103840500e+08
1.146851051091852486e+08
1.146676893316972852e+08
1.146507166480937153e+08
1.146341771099202335e+08
1.146180575475501716e+08
1.146023470225170553e+08
1.145870342733866721e+08
1.145721115243611485e+08
1.145575725058468133e+08
1.145434119862930626e+08
1.145296245426828116e+08
1.145162036579997540e+08
1.145031409255043566e+08
1.144904282729364634e+08
1.144780560232795030e+08
1.144660154017464817e+08
1.144542985362086445e+08
1.144428984258830398e+08
1.144318086063774228e+08
1.144210246067302078e+08
1.144105357006078660e+08
1.144003366912097037e+08
1.143904217934541255e+08
1.143807855101809651e+08
1.143714120069389939e+08
1.143623001559808552e+08
1.143534439913586974e+08
1.143448378602391183e+08
1.143364760825116187e+08
1.143283529445855916e+08
1.143204625438265502e+08
1.143127990737991035e+08
1.143053564142929316e+08
1.142981291278875321e+08
1.142911115644480884e+08
1.142842986381705403e+08
1.142776852769991755e+08
1.142712664504088163e+08
1.142650371230843514e+08
1.142589924091558754e+08
1.142531270889833272e+08
1.142474364029511958e+08
1.142419157165340781e+08
1.142365605375320911e+08
1.142313665166185498e+08
1.142263294004585594e+08
1.142214449937302321e+08
1.142167091455213130e+08
1.142121177611250579e+08
1.142076666119388342e+08
1.142033520126375556e+08
1.141991703829158694e+08
1.141951178205274940e+08
1.141911904936256409e+08
1.141873853475836366e+08
1.141836986824993193e+08
1.141801270971643031e+08
1.141766672647223771e+08
1.141733159447468817e+08
1.141700699897864163e+08
1.141669263434918821e+08
1.141638820749193430e+08
1.141609342235565186e+08
1.141580799687213153e+08
1.141553165080806911e+08
1.141526411595820487e+08
1.141500512830329239e+08
1.141475443101644367e+08
1.141451177904296517e+08
1.141427692792510539e+08
1.141404964144901335e+08
1.141382967298067808e+08
1.141361681517308503e+08
1.141341084761220515e+08
1.141321153911458850e+08
1.141301869366433024e+08
1.141283210929695666e+08
1.141265158971399665e+08
1.141247694397909492e+08
1.141230798625115454e+08
1.141214453562610298e+08
1.141198641608819515e+08
1.141183345651347935e+08
1.141168549065114260e+08
1.141154235703511834e+08
1.141140389063088447e+08
1.141126997829964012e+08
1.141114200709468573e+08
1.141101834598155469e+08
1.141089879088585675e+08
1.141078314150850922e+08
1.141067123113600761e+08
1.141056293399675488e+08
1.141045815110777467e+08
1.141035678677765131e+08
1.141025873055836856e+08
1.141016385362004787e+08
1.141007201892640591e+08
1.140998309709212482e+08
1.140989697809846550e+08
1.140981357301900983e+08
1.140973280637668669e+08
1.140965460473325700e+08
1.140957888814314008e+08
1.140950556832805276e+08
1.140943455305740237e+08
1.140936575294619352e+08
1.140929908631287515e+08
1.140923447969413996e+08
1.140917186454208195e+08
1.140911117271754593e+08
1.140905233362219632e+08
1.140899527438724935e+08
1.140893992255734205e+08
1.140888620939002335e+08
1.140883407186234593e+08
1.140878345252363384e+08
1.140873429767468423e+08
1.140868655517834574e+08
1.140864017314334363e+08
1.140859509997188449e+08
1.140855128537810594e+08
1.140850868149888963e+08
1.140846724333627820e+08
1.140842692831248641e+08
1.140838769529177397e+08
1.140834950368878692e+08
1.140831231313965321e+08
1.140827608381549865e+08
1.140824077708316147e+08
1.140820635607795417e+08
1.140817292449306548e+08
1.140814020704375505e+08
1.140810823995956033e+08
1.140807706100567281e+08
1.140804657338810265e+08
1.140801678139713854e+08
1.140798765712899864e+08
1.140795917393899560e+08
1.140793130634258837e+08
1.140790402978812456e+08
1.140787732042747736e+08
1.140785115499690771e+08
1.140782551084169745e+08
1.140780036603273749e+08
1.140777569948266894e+08
1.140775149098959714e+08
1.140772772119387388e+08
1.140770437148714364e+08
1.140768142393113673e+08
1.140765886122307181e+08
1.140763666670539826e+08
1.140761482438781261e+08
1.140759331894614995e+08
1.140757213568302691e+08
1.140755126046221703e+08
1.140753067964444160e+08
1.140751038004865050e+08
1.140749034894514382e+08
1.140747057406851351e+08
1.140745104363026917e+08
1.140743174975143373e+08
1.140741267470113486e+08
1.140739381148076802e+08
1.140737515005666763e+08
1.140735668078021705e+08
1.140733839438032955e+08
1.140732028195659965e+08
1.140730233496654183e+08
1.140728454520543218e+08
