1.152420310217476368e+09
1.061001012841546655e+09
9.733085480680259466e+08
8.895232270674709082e+08
8.098188126021581888e+08
7.343551710574536324e+08
6.632731585431667566e+08
5.966949031395323277e+08
5.347247857097339034e+08
4.774440524027870297e+08
4.249030668268796206e+08
3.771174832316756845e+08
3.340652873132116199e+08
2.956839234247897863e+08
2.618696573121755123e+08
2.336533370815639496e+08
2.115159556883369088e+08
1.923650947570177317e+08
1.760367174176526070e+08
1.623510821172288060e+08
1.511136582422836423e+08
1.421167431474584937e+08
1.351418316156358123e+08
1.299627256483336985e+08
1.263491961723564416e+08
1.240709814469894022e+08
1.229019275786183476e+08
1.226240957449686080e+08
1.230316031838599294e+08
1.239342518449405432e+08
1.251603911169497371e+08
1.265591914857668877e+08
1.280021524688070416e+08
1.293837849323504269e+08
1.306215433807519823e+08
1.316550222105826735e+08
1.324445170095858872e+08
1.329690799210919738e+08
1.332241835435026586e+08
1.331886569184660912e+08
1.328623170048022866e+08
1.322824974153221995e+08
1.314945344552396238e+08
1.305482815740008056e+08
1.294949474057331830e+08
1.283843519928540587e+08
1.272626780884393305e+08
1.261706951884694844e+08
1.251425322256797552e+08
1.242049341241647005e+08
1.233770013680113852e+08
1.226703186914203465e+08
1.220894484744863361e+08
1.216326998800520599e+08
1.212930998743703216e+08
1.210594875088390708e+08
1.209176705193645954e+08
1.208515762224698365e+08
1.208443151776221544e+08
1.208791545306962430e+08
1.209403333115395755e+08
1.210137105855587274e+08
1.210872333511007726e+08
1.211512252250747383e+08
1.211985074486381114e+08
1.212243662518303692e+08
1.212263929369357526e+08
1.212042231850801110e+08
1.211592041108224243e+08
1.210940181936225593e+08
1.210122912642128766e+08
1.209182088504459858e+08
1.208161613165724128e+08
1.207104337429009825e+08
1.206049517551810145e+08
1.205030894674943388e+08
1.204075420415204763e+08
1.203202599729553014e+08
1.202424402505801618e+08
1.201745660684709102e+08
1.201164854362923950e+08
1.200675182566824108e+08
1.200265795484253764e+08
1.199923100337327123e+08
1.199632041456934661e+08
1.199377290973541439e+08
1.199144224169182628e+08
1.198919775112032741e+08
1.198692972370793372e+08
1.198455318422176540e+08
1.198200910114189237e+08
1.197926376610996276e+08
1.197630664591902494e+08
1.197314692752928436e+08
1.196980941948442757e+08
1.196632988376263082e+08
1.196275054906795621e+08
1.195911585706636459e+08
1.195546871634238660e+08
1.195184761764777601e+08
1.194828440019203424e+08
1.194480309653358757e+08
1.194141916836432219e+08
1.193813995951334834e+08
1.193496519671491534e+08
1.193188862050536126e+08
1.192889894998758435e+08
1.192598174400597811e+08
1.192312095604010820e+08
1.192030032870452702e+08
1.191750462082684934e+08
1.191472054886889160e+08
1.191193742631376088e+08
1.190914750126131177e+08
1.190634601529398412e+08
1.190353102424149066e+08
1.190070303324967176e+08
1.189786450452199727e+08
1.189501929666981697e+08
1.189217209957733005e+08
1.188932785768608749e+08
1.188649134331691861e+08
1.188366637085458636e+08
1.188085716232980937e+08
1.187806570644727051e+08
1.187529339599577636e+08
1.187254072125727981e+08
1.186980711466081142e+08
1.186709154027111530e+08
1.186439240575386882e+08
1.186170791159548312e+08
1.185903601021709144e+08
1.185637497334821224e+08
1.185372306889415085e+08
1.185107910698204488e+08
1.184844218439739645e+08
1.184581154335311949e+08
1.184318712880386412e+08
1.184056901255698353e+08
1.183795760661946535e+08
1.183535332238690555e+08
1.183275678937539309e+08
1.183016861681182981e+08
1.182758936324954331e+08
1.182501950804049373e+08
1.182245937770478129e+08
1.181990920023189038e+08
1.181736906179699898e+08
1.181483894655728638e+08
1.181231869715422988e+08
1.180980813404272795e+08
1.180730707272437662e+08
1.180481522343373001e+08
1.180233230761345625e+08
1.179985814351702929e+08
1.179739259587834626e+08
1.179493555327056348e+08
1.179248703241051286e+08
1.179004696560641527e+08
1.178761544328316599e+08
1.178519249888405949e+08
1.178277804693169743e+08
1.178037236025275588e+08
1.177797551477740109e+08
1.177558763589062393e+08
1.177320870122522563e+08
1.177083880905685127e+08
1.176847801024579406e+08
1.176612632561777532e+08
1.176378378408624232e+08
1.176145036777051091e+08
1.175912607268879861e+08
1.175681092945061922e+08
1.175450475997970402e+08
1.175220767738116384e+08
1.174991966186313629e+08
1.174764071230949759e+08
1.174537085194522738e+08
1.174311010029368401e+08
1.174085848238883913e+08
1.173861602721407712e+08
1.173638276599764526e+08
1.173415873055997491e+08
1.173194395187005252e+08
1.172973845892032683e+08
1.172754228218799978e+08
1.172535544988577068e+08
1.172317795929557830e+08
1.172100984127386212e+08
1.171885111080117077e+08
1.171670178116893172e+08
1.171456186462947428e+08
1.171243137300266922e+08
1.171031031818076521e+08
1.170819871249364465e+08
1.170609658875882328e+08
1.170400392090392411e+08
1.170192074314270020e+08
1.169984707022001147e+08
1.169778291706994474e+08
1.169572829853270799e+08
1.169368322907451689e+08
1.169164772344998717e+08
1.168962179284167290e+08
1.168760545024502128e+08
1.168559870669999570e+08
1.168360157220919430e+08
1.168161403833539933e+08
1.167963614790511727e+08
1.167766789085995257e+08
1.167570927371495962e+08
1.167376030234372914e+08
1.167182098205216825e+08
1.166989131762925088e+08
1.166797131337265223e+08
1.166606097309043705e+08
1.166416030113351047e+08
1.166226930158239752e+08
1.166038797080627680e+08
1.165851631379318237e+08
1.165665433525515050e+08
1.165480202727226615e+08
1.165295939403215349e+08
1.165112643385896385e+08
1.164930314477620274e+08
1.164748952409302890e+08
1.164568556842217445e+08
1.164389127370211780e+08
1.164210665259840190e+08
1.164033166491311491e+08
1.163856632217854261e+08
1.163681061785398275e+08
1.163506453202130347e+08
1.163332808247035146e+08
1.163160124824036062e+08
1.162988402048840821e+08
1.162817638979660124e+08
1.162647834616947919e+08
1.162478987903195620e+08
1.162311097722857296e+08
1.162144163054248691e+08
1.161978182360631526e+08
1.161813154941492379e+08
1.161649078581594825e+08
1.161485952648059428e+08
1.161323775024392754e+08
1.161162544533604831e+08
1.161002259661476016e+08
1.160842918699976057e+08
1.160684515202021450e+08
1.160527057103968263e+08
1.160370538454662263e+08
1.160214956175468862e+08
1.160060309039250016e+08
1.159906595137358606e+08
1.159753812514083982e+08
1.159601959167285264e+08
1.159451033049055338e+08
1.159301032451510727e+08
1.159151954466912448e+08
1.159003797299721241e+08
1.158856558726332635e+08
1.158710236481183469e+08
1.158564828257560730e+08
1.158420334219100177e+08
1.158277175715486556e+08
1.158135012028607428e+08
1.157993745458916426e+08
1.157853374548467249e+08
1.157713895487038791e+08
1.157575306599700451e+08
1.157437604895535707e+08
1.157300788833155483e+08
1.157164852654393315e+08
1.157029795391608179e+08
1.156895614278796017e+08
1.156762306527618617e+08
1.156629869326957613e+08
1.156498299842570424e+08
1.156367595216860473e+08
1.156237752568760663e+08
1.156108768993723094e+08
1.155980641563804150e+08
1.155853367327829301e+08
1.155726943311620206e+08
1.155601366518267244e+08
1.155476633928434849e+08
1.155352742500684857e+08
1.155229689171810597e+08
1.155107470857182890e+08
1.154986084451095611e+08
1.154865526827124953e+08
1.154745794838494956e+08
1.154626885318457782e+08
1.154508795080689788e+08
1.154391520919704437e+08
1.154275059611284584e+08
1.154159407912929356e+08
1.154044562564316690e+08
1.153930520287777930e+08
