9.176686101330751181e+08
8.500495020587260723e+08
7.863797338643978834e+08
7.267277974695378542e+08
6.703005609973394871e+08
6.172181243727383614e+08
5.675799754380342960e+08
5.214512643706106544e+08
4.788582538175085783e+08
4.397874856747484207e+08
4.041883788986505866e+08
3.719787755705699921e+08
3.430532507413134575e+08
3.172906663066996336e+08
2.945566895971996188e+08
2.747026084527714252e+08
2.575629635729703605e+08
2.429534322614391148e+08
2.306702643946876526e+08
2.204919227940945625e+08
2.121825226663415134e+08
2.054964970734188259e+08
2.001842784920215011e+08
1.959986014289815724e+08
1.927009483107957542e+08
1.900422467984004319e+08
1.877975951751412153e+08
1.857882599792508781e+08
1.838667437416189909e+08
1.819178074774677753e+08
1.798582480217100382e+08
1.776353362019198537e+08
1.754260931879122555e+08
1.731752422117688060e+08
1.707084164469181895e+08
1.680647005275912881e+08
1.652862042805395424e+08
1.624231228790834844e+08
1.595295466608052850e+08
1.566596933498492837e+08
1.538646902141429484e+08
1.511899845776807666e+08
1.486734238563262820e+08
1.463440107941667736e+08
1.442213120893337727e+08
1.423154639835318029e+08
1.406276995640287995e+08
1.391513071914351881e+08
1.378729135351922810e+08
1.367739717669745088e+08
1.358323693739325702e+08
1.350240168675834537e+08
1.343243513515629172e+08
1.337096667777599394e+08
1.331582157692862600e+08
1.326510438717754483e+08
1.321725442522017658e+08
1.317107294497458488e+08
1.312572474393866956e+08
1.308071701393593848e+08
1.303586018617183864e+08
1.299121578249352425e+08
1.294703619161413908e+08
1.290370172728115320e+08
1.286165918718937486e+08
1.282136644556715786e+08
1.278324475754505247e+08
1.274764228189098388e+08
1.271480874705200344e+08
1.268488178915741742e+08
1.265788431907017678e+08
1.263373113319868296e+08
1.261224319592479318e+08
1.259316760344049335e+08
1.257620025017634481e+08
1.256099718130015433e+08
1.254720197189202160e+08
1.253449463564355522e+08
1.252258613061372936e+08
1.251123013577792645e+08
1.250022993604720235e+08
1.248944137125498652e+08
1.247877091537066698e+08
1.246817080986252278e+08
1.245763127407829463e+08
1.244717149369521290e+08
1.243682986588485092e+08
1.242665453849923909e+08
1.241669494892544001e+08
1.240699491114165485e+08
1.239758753486439437e+08
1.238849214213748574e+08
1.237971308948607296e+08
1.237124027599011660e+08
1.236305102612800449e+08
1.235511298274297118e+08
1.234738744903632551e+08
1.233983297701750398e+08
1.233240869238793552e+08
1.232507719776653647e+08
1.231780668436711878e+08
1.231057237670619041e+08
1.230335712874407321e+08
1.229615129909863025e+08
1.228895201396282017e+08
1.228176197588829696e+08
1.227458801947689652e+08
1.226743944204500616e+08
1.226032663460231721e+08
1.225325965101650804e+08
1.224624720040400475e+08
1.223929588936333060e+08
1.223240986808728427e+08
1.222559075474030972e+08
1.221883785013278425e+08
1.221214854946130365e+08
1.220551888313981295e+08
1.219894411404352784e+08
1.219241929175866693e+08
1.218593978343473971e+08
1.217950164103911519e+08
1.217310185872943550e+08
1.216673848596159816e+08
1.216041061204601079e+08
1.215411824445030391e+08
1.214786211063008904e+08
1.214164341640867740e+08
1.213546359323417842e+08
1.212932406268893778e+08
1.212322604032015800e+08
1.211717042808602601e+08
1.211115759267732501e+08
1.210518755172321945e+08
1.209925986366685033e+08
1.209337373232433796e+08
1.208752810337034315e+08
1.208172177274399400e+08
1.207595352914547473e+08
1.207022210526823103e+08
1.206452646829573661e+08
1.205886570838885009e+08
1.205323913326566070e+08
1.204764626936905682e+08
1.204208669142023176e+08
1.203656022713826597e+08
1.203106676478388757e+08
1.202560624055373818e+08
1.202017859467816800e+08
1.201478374528580308e+08
1.200942156541767120e+08
1.200409187255461663e+08
1.199879442716550231e+08
1.199352894483101815e+08
1.198829511016917974e+08
1.198309258869579285e+08
1.197792105159936547e+08
1.197278019032650739e+08
1.196766973099946678e+08
1.196258943691615760e+08
1.195753911904891580e+08
1.195251871383789778e+08
1.194752795627311766e+08
1.194256688953195512e+08
1.193763583220184743e+08
1.193273387624459863e+08
1.192786148448486030e+08
1.192301853312925845e+08
1.191820643990498036e+08
1.191342272788057029e+08
1.190866792126799226e+08
1.190394237792341560e+08
1.189924603037954122e+08
1.189457880829281807e+08
1.188994067305659056e+08
1.188533150632117689e+08
1.188075128209786564e+08
1.187619995418427736e+08
1.187167748481826782e+08
1.186718384296877980e+08
1.186271900425578505e+08
1.185828294828992188e+08
1.185387543319541663e+08
1.184949688820824027e+08
1.184514707515527308e+08
1.184082598811833113e+08
1.183653356727227271e+08
1.183226980757002383e+08
1.182803468161128163e+08
1.182382816693649590e+08
1.181965021945493817e+08
1.181550081482709050e+08
1.181137992735454738e+08
1.180728751455961615e+08
1.180322355115381181e+08
1.179918800645540059e+08
1.179518084981480092e+08
1.179120205029379874e+08
1.178725157628568709e+08
1.178332939513092488e+08
1.177943547277492136e+08
1.177556980917759985e+08
1.177173229536273479e+08
1.176792293655046076e+08
1.176414167782439440e+08
1.176038849079682231e+08
1.175666330612668693e+08
1.175296613404467404e+08
1.174929684155484289e+08
1.174565542015020251e+08
1.174204186836444139e+08
1.173845604026398957e+08
1.173489792840536833e+08
1.173136748922719359e+08
1.172786467353484929e+08
1.172438937398574352e+08
1.172094160651388764e+08
1.171752124740409255e+08
1.171412822038375288e+08
1.171076249834657162e+08
1.170742408345873207e+08
1.170411309491930902e+08
1.170082883657343686e+08
1.169757159275851548e+08
1.169434131803900599e+08
1.169113787710288614e+08
1.168796122106623352e+08
1.168481126990031004e+08
1.168168794185193777e+08
1.167859115344727933e+08
1.167552081949407458e+08
1.167247685579219759e+08
1.166945916830098331e+08
1.166646766942639947e+08
1.166350226717537940e+08
1.166056286789701581e+08
1.165764937630947530e+08
1.165476169834909141e+08
1.165189972991723716e+08
1.164906337385647297e+08
1.164625252867505550e+08
1.164346709484077543e+08
1.164070696107498407e+08
1.163797202497409284e+08
1.163526217930760384e+08
1.163257731547083855e+08
1.162991732350720465e+08
1.162728209213059396e+08
1.162467150874847621e+08
1.162208545948602408e+08
1.161952382920863330e+08
1.161698649973095655e+08
1.161447335712996721e+08
1.161198428084896803e+08
1.160951915100199878e+08
1.160707784658582360e+08
1.160466024550864398e+08
1.160226622461864352e+08
1.159989565973229110e+08
1.159754842821897268e+08
1.159522439879306704e+08
1.159292344690950066e+08
1.159064544453829229e+08
1.158839026275806427e+08
1.158615777178447843e+08
1.158394784099881947e+08
1.158176033897671551e+08
1.157959513351689577e+08
1.157745209166983664e+08
1.157533108676497340e+08
1.157323197259507477e+08
1.157115461753896177e+08
1.156909888659984022e+08
1.156706464428990185e+08
1.156505175375773013e+08
1.156306007674943060e+08
1.156108947705401629e+08
1.155913981535558403e+08
1.155721095273644626e+08
1.155530274982700646e+08
1.155341506692046076e+08
1.155154777050090432e+08
1.154970071005151868e+08
1.154787374413856268e+08
1.154606673519759774e+08
1.154427954167698473e+08
1.154251202174813151e+08
1.154076403332968652e+08
1.153903543411150873e+08
1.153732608157842904e+08
1.153563583351676464e+08
1.153396455626686811e+08
1.153231208698303998e+08
1.153067829274312407e+08
1.152906303274828941e+08
1.152746616051272303e+08
1.152588753206291199e+08
1.152432700557669103e+08
1.152278443772254288e+08
1.152125968628016561e+08
1.151975262509944737e+08
