4.661847283822403103e+07
4.174085886485178769e+07
3.797648228591983020e+07
3.530111537267138064e+07
3.363769892650352418e+07
3.283386813195950538e+07
3.265498286640594527e+07
3.281695501990470290e+07
3.305510529258640110e+07
3.318323341626196355e+07
3.310875888469998538e+07
3.281453997217562050e+07
3.233175122086187452e+07
3.171663763213321567e+07
3.103371159447553754e+07
3.034433288308310136e+07
2.969920454632353038e+07
2.913378742564485967e+07
2.866616247550455108e+07
2.829720812712990493e+07
2.801302453883488476e+07
2.778932099170895293e+07
2.759708535624586046e+07
2.740848294239370152e+07
2.720181566596239060e+07
2.696462011449290812e+07
2.669450532308792695e+07
2.639790608324282616e+07
2.608735020273963735e+07
2.577802256588272750e+07
2.548438562860671803e+07
2.521746469531352445e+07
2.498319520129576325e+07
2.478199575435445830e+07
2.460949529107154161e+07
2.445813045975862443e+07
2.431917811879429966e+07
2.418473696931204200e+07
2.404923632992785424e+07
2.391020990022937953e+07
2.376827406664614752e+07
2.362643600006775558e+07
2.348898346528707445e+07
2.336025925513711199e+07
2.324360302870567888e+07
2.314066973976787180e+07
2.305122699188679829e+07
2.297341676363363862e+07
2.290436320838337764e+07
2.284093966008417681e+07
2.278048969514837861e+07
2.272133156596526504e+07
2.266295003693581372e+07
2.260587093142789602e+07
2.255129503183570504e+07
2.250061882029561698e+07
2.245498064628617465e+07
2.241494492454303056e+07
2.238038564474975690e+07
2.235057025074236840e+07
2.232439241321296990e+07
2.230067012709857896e+07
2.227841994901287556e+07
2.225703730541796237e+07
2.223634829181091487e+07
2.221653835241020471e+07
2.219799609240945056e+07
2.218112819956388697e+07
2.216620127534379438e+07
2.215325078305044025e+07
2.214207265822466463e+07
2.213228743881804124e+07
2.212344744596016407e+07
2.211514932889096066e+07
2.210711817422852665e+07
2.209924267410292476e+07
2.209155835678359866e+07
2.208419179183457047e+07
2.207728842308639735e+07
2.207094818449824303e+07
2.206518703510116041e+07
2.205993191402594745e+07
2.205504526875998080e+07
2.205036682618296519e+07
2.204575685602352768e+07
2.204112714832760394e+07
2.203645189568789303e+07
2.203175818847037479e+07
2.202710230778081715e+07
2.202254154307831079e+07
2.201811117433910817e+07
2.201381310091088712e+07
2.200961783248791099e+07
2.200547695628685877e+07
2.200134023062603548e+07
2.199717085965014249e+07
2.199295412556624040e+07
2.198869752880040556e+07
2.198442372083462030e+07
2.198015973514684662e+07
2.197592671845824644e+07
2.197173353167895228e+07
2.196757574166746438e+07
2.196343944514665008e+07
2.195930780174543709e+07
2.195516756313811243e+07
2.195101332438498735e+07
2.194684838216204196e+07
2.194268244910147414e+07
2.193852753542473167e+07
2.193439374222428724e+07
2.193028645931079239e+07
2.192620571924975514e+07
2.192214756770831347e+07
2.191810661076001078e+07
2.191407861411312222e+07
2.191006219631096721e+07
2.190605914667315409e+07
2.190207348065873981e+07
2.189810979263245314e+07
2.189417163514221087e+07
2.189026052584929764e+07
2.188637585225634649e+07
2.188251556547357887e+07
2.187867727657511085e+07
2.187485928083286807e+07
2.187106113964430988e+07
2.186728367739556730e+07
2.186352849522143230e+07
2.185979726985741034e+07
2.185609114258113503e+07
2.185241041716947779e+07
2.184875462963208556e+07
2.184512289780697227e+07
2.184151436551175267e+07
2.183792855038225651e+07
2.183436547482628748e+07
2.183082556579728425e+07
2.182730940356288105e+07
2.182381744672758877e+07
2.182034984932679683e+07
2.181690642980343848e+07
2.181348678070287779e+07
2.181009045291223377e+07
2.180671712884859741e+07
2.180336671731158346e+07
2.180003934527700394e+07
2.179673526752312854e+07
2.179345474457709491e+07
2.179019794356377050e+07
2.178696489762806520e+07
2.178375552924900874e+07
2.178056971540037543e+07
2.177740735900225863e+07
2.177426843478695303e+07
2.177115299417859316e+07
2.176806113400050998e+07
2.176499294860672951e+07
2.176194848899148405e+07
2.175892774563930929e+07
2.175593065898296982e+07
2.175295714884827659e+07
2.175000714747817814e+07
2.174708062164174020e+07
2.174417757631164789e+07
2.174129804144774005e+07
2.173844205031161755e+07
2.173560961984134093e+07
2.173280074082327262e+07
2.173001537994879112e+07
2.172725349028939754e+07
2.172451502368721366e+07
2.172179993894790486e+07
2.171910820278174803e+07
2.171643978434209153e+07
2.171379464706138521e+07
2.171117274216776341e+07
2.170857400682528317e+07
2.170599836727616936e+07
2.170344574501998723e+07
2.170091606297376007e+07
2.169840924901475385e+07
2.169592523585907742e+07
2.169346395799610764e+07
2.169102534754671529e+07
2.168860933102738485e+07
2.168621582820847631e+07
2.168384475307377055e+07
2.168149601592986658e+07
2.167916952538152039e+07
2.167686518922550231e+07
2.167458291404306889e+07
2.167232260397546366e+07
2.167008415951376781e+07
2.166786747701544315e+07
2.166567244920721650e+07
2.166349896641773731e+07
2.166134691796204448e+07
2.165921619309738651e+07
2.165710668123869598e+07
2.165501827149327844e+07
2.165295085185690969e+07
2.165090430849073827e+07
2.164887852537026256e+07
2.164687338436147943e+07
2.164488876556796953e+07
2.164292454770249128e+07
2.164098060828840733e+07
2.163905682363665849e+07
2.163715306868672743e+07
2.163526921686974540e+07
2.163340514012661204e+07
2.163156070911902934e+07
2.162973579356747493e+07
2.162793026259002835e+07
2.162614398492497206e+07
2.162437682898315415e+07
2.162262866275572404e+07
2.162089935365734994e+07
2.161918876839356497e+07
2.161749677290753648e+07
2.161582323241080344e+07
2.161416801146230102e+07
2.161253097404861450e+07
2.161091198363452032e+07
2.160931090318298712e+07
2.160772759516791999e+07
2.160616192160902172e+07
2.160461374414525554e+07
2.160308292414113879e+07
2.160156932280170172e+07
2.160007280126734078e+07
2.159859322066882253e+07
2.159713044214080274e+07
2.159568432680761442e+07
2.159425473576249182e+07
2.159284153005772084e+07
2.159144457071308047e+07
2.159006371873961389e+07
2.158869883517017588e+07
2.158734978108938038e+07
2.158601641766068339e+07
2.158469860615358502e+07
2.158339620797606558e+07
2.158210908471516147e+07
2.158083709818401188e+07
2.157958011046962440e+07
2.157833798397438973e+07
2.157711058144620433e+07
2.157589776599656045e+07
2.157469940110965073e+07
2.157351535064784437e+07
2.157234547885818407e+07
2.157118965038269758e+07
2.157004773027255014e+07
2.156891958400484174e+07
2.156780507750068232e+07
2.156670407714398578e+07
2.156561644980143756e+07
2.156454206284414977e+07
2.156348078417103738e+07
2.156243248223285377e+07
2.156139702605511993e+07
2.156037428525809199e+07
2.155936413007275760e+07
2.155836643135291338e+07
2.155738106058434397e+07
2.155640788989266753e+07
2.155544679205111042e+07
2.155449764048907906e+07
2.155356030930159241e+07
2.155263467325961962e+07
2.155172060782094672e+07
2.155081798914160952e+07
2.154992669408777729e+07
2.154904660024800897e+07
2.154817758594559133e+07
2.154731953025034443e+07
2.154647231298947334e+07
2.154563581475682929e+07
2.154480991692069173e+07
2.154399450163003802e+07
2.154318945181987435e+07
2.154239465121607110e+07
2.154160998434000090e+07
2.154083533651337028e+07
2.154007059386319295e+07
2.153931564332694933e+07
2.153857037265792862e+07
2.153783467043066770e+07
2.153710842604637146e+07
2.153639152973824739e+07
2.153568387257647887e+07
2.153498534647271782e+07
2.153429584418387339e+07
2.153361525931519270e+07
2.153294348632267863e+07
2.153228042051490396e+07
2.153162595805450529e+07
2.153097999595942348e+07
