4.486685179594095945e+08
4.266864280244262815e+08
4.051252116232606769e+08
3.840090875781754255e+08
3.633619765099216700e+08
3.432073845938560963e+08
3.235682788470643163e+08
3.044669544683853388e+08
2.859248949097742438e+08
2.679626253730357885e+08
2.505995609671042860e+08
2.338538503137012124e+08
2.177422161686885655e+08
2.022797944690906405e+08
1.874799735300652385e+08
1.733542353088100553e+08
1.599120008652365804e+08
1.471604823620088995e+08
1.351045522674073577e+08
1.237465838987963200e+08
1.130863874765635431e+08
1.031210834640236795e+08
9.384503691564661264e+07
8.524980791628253460e+07
7.732412918312722445e+07
7.005391376551765203e+07
6.342229550674028695e+07
5.740970453311738372e+07
5.199397949807479978e+07
4.715051762750963867e+07
4.285246278967021406e+07
3.907093085910081118e+07
3.577527058156339079e+07
3.293335700799079239e+07
3.051191339427896217e+07
2.847685631299706548e+07
2.679365766102303192e+07
2.542771630917577818e+07
2.434473146119646356e+07
2.351106931610272825e+07
2.289411452217990905e+07
2.246259812011066079e+07
2.218689424183708429e+07
2.203927873618910462e+07
2.199414409551250935e+07
2.202816650104003400e+07
2.212042241370905936e+07
2.225245382621487975e+07
2.240828297238446772e+07
2.257437887598920614e+07
2.273957953723568469e+07
2.289497474063501880e+07
2.303375538025255129e+07
2.315103581463978812e+07
2.324365608044900000e+07
2.330997082448341325e+07
2.334963158654528111e+07
2.336336861810825020e+07
2.335277779920559004e+07
2.332011746536593512e+07
2.326811912479699031e+07
2.319981517708782107e+07
2.311838587729676813e+07
2.302702695616387576e+07
2.292883853445685655e+07
2.282673527661375701e+07
2.272337712906868756e+07
2.262111948942590132e+07
2.252198125652394816e+07
2.242762891680596769e+07
2.233937462436863035e+07
2.225818612313354760e+07
2.218470633047302067e+07
2.211928044182114303e+07
2.206198851415365934e+07
2.201268163138178736e+07
2.197101993553481996e+07
2.193651101348501071e+07
2.190854735004755110e+07
2.188644178567664325e+07
2.186946014287707582e+07
2.185685040322505683e+07
2.184786802111297846e+07
2.184179714676304162e+07
2.183796769660763443e+07
2.183576835180379450e+07
2.183465568441185355e+07
2.183415970547601581e+07
2.183388620049920306e+07
2.183351626683506742e+07
2.183280349605044723e+07
2.183156925444196165e+07
2.182969650897753239e+07
2.182712262648531049e+07
2.182383154349083453e+07
2.181984566524415836e+07
2.181521780761732161e+07
2.181002344697053730e+07
2.180435349286080897e+07
2.179830774844451994e+07
2.179198917519238591e+07
2.178549903340772539e+07
2.177893292905938998e+07
2.177237776138175279e+07
2.176590953506837785e+07
2.175959197596402466e+07
2.175347586999156326e+07
2.174759903148973733e+07
2.174198679887261242e+07
2.173665295210171491e+07
2.173160094733263180e+07
2.172682536862927675e+07
2.172231350415641069e+07
2.171804696407467872e+07
2.171400326879088208e+07
2.171015734861126915e+07
2.170648290861025080e+07
2.170295362513087690e+07
2.169954415232299268e+07
2.169623092813315988e+07
2.169299277890503407e+07
2.168981133003737777e+07
2.168667123686757684e+07
2.168356025506781042e+07
2.168046917339161411e+07
2.167739163368204609e+07
2.167432386378454790e+07
2.167126434857021645e+07
2.166821346286090463e+07
2.166517308786264062e+07
2.166214622996501625e+07
2.165913665765107051e+07
2.165614856897120550e+07
2.165318629873052984e+07
2.165025407136435807e+07
2.164735580254534259e+07
2.164449494996667653e+07
2.164167441153798997e+07
2.163889646744962409e+07
2.163616276121682674e+07
2.163347431389953196e+07
2.163083156517823786e+07
2.162823443481268361e+07
2.162568239816767722e+07
2.162317456990389153e+07
2.162070979054196924e+07
2.161828671135838330e+07
2.161590387390489504e+07
2.161355978131026775e+07
2.161125295937823132e+07
2.160898200630331039e+07
2.160674563055619970e+07
2.160454267712220550e+07
2.160237214279674739e+07
2.160023318164429814e+07
2.159812510201179236e+07
2.159604735666051507e+07
2.159399952765060961e+07
2.159198130759365112e+07
2.158999247879575938e+07
2.158803289166320488e+07
2.158610244355008379e+07
2.158420105901034176e+07
2.158232867218743265e+07
2.158048521184811741e+07
2.157867058935234696e+07
2.157688468965744227e+07
2.157512736528802291e+07
2.157339843306732178e+07
2.157169767330159247e+07
2.157002483103861660e+07
2.156837961898035184e+07
2.156676172161723301e+07
2.156517080016255751e+07
2.156360649789591134e+07
2.156206844556989893e+07
2.156055626658976823e+07
2.155906958173659444e+07
2.155760801326730475e+07
2.155617118828555197e+07
2.155475874133378267e+07
2.155337031620607525e+07
2.155200556702238694e+07
2.155066415863732994e+07
2.154934576647907495e+07
2.154805007592841983e+07
2.154677678135359287e+07
2.154552558491532505e+07
2.154429619524947554e+07
2.154308832612263784e+07
2.154190169514158368e+07
2.154073602258030325e+07
2.153959103037133813e+07
2.153846644129078463e+07
2.153736197835088894e+07
2.153627736440017074e+07
2.153521232191939652e+07
2.153416657299300283e+07
2.153313983942899853e+07
2.153213184299694374e+07
2.153114230575171113e+07
2.153017095041188598e+07
2.152921750076342374e+07
2.152828168206296861e+07
2.152736322141949087e+07
2.152646184813775495e+07
2.152557729401200265e+07
2.152470929356309026e+07
2.152385758421654627e+07
2.152302190642281622e+07
2.152220200372404605e+07
2.152139762277389318e+07
2.152060851331843436e+07
2.151983442814715207e+07
2.151907512302282453e+07
2.151833035659904778e+07
2.151759989033302665e+07
2.151688348840037361e+07
2.151618091761706024e+07
2.151549194737241417e+07
2.151481634957564622e+07
2.151415389861698449e+07
2.151350437134348601e+07
2.151286754704848677e+07
2.151224320747309551e+07
2.151163113681747019e+07
2.151103112175947055e+07
2.151044295147813484e+07
2.150986641767947376e+07
2.150930131462240219e+07
2.150874743914286792e+07
2.150820459067465365e+07
2.150767257126575708e+07
2.150715118558960408e+07
2.150664024095086008e+07
2.150613954728580266e+07
2.150564891715757921e+07
2.150516816574693099e+07
2.150469711083900928e+07
2.150423557280704007e+07
2.150378337459366024e+07
2.150334034169065207e+07
2.150290630211774260e+07
2.150248108640110865e+07
2.150206452755196765e+07
2.150165646104566008e+07
2.150125672480145097e+07
2.150086515916308016e+07
2.150048160688013583e+07
2.150010591309012100e+07
2.149973792530113459e+07
2.149937749337489903e+07
2.149902446951003745e+07
2.149867870822530985e+07
2.149834006634265184e+07
2.149800840296988189e+07
2.149768357948289812e+07
2.149736545950726420e+07
2.149705390889916569e+07
2.149674879572567716e+07
2.149644999024436623e+07
2.149615736488226056e+07
2.149587079421423376e+07
2.149559015494091809e+07
2.149531532586614788e+07
2.149504618787409738e+07
2.149478262390618026e+07
2.149452451893772930e+07
2.149427175995460525e+07
2.149402423592970520e+07
2.149378183779951930e+07
2.149354445844065398e+07
2.149331199264639989e+07
2.149308433710340038e+07
2.149286139036830142e+07
2.149264305284452066e+07
2.149242922675900534e+07
2.149221981613907218e+07
2.149201472678923607e+07
2.149181386626808718e+07
2.149161714386519045e+07
2.149142447057794034e+07
2.149123575908850878e+07
2.149105092374073714e+07
2.149086988051712513e+07
2.149069254701577127e+07
2.149051884242742509e+07
2.149034868751257658e+07
2.149018200457860529e+07
2.149001871745701879e+07
2.148985875148080289e+07
2.148970203346189111e+07
2.148954849166872725e+07
2.148939805580398068e+07
2.148925065698241442e+07
2.148910622770888731e+07
2.148896470185653120e+07
2.148882601464506239e+07
2.148869010261931270e+07
2.148855690362784266e+07
