2.185497696954450905e+08
1.969553281133787930e+08
1.769321944461932480e+08
1.584913231381810308e+08
1.416355179287413359e+08
1.263584708807161003e+08
1.126438212852756679e+08
1.004642758817117214e+08
8.978084637677501142e+07
8.054224968697881699e+07
7.268459705194157362e+07
6.613138067040959746e+07
6.079389602750068903e+07
5.657214585577804595e+07
5.335627761109121144e+07
5.102856619078083336e+07
4.946590616074180603e+07
4.854272353661643714e+07
4.813416395043489337e+07
4.811937121607929468e+07
4.838464665623813123e+07
4.882628075170231611e+07
4.935287553972683102e+07
4.988702433422794193e+07
5.036627640142943710e+07
5.074337814557405561e+07
5.098583987098222226e+07
5.107492166143494844e+07
5.100416018868288398e+07
5.077757042816013098e+07
5.040765480887477100e+07
4.991334099460503459e+07
4.931795223599692434e+07
4.864729447423289716e+07
4.792792463697987795e+07
4.718564638390225172e+07
4.644426361497589201e+07
4.572460840900382400e+07
4.504384840108859539e+07
4.441506848323546350e+07
4.384711270318247378e+07
4.334466407629311085e+07
4.290853265753699094e+07
4.253611580343379825e+07
4.222198941752094030e+07
4.195858554078583419e+07
4.173691033659739792e+07
4.154726056101132929e+07
4.137987967255036533e+07
4.122556277133153379e+07
4.107612375905194879e+07
4.092475174664436281e+07
4.076623081177186221e+07
4.059702794668771327e+07
4.041525970902559906e+07
4.022055516815453768e+07
4.001383779720122367e+07
3.979705180997256190e+07
3.957285911241075397e+07
3.934433174083681405e+07
3.911466173821403086e+07
3.888690629985734820e+07
3.866378115802483261e+07
3.844751001791238785e+07
3.823973281237030774e+07
3.804147095332723111e+07
3.785314389242105931e+07
3.767462834642140567e+07
3.750534959447069466e+07
3.734439333182627708e+07
3.719062661180116236e+07
3.704281730358051509e+07
3.689974306912782043e+07
3.676028291610730439e+07
3.662348670054198802e+07
3.648862032196161151e+07
3.635518658461152017e+07
3.622292363375223428e+07
3.609178440121222287e+07
3.596190154070129991e+07
3.583354287897451967e+07
3.570706247681619972e+07
3.558285201825352013e+07
3.546129660191164166e+07
3.534273797744354606e+07
3.522744729627522081e+07
3.511560828947626799e+07
3.500731077844296396e+07
3.490255353979250789e+07
3.480125486802100390e+07
3.470326873773984611e+07
3.460840427028758079e+07
3.451644624347046018e+07
3.442717461557446420e+07
3.434038141914849728e+07
3.425588386171142012e+07
3.417353299250935018e+07
3.409321780302954465e+07
3.401486507838488370e+07
3.393843567250455171e+07
3.386391812118812650e+07
3.379132062611582875e+07
3.372066244520811737e+07
3.365196562626566738e+07
3.358524784525774419e+07
3.352051688600204140e+07
3.345776705335635692e+07
3.339697757449887693e+07
3.333811283505798876e+07
3.328112413531764224e+07
3.322595254607159644e+07
3.317253239655739069e+07
3.312079493458879739e+07
3.307067175277036801e+07
3.302209766227883101e+07
3.297501280313130841e+07
3.292936389305910468e+07
3.288510462339161336e+07
3.284219529957719892e+07
3.280060188921533525e+07
3.276029467835728452e+07
3.272124674735188112e+07
3.268343246359535307e+07
3.264682615532010794e+07
3.261140108450711146e+07
3.257712878507154435e+07
3.254397878123613074e+07
3.251191865602516383e+07
3.248091440514909476e+07
3.245093098952633142e+07
3.242193299088146910e+07
3.239388527827060595e+07
3.236675360678173974e+07
3.234050509000261128e+07
3.231510851174856722e+07
3.229053446995864809e+07
3.226675534411089122e+07
3.224374516493730247e+07
3.222147935660759360e+07
3.219993444773566723e+07
3.217908777204507589e+07
3.215891719859429821e+07
3.213940091831926256e+07
3.212051730247275531e+07
3.210224483726720139e+07
3.208456212903624773e+07
3.206744796653002128e+07
3.205088142212707549e+07
3.203484197192471474e+07
3.201930961560587585e+07
3.200426498012784123e+07
3.198968939589695632e+07
3.197556493937696517e+07
3.196187444126505405e+07
3.194860146382290870e+07
3.193573025422947481e+07
3.192324568269927427e+07
3.191113317457201332e+07
3.189937864479316771e+07
3.188796844147165865e+07
3.187688930289430171e+07
3.186612832988588512e+07
3.185567297308149561e+07
3.184551103279767558e+07
3.183563066792502254e+07
3.182602040968278050e+07
3.181666917614275962e+07
3.180756628402975947e+07
3.179870145527432859e+07
3.179006481694053113e+07
3.178164689429596812e+07
3.177343859777779132e+07
3.176543120533260703e+07
3.175761634201174974e+07
3.174998595878566802e+07
3.174253231234238297e+07
3.173524794722734392e+07
3.172812568115630001e+07
3.172115859377891198e+07
3.171434001867070049e+07
3.170766353794388846e+07
3.170112297862899676e+07
3.169471240989771485e+07
3.168842614025890827e+07
3.168225871403139457e+07
3.167620490663824230e+07
3.167025971853112057e+07
3.166441836779996008e+07
3.165867628172101080e+07
3.165302908762446046e+07
3.164747260351563990e+07
3.164200282886624336e+07
3.163661593591779843e+07
3.163130826172958314e+07
3.162607630107883364e+07
3.162091670020275936e+07
3.161582625127556920e+07
3.161080188745031878e+07
3.160584067826720327e+07
3.160093982523684949e+07
3.159609665744020417e+07
3.159130862703825906e+07
3.158657330464254320e+07
3.158188837455256283e+07
3.157725162991089001e+07
3.157266096785449982e+07
3.156811438475326449e+07
3.156360997162009403e+07
3.155914590976058692e+07
3.155472046670331806e+07
3.155033199242384732e+07
3.154597891584857926e+07
3.154165974160417914e+07
3.153737304696507752e+07
3.153311747894775122e+07
3.152889175150386989e+07
3.152469464277451858e+07
3.152052499238043651e+07
3.151638169873822853e+07
3.151226371640491486e+07
3.150817005346333608e+07
3.150409976896691695e+07
3.150005197046380490e+07
3.149602581161854416e+07
3.149202048994448781e+07
3.148803524465408921e+07
3.148406935462745279e+07
3.148012213649407774e+07
3.147619294281818718e+07
3.147228116037633643e+07
3.146838620851519704e+07
3.146450753757933155e+07
3.146064462740067020e+07
3.145679698584495857e+07
3.145296414741278440e+07
3.144914567189546302e+07
3.144534114308736846e+07
3.144155016755685955e+07
3.143777237347744405e+07
3.143400740952003002e+07
3.143025494380530715e+07
3.142651466291427240e+07
3.142278627095305175e+07
3.141906948866781592e+07
3.141536405260472745e+07
3.141166971431034803e+07
3.140798623956792802e+07
3.140431340766656026e+07
3.140065101070034876e+07
3.139699885289630666e+07
3.139335674997000396e+07
3.138972452850902826e+07
3.138610202538399026e+07
3.138248908718751743e+07
3.137888556970109791e+07
3.137529133738935739e+07
3.137170626292131841e+07
3.136813022671750933e+07
3.136456311652185768e+07
3.136100482699701935e+07
3.135745525934173912e+07
3.135391432092902809e+07
3.135038192496391386e+07
3.134685799015986919e+07
3.134334244043296576e+07
3.133983520461298153e+07
3.133633621617091820e+07
3.133284541296210140e+07
3.132936273698431253e+07
3.132588813415010646e+07
3.132242155407259613e+07
3.131896294986373186e+07
3.131551227794432640e+07
3.131206949786476791e+07
3.130863457213574275e+07
3.130520746606798097e+07
3.130178814762050658e+07
3.129837658725665510e+07
3.129497275780748203e+07
3.129157663434205204e+07
3.128818819404439628e+07
3.128480741609676555e+07
3.128143428156907111e+07
3.127806877331420034e+07
3.127471087586909533e+07
3.127136057536129653e+07
3.126801785942082107e+07
3.126468271709702909e+07
3.126135513878049701e+07
3.125803511612921953e+07
3.125472264199944213e+07
3.125141771038046479e+07
3.124812031633340567e+07
3.124483045593366027e+07
3.124154812621687353e+07
3.123827332512810081e+07
3.123500605147411674e+07
3.123174630487858132e+07
3.122849408573977649e+07
3.122524939519088715e+07
