1.421069335354034603e+08
1.287018192507628798e+08
1.161371940887319595e+08
1.044381387913404107e+08
9.362620785292196274e+07
8.371861448783661425e+07
7.472732993846885860e+07
6.665810766848508269e+07
5.950945376652231067e+07
5.327157966741724312e+07
4.792539206512692571e+07
4.344159724589265138e+07
3.978002091983079165e+07
3.688926597622436285e+07
3.470684323766320199e+07
3.315990560596406832e+07
3.216668551202324778e+07
3.163867328852477297e+07
3.148348160186352581e+07
3.160823091721826047e+07
3.192318667260343581e+07
3.234530915180220082e+07
3.280136529867845774e+07
3.323030526697747782e+07
3.358471253921487182e+07
3.383126707390885055e+07
3.395028462414516509e+07
3.393448824718308449e+07
3.378721965458989143e+07
3.352031059302462637e+07
3.315181778681919351e+07
3.270379127241652459e+07
3.220020579066644609e+07
3.166514558164609224e+07
3.112129841599768400e+07
3.058878639542917162e+07
3.008433876866629720e+07
2.962079479410039634e+07
2.920691143632161245e+07
2.884744049882543832e+07
2.854343209439330921e+07
2.829271589769670367e+07
2.809050846426283941e+07
2.793009412954647839e+07
2.780352884201215953e+07
2.770232065064982325e+07
2.761804728782327473e+07
2.754287987832190469e+07
2.746999160327304155e+07
2.739384036546695232e+07
2.731032433840393275e+07
2.721681802089513838e+07
2.711210351618758589e+07
2.699621687512340024e+07
2.687023237061564624e+07
2.673600858251712471e+07
2.659591939293701202e+07
2.645259074426565319e+07
2.630866066636064649e+07
2.616657601638119295e+07
2.602843495846717805e+07
2.589587977081020176e+07
2.577004039117995650e+07
2.565152543605939299e+07
2.554045443723933399e+07
2.543652285960406438e+07
2.533909016034433618e+07
2.524728072522556782e+07
2.516008791209571809e+07
2.507647252963249385e+07
2.499544871919646114e+07
2.491615219852094352e+07
2.483788796531146392e+07
2.476015665175347030e+07
2.468266059749692678e+07
2.460529223737916350e+07
2.452810850166013092e+07
2.445129551479721442e+07
2.437512816675675660e+07
2.429992869378045574e+07
2.422602803744456172e+07
2.415373283018381149e+07
2.408329996651787311e+07
2.401491975465939939e+07
2.394870774270016700e+07
2.388470454122328758e+07
2.382288236844475940e+07
2.376315665080982447e+07
2.370540082579484209e+07
2.364946250010268018e+07
2.359517928621160984e+07
2.354239293387915194e+07
2.349096074598657340e+07
2.344076367476648465e+07
2.339171089328238368e+07
2.334374099311062321e+07
2.329682024655626714e+07
2.325093857447749376e+07
2.320610397298972309e+07
2.316233617720431834e+07
2.311966028998546302e+07
2.307810098157925904e+07
2.303767774334178865e+07
2.299840145655640960e+07
2.296027241183587164e+07
2.292327972799028084e+07
2.288740199912263826e+07
2.285260890472850949e+07
2.281886346519130468e+07
2.278612461203575134e+07
2.275434976399239153e+07
2.272349714895781130e+07
2.269352767930027097e+07
2.266440626413888112e+07
2.263610251821403950e+07
2.260859089510826766e+07
2.258185032714337856e+07
2.255586349177920446e+07
2.253061584354998171e+07
2.250609455233863741e+07
2.248228747562677041e+07
2.245918226795685291e+07
2.243676569950154424e+07
2.241502322172534466e+07
2.239393878561898321e+07
2.237349489010564983e+07
2.235367281719497591e+07
2.233445299745970219e+07
2.231581544456050918e+07
2.229774020008336008e+07
2.228020773844369501e+07
2.226319929419348389e+07
2.224669708872887865e+07
2.223068444820884615e+07
2.221514581781414151e+07
2.220006668807286769e+07
2.218543345611640811e+07
2.217123324816579372e+07
2.215745372948851436e+07
2.214408292507304251e+07
2.213110906914434209e+07
2.211852049530672282e+07
2.210630557245957106e+07
2.209445268549203128e+07
2.208295025474338233e+07
2.207178678471538424e+07
2.206095093069872260e+07
2.205043157177263498e+07
2.204021787981650233e+07
2.203029937637592852e+07
2.202066597203072160e+07
2.201130798589083552e+07
2.200221614561925083e+07
2.199338157065172121e+07
2.198479574286237732e+07
2.197645046973371506e+07
2.196833784515662119e+07
2.196045021242158860e+07
2.195278013293645903e+07
2.194532036291783303e+07
2.193806383895087242e+07
2.193100367207258195e+07
2.192413314903875440e+07
2.191744573876886815e+07
2.191093510165445507e+07
2.190459509944565594e+07
2.189841980373964459e+07
2.189240350159964710e+07
2.188654069743942469e+07
2.188082611092370003e+07
2.187525467118055001e+07
2.186982150804067031e+07
2.186452194127781689e+07
2.185935146891833097e+07
2.185430575563039631e+07
2.184938062202754617e+07
2.184457203546826541e+07
2.183987610264956579e+07
2.183528906401791796e+07
2.183080728979169950e+07
2.182642727722558379e+07
2.182214564866139367e+07
2.181795914989850298e+07
2.181386464847068489e+07
2.180985913151517883e+07
2.180593970304537565e+07
2.180210358056713268e+07
2.179834809109456092e+07
2.179467066670902073e+07
2.179106883985868469e+07
2.178754023861328512e+07
2.178408258207305521e+07
2.178069367609025538e+07
2.177737140940534696e+07
2.177411375023838133e+07
2.177091874331868440e+07
2.176778450728983060e+07
2.176470923239666969e+07
2.176169117834851891e+07
2.175872867225620151e+07
2.175582010655815899e+07
2.175296393687596172e+07
2.175015867976991832e+07
2.174740291039366648e+07
2.174469526007076353e+07
2.174203441383279115e+07
2.173941910796686262e+07
2.173684812762022763e+07
2.173432030450318009e+07
2.173183451471973956e+07
2.172938967674224451e+07
2.172698474953189492e+07
2.172461873079594970e+07
2.172229065536378324e+07
2.171999959365952015e+07
2.171774465024851263e+07
2.171552496243764088e+07
2.171333969891432673e+07
2.171118805841533840e+07
2.170906926842255145e+07
2.170698258388810605e+07
2.170492728599479795e+07
2.170290268095956743e+07
2.170090809888765961e+07
2.169894289268353209e+07
2.169700643702203780e+07
2.169509812738037109e+07
2.169321737912818044e+07
2.169136362667116523e+07
2.168953632264163345e+07
2.168773493712909892e+07
2.168595895694424957e+07
2.168420788491067290e+07
2.168248123918027431e+07
2.168077855256998539e+07
2.167909937191897631e+07
2.167744325746696070e+07
2.167580978225485981e+07
2.167419853154969960e+07
2.167260910229527950e+07
2.167104110258986056e+07
2.166949415119147301e+07
2.166796787705050781e+07
2.166646191886879876e+07
2.166497592468365654e+07
2.166350955147511885e+07
2.166206246479449049e+07
2.166063433841237798e+07
2.165922485398456827e+07
2.165783370073461533e+07
2.165646057515200600e+07
2.165510518070545048e+07
2.165376722757068649e+07
2.165244643237256259e+07
2.165114251794098318e+07
2.164985521308033168e+07
2.164858425235188380e+07
2.164732937586843222e+07
2.164609032910040766e+07
2.164486686269263923e+07
2.164365873229075968e+07
2.164246569837650657e+07
2.164128752611103654e+07
2.164012398518565670e+07
2.163897484967938066e+07
2.163783989792295918e+07
2.163671891236905754e+07
2.163561167946838960e+07
2.163451798955169320e+07
2.163343763671734184e+07
2.163237041872452945e+07
2.163131613689184934e+07
2.163027459600105509e+07
2.162924560420572758e+07
2.162822897294472903e+07
2.162722451685998589e+07
2.162623205371845514e+07
2.162525140433791280e+07
2.162428239251636714e+07
2.162332484496482462e+07
2.162237859124317765e+07
2.162144346369907260e+07
2.162051929740953818e+07
2.161960593012517691e+07
2.161870320221684128e+07
2.161781095662455633e+07
2.161692903880853951e+07
2.161605729670219496e+07
2.161519558066685498e+07
2.161434374344819039e+07
2.161350164013414457e+07
2.161266912811414525e+07
2.161184606703966856e+07
2.161103231878592819e+07
2.161022774741461873e+07
2.160943221913775057e+07
2.160864560228236020e+07
2.160786776725623012e+07
2.160709858651442453e+07
2.160633793452671543e+07
