3.253704755544984341e+07
3.160580089950127900e+07
3.072306156333366036e+07
2.988978950192962214e+07
2.910634547968435660e+07
2.837348682155437395e+07
2.769202387044709176e+07
2.706239559151141346e+07
2.648439959694559127e+07
2.595717346812053397e+07
2.547936626075705141e+07
2.504936661717126518e+07
2.466546087651680782e+07
2.432584153471527249e+07
2.402846200254641846e+07
2.377082740820434317e+07
2.354987618725845590e+07
2.336207258214759082e+07
2.320367394581328332e+07
2.307097535714398324e+07
2.296035977124193311e+07
2.286820334334504604e+07
2.279085168193366751e+07
2.272479419899786636e+07
2.266692847126186639e+07
2.261469987225630134e+07
2.256604050726962835e+07
2.251924195579800382e+07
2.247292761264692992e+07
2.242612706621521339e+07
2.237832182399810106e+07
2.232937874827577174e+07
2.227941769726832211e+07
2.222870981969619542e+07
2.217764414557976276e+07
2.212672151498569921e+07
2.207651975721079856e+07
2.202762256034354866e+07
2.198055226061369479e+07
2.193574339545855671e+07
2.189355271249730885e+07
2.185427227073059976e+07
2.181812199506897479e+07
2.178522854402963072e+07
2.175561413675649464e+07
2.172920817272069305e+07
2.170587210612927005e+07
2.168541901829412580e+07
2.166762072858811170e+07
2.165221148887117952e+07
2.163890004162437469e+07
2.162739035910341144e+07
2.161740060084987432e+07
2.160867154534925520e+07
2.160096636613490805e+07
2.159407043062867224e+07
2.158779616902512312e+07
2.158198971987530589e+07
2.157653296588201448e+07
2.157133928542558849e+07
2.156634731424353644e+07
2.156151734287156910e+07
2.155683024699336290e+07
2.155228527759642527e+07
2.154789454372087866e+07
2.154367610278594866e+07
2.153964913025531173e+07
2.153583220943515748e+07
2.153224270153195411e+07
2.152889501116056740e+07
2.152579799172331020e+07
2.152295344032862037e+07
2.152035668637382984e+07
2.151799819565217942e+07
2.151586454126280174e+07
2.151393848470377177e+07
2.151219929142992198e+07
2.151062410729302093e+07
2.150918986644396186e+07
2.150787461270828545e+07
2.150665791326026991e+07
2.150552104677347466e+07
2.150444760011602193e+07
2.150342424811544269e+07
2.150244104130683839e+07
2.150149101052313298e+07
2.150056957675990462e+07
2.149967424771084636e+07
2.149880450829772279e+07
2.149796149498433620e+07
2.149714734867678955e+07
2.149636457187728956e+07
2.149561568610794097e+07
2.149490309898193553e+07
2.149422890342393145e+07
2.149359455405307561e+07
2.149300063329878449e+07
2.149244686289374530e+07
2.149193225490999967e+07
2.149145520748868957e+07
2.149101352283582091e+07
2.149060448255489022e+07
2.149022504584442824e+07
2.148987207108316198e+07
2.148954244423459470e+07
2.148923313151745498e+07
2.148894125295607001e+07
2.148866419939688593e+07
2.148839971841454133e+07
2.148814591645590588e+07
2.148790121830686182e+07
2.148766434882750735e+07
2.148743433458617702e+07
2.148721047569885477e+07
2.148699227574324980e+07
2.148677937266194075e+07
2.148657150350622833e+07
2.148636848470111936e+07
2.148617017696364224e+07
2.148597644106292725e+07
2.148578711400983110e+07
2.148560201175205782e+07
2.148542093525781855e+07
2.148524366537947953e+07
2.148506995892503485e+07
2.148489956038301438e+07
2.148473222168702632e+07
2.148456771338487044e+07
2.148440582632235810e+07
2.148424637595729530e+07
2.148408921273710579e+07
2.148393422872678190e+07
2.148378135425962508e+07
2.148363055097115785e+07
2.148348180868569389e+07
2.148333514368315786e+07
2.148319059224693105e+07
2.148304820072564483e+07
2.148290801833807677e+07
2.148277009404610842e+07
2.148263447319120169e+07
2.148250119208007306e+07
2.148237027391348407e+07
2.148224172854873538e+07
2.148211555388458818e+07
2.148199173615235090e+07
2.148187025007821247e+07
2.148175106105074286e+07
2.148163412856656313e+07
2.148151940863040835e+07
2.148140685488248616e+07
2.148129642007483542e+07
2.148118805823175609e+07
2.148108172610575706e+07
2.148097738333562016e+07
2.148087499234170467e+07
2.148077451866585389e+07
2.148067593108159676e+07
2.148057920086783543e+07
2.148048430082803220e+07
2.148039120479075611e+07
2.148029988735737279e+07
2.148021032336390018e+07
2.148012248725203425e+07
2.148003635286121070e+07
2.147995189355903491e+07
2.147986908226143569e+07
2.147978789132899418e+07
2.147970829267906770e+07
2.147963025813265890e+07
2.147955375968135148e+07
2.147947876958673447e+07
2.147940526052433625e+07
2.147933320582807064e+07
2.147926257963517308e+07
2.147919335685055703e+07
2.147912551308708638e+07
2.147905902467226982e+07
2.147899386861713603e+07
2.147893002248607948e+07
2.147886746426860243e+07
2.147880617232451588e+07
2.147874612533452362e+07
2.147868730220278352e+07
2.147862968197426200e+07
2.147857324382200465e+07
2.147851796706028283e+07
2.147846383113795891e+07
2.147841081564326584e+07
2.147835890035025030e+07
2.147830806527100503e+07
2.147825829067804292e+07
2.147820955711822212e+07
2.147816184544345737e+07
2.147811513683867455e+07
2.147806941282523423e+07
2.147802465525567159e+07
2.147798084631652758e+07
2.147793796852593869e+07
2.147789600471307337e+07
2.147785493799345195e+07
2.147781475175438076e+07
2.147777542964293063e+07
2.147773695554852858e+07
2.147769931358896196e+07
2.147766248810632527e+07
2.147762646366486698e+07
2.147759122504472360e+07
2.147755675723797828e+07
2.147752304545118660e+07
2.147749007510874420e+07
2.147745783185337484e+07
2.147742630154778808e+07
2.147739547027855366e+07
2.147736532435754687e+07
2.147733585031945258e+07
2.147730703491908312e+07
2.147727886513001099e+07
2.147725132814190537e+07
2.147722441135632247e+07
2.147719810238350183e+07
2.147717238904009387e+07
2.147714725934565067e+07
2.147712270151847228e+07
2.147709870397257060e+07
2.147707525531581044e+07
2.147705234434776008e+07
2.147702996005779505e+07
2.147700809162402153e+07
2.147698672841229290e+07
2.147696585997446999e+07
2.147694547604632750e+07
2.147692556654587016e+07
2.147690612157160789e+07
2.147688713140029460e+07
2.147686858648470044e+07
2.147685047745146602e+07
2.147683279509857297e+07
2.147681553039238974e+07
2.147679867446479574e+07
2.147678221861054748e+07
2.147676615428462625e+07
2.147675047309960425e+07
2.147673516682328284e+07
2.147672022737643123e+07
2.147670564683037996e+07
2.147669141740463674e+07
2.147667753146474808e+07
2.147666398152015358e+07
2.147665076022214442e+07
2.147663786036180332e+07
2.147662527486807480e+07
2.147661299680570513e+07
2.147660101937313005e+07
2.147658933590035513e+07
2.147657793984693289e+07
2.147656682479989529e+07
2.147655598447174951e+07
2.147654541269848123e+07
2.147653510343758389e+07
2.147652505076605082e+07
2.147651524887838960e+07
2.147650569208470732e+07
2.147649637480882183e+07
2.147648729158638790e+07
2.147647843706312031e+07
2.147646980599295720e+07
2.147646139323630929e+07
2.147645319375821948e+07
2.147644520262663066e+07
2.147643741501061618e+07
2.147642982617869973e+07
2.147642243149709702e+07
2.147641522642808035e+07
2.147640820652827621e+07
2.147640136744701117e+07
2.147639470492462814e+07
2.147638821479091048e+07
2.147638189296345040e+07
2.147637573544609919e+07
2.147636973832741380e+07
2.147636389777912199e+07
2.147635821005462855e+07
2.147635267148749530e+07
2.147634727849000692e+07
2.147634202755169570e+07
2.147633691523795947e+07
2.147633193818863481e+07
2.147632709311663359e+07
2.147632237680656090e+07
2.147631778611338139e+07
2.147631331796108186e+07
2.147630896934138238e+07
2.147630473731241375e+07
2.147630061899749935e+07
2.147629661158388108e+07
2.147629271232148632e+07
2.147628891852170974e+07
2.147628522755624354e+07
2.147628163685587421e+07
