3.826787766158841550e+07
3.378931194639527798e+07
3.024053468228439242e+07
2.762925568571330607e+07
2.592717268973003700e+07
2.505050647918316722e+07
2.484365593518269062e+07
2.508366907350110635e+07
2.552001801006639376e+07
2.593441978654132783e+07
2.618360162803868949e+07
2.620732656117755175e+07
2.601194643497173488e+07
2.564601901621880755e+07
2.517792996799002588e+07
2.467882926194603369e+07
2.421086712377532572e+07
2.381979613483794779e+07
2.353116637119759619e+07
2.334973163767000660e+07
2.326187225957019627e+07
2.324065592585327476e+07
2.325267105812630802e+07
2.326526403724343330e+07
2.325264944877471030e+07
2.319971519045156240e+07
2.310306396492002159e+07
2.296957596179912239e+07
2.281326341295128688e+07
2.265134473530742154e+07
2.250038457538590580e+07
2.237315545598312095e+07
2.227665780913543701e+07
2.221150937129956484e+07
2.217267666387729347e+07
2.215127829747880995e+07
2.213698346107192338e+07
2.212042189634138718e+07
2.209506047482096404e+07
2.205818135212197155e+07
2.201085691518574208e+07
2.195707122331516072e+07
2.190231573380966112e+07
2.185205732551036775e+07
2.181044478161563724e+07
2.177951322646884620e+07
2.175899880508193374e+07
2.174672257166065276e+07
2.173937527301790193e+07
2.173345988597401232e+07
2.172614071402509511e+07
2.171580346762453765e+07
2.170222912317568064e+07
2.168639461205427349e+07
2.167000500382700562e+07
2.165491416367690265e+07
2.164259670860540867e+07
2.163379871102426201e+07
2.162843197934557498e+07
2.162570535985152423e+07
2.162442515762929618e+07
2.162336042409646884e+07
2.162156490018361807e+07
2.161857369935725257e+07
2.161443865887713432e+07
2.160961628166611493e+07
2.160476148920339718e+07
2.160049920914018527e+07
2.159724160151864588e+07
2.159509587843942270e+07
2.159387524664763361e+07
2.159319404349256679e+07
2.159260654776021838e+07
2.159174216876629740e+07
2.159039775112120807e+07
2.158856620707117394e+07
2.158640269156462699e+07
2.158414802031447738e+07
2.158203895782920346e+07
2.158023457804550603e+07
2.157877867841676995e+07
2.157760420895744860e+07
2.157657180331926793e+07
2.157552504394227266e+07
2.157434242291776836e+07
2.157297000446976721e+07
2.157142735144350678e+07
2.156978897794131190e+07
2.156815114144414663e+07
2.156659704480675608e+07
2.156517203466586769e+07
2.156387532707864791e+07
2.156266834283687174e+07
2.156149422599833831e+07
2.156030024155499786e+07
2.155905507784575969e+07
2.155775603653151169e+07
2.155642529578634351e+07
2.155509827445602417e+07
2.155380935166423768e+07
2.155258028354738653e+07
2.155141489109625667e+07
2.155030085463292152e+07
2.154921683694824576e+07
2.154814156527470052e+07
2.154706134217066690e+07
2.154597357189346850e+07
2.154488569430977106e+07
2.154381066313226894e+07
2.154276117028306425e+07
2.154174492080694437e+07
2.154076251151354238e+07
2.153980826538699493e+07
2.153887323157980293e+07
2.153794888889053464e+07
2.153703006529297307e+07
2.153611611746617407e+07
2.153521021866657585e+07
2.153431733748847991e+07
2.153344188882893696e+07
2.153258600288017839e+07
2.153174896880058944e+07
2.153092786992482841e+07
2.153011896700434759e+07
2.152931916980343312e+07
2.152852701098050177e+07
2.152774282582111657e+07
2.152696820036429912e+07
2.152620502733861655e+07
2.152545460810879990e+07
2.152471714854520932e+07
2.152399178364770114e+07
2.152327702828072757e+07
2.152257141013778746e+07
2.152187398844331130e+07
2.152118457612597942e+07
2.152050362189197540e+07
2.151983185786125436e+07
2.151916989584074914e+07
2.151851794584281743e+07
2.151787575129320100e+07
2.151724273024992645e+07
2.151661822847190499e+07
2.151600175949194655e+07
2.151539313325555623e+07
2.151479243815562129e+07
2.151419990893287212e+07
2.151361575572567433e+07
2.151304003345045447e+07
2.151247260031294823e+07
2.151191316807056963e+07
2.151136140697080642e+07
2.151081705103970692e+07
2.151027995836150274e+07
2.150975010804723576e+07
2.150922754608600214e+07
2.150871231240822002e+07
2.150820438418814167e+07
2.150770365734569728e+07
2.150720996768803895e+07
2.150672313541139662e+07
2.150624300912930816e+07
2.150576948988127336e+07
2.150530252785028517e+07
2.150484209798650816e+07
2.150438816916814446e+07
2.150394068196906522e+07
2.150349954366376996e+07
2.150306463982727379e+07
2.150263585445209220e+07
2.150221308798497543e+07
2.150179626542133093e+07
2.150138533246750385e+07
2.150098024357951432e+07
2.150058094875831157e+07
2.150018738536280394e+07
2.149979947779385746e+07
2.149941714375155419e+07
2.149904030293050408e+07
2.149866888359978050e+07
2.149830282430541515e+07
2.149794207072176784e+07
2.149758656998032331e+07
2.149723626561148465e+07
2.149689109541255236e+07
2.149655099276664853e+07
2.149621589019719139e+07
2.149588572307609022e+07
2.149556043168088049e+07
2.149523996089348197e+07
2.149492425808535516e+07
2.149461327051040158e+07
2.149430694353231415e+07
2.149400522037489712e+07
2.149370804322155565e+07
2.149341535486311093e+07
2.149312709996816888e+07
2.149284322540358454e+07
2.149256367960791290e+07
2.149228841149570048e+07
2.149201736952542141e+07
2.149175050137555972e+07
2.149148775429366529e+07
2.149122907583415136e+07
2.149097441455238312e+07
2.149072372031617537e+07
2.149047694414380938e+07
2.149023403772909194e+07
2.148999495294166356e+07
2.148975964155126363e+07
2.148952805526651070e+07
2.148930014600297064e+07
2.148907586619425565e+07
2.148885516897281632e+07
2.148863800814699754e+07
2.148842433802154288e+07
2.148821411318370700e+07
2.148800728837513179e+07
2.148780381850474700e+07
2.148760365877481177e+07
2.148740676483713835e+07
2.148721309289405122e+07
2.148702259970109165e+07
2.148683524248623103e+07
2.148665097884052992e+07
2.148646976663981751e+07
2.148629156402973831e+07
2.148611632946723327e+07
2.148594402178331465e+07
2.148577460022765398e+07
2.148560802447320148e+07
2.148544425458529592e+07
2.148528325097902119e+07
2.148512497439121455e+07
2.148496938588138670e+07
2.148481644685759395e+07
2.148466611911019683e+07
2.148451836483462900e+07
2.148437314663306996e+07
2.148423042749754339e+07
2.148409017078623176e+07
2.148395234020610899e+07
2.148381689980887622e+07
2.148368381399894133e+07
2.148355304754560068e+07
2.148342456559120119e+07
2.148329833365096897e+07
2.148317431760594994e+07
2.148305248369442672e+07
2.148293279850715026e+07
2.148281522898884863e+07
2.148269974244431406e+07
2.148258630654499307e+07
2.148247488933224231e+07
2.148236545921561867e+07
2.148225798496749997e+07
2.148215243571688980e+07
2.148204878094521165e+07
2.148194699048501253e+07
2.148184703452083841e+07
2.148174888359040022e+07
2.148165250858448446e+07
2.148155788074507192e+07
2.148146497166244686e+07
2.148137375327254832e+07
2.148128419785543531e+07
2.148119627803502232e+07
2.148110996677925438e+07
2.148102523739985004e+07
2.148094206355091929e+07
2.148086041922641546e+07
2.148078027875709534e+07
2.148070161680756882e+07
2.148062440837392956e+07
2.148054862878201529e+07
2.148047425368581712e+07
2.148040125906579196e+07
2.148032962122676522e+07
2.148025931679554656e+07
2.148019032271851227e+07
2.148012261625936627e+07
2.148005617499717698e+07
2.147999097682450712e+07
2.147992699994546175e+07
2.147986422287344187e+07
2.147980262442857027e+07
2.147974218373497576e+07
2.147968288021799549e+07
2.147962469360151514e+07
2.147956760390542448e+07
2.147951159144315124e+07
2.147945663681914657e+07
2.147940272092630342e+07
2.147934982494330406e+07
2.147929793033194542e+07
2.147924701883454248e+07
2.147919707247129083e+07
2.147914807353773713e+07
2.147910000460217148e+07
2.147905284850291163e+07
