1.418332014399202764e+08
1.266359823108406961e+08
1.126330005904472768e+08
9.985647460936558247e+07
8.833168929305016994e+07
7.807520371080766618e+07
6.909283798514287174e+07
6.137748594465964288e+07
5.490684869234186411e+07
4.964125023512385786e+07
4.552177633781893551e+07
4.246906066350877285e+07
4.038310567631626874e+07
3.913250290932814777e+07
3.853448849757226557e+07
3.845718298033466935e+07
3.877015348306249082e+07
3.934532791356886923e+07
4.006287255396624655e+07
4.081663752839930356e+07
4.151851898565919697e+07
4.210126384384712577e+07
4.251950595241940767e+07
4.274909663869111240e+07
4.278501045502050966e+07
4.263823202118684351e+07
4.233206098924468458e+07
4.189823264322468638e+07
4.137317328068704158e+07
4.079462014538474381e+07
4.019875342831888795e+07
3.961792099197211117e+07
3.907898606926628202e+07
3.860229138834583014e+07
3.820120585376739502e+07
3.788219840131752193e+07
3.764536557983852923e+07
3.748532404633615166e+07
3.739236687889102101e+07
3.735377520442682505e+07
3.735517516126310825e+07
3.738183636472894251e+07
3.741982166652192920e+07
3.745691826085996628e+07
3.748330500336996466e+07
3.749193743512650579e+07
3.747865755258388072e+07
3.744205731486856937e+07
3.738314145976861566e+07
3.730484553894237429e+07
3.721146916477587819e+07
3.710808293017411977e+07
3.699996137437847257e+07
3.689208495831608027e+07
3.678874252574902028e+07
3.669325331320884079e+07
3.660781524944809079e+07
3.653347492661172152e+07
3.647020495665212721e+07
3.641706701613702625e+07
3.637243411676626652e+07
3.633424369011884928e+07
3.630025387701163441e+07
3.626827865479824692e+07
3.623638259351221472e+07
3.620302241897601634e+07
3.616712941718716174e+07
3.612813329613167048e+07
3.608593378927960992e+07
3.604083056970904768e+07
3.599342468133717030e+07
3.594450563111451268e+07
3.589493765855831653e+07
3.584555678845096380e+07
3.579708745518214256e+07
3.575008417998568714e+07
3.570490039352474362e+07
3.566168338513932377e+07
3.562039180732703954e+07
3.558083035440845042e+07
3.554269525074321032e+07
3.550562401233278960e+07
3.546924348930005729e+07
3.543321129661788046e+07
3.539724720031324029e+07
3.536115263845111430e+07
3.532481812511338294e+07
3.528821964780560881e+07
3.525140620605648309e+07
3.521448128523933887e+07
3.517758130073816329e+07
3.514085391581623256e+07
3.510443870070097595e+07
3.506845195317376405e+07
3.503297674549970031e+07
3.499805849966811389e+07
3.496370571023275703e+07
3.492989489788845927e+07
3.489657852770970017e+07
3.486369447701468319e+07
3.483117567733366787e+07
3.479895875079063326e+07
3.476699076727403700e+07
3.473523361240390688e+07
3.470366582542076707e+07
3.467228209542809427e+07
3.464109085996289551e+07
3.461011061159421504e+07
3.457936558051685244e+07
3.454888143132540584e+07
3.451868150800780207e+07
3.448878400696203858e+07
3.445920028040707856e+07
3.442993429769455642e+07
3.440098314130279422e+07
3.437233830299568921e+07
3.434398748174998164e+07
3.431591656936509162e+07
3.428811153668789566e+07
3.426055999300462753e+07
3.423325227061743289e+07
3.420618197257396579e+07
3.417934600178621709e+07
3.415274415479368716e+07
3.412637840707851946e+07
3.410025203674135357e+07
3.407436873060016334e+07
3.404873179530455172e+07
3.402334356166797131e+07
3.399820502974618226e+07
3.397331576162194461e+07
3.394867399437929690e+07
3.392427691913623363e+07
3.390012105979514122e+07
3.387620268102928996e+07
3.385251816347253323e+07
3.382906429878034443e+07
3.380583847637853771e+07
3.378283875366408378e+07
3.376006381927781552e+07
3.373751287266105413e+07
3.371518545119775832e+07
3.369308123856775463e+07
3.367119988508331031e+07
3.364954086398797482e+07
3.362810337856273353e+07
3.360688632509869337e+07
3.358588830786986649e+07
3.356510769532556087e+07
3.354454270250036567e+07
3.352419148328990862e+07
3.350405221749832854e+07
3.348412318082498014e+07
3.346440279042095318e+07
3.344488962345967442e+07
3.342558241056332737e+07
3.340648000932398438e+07
3.338758136521234736e+07
3.336888546779278666e+07
3.335039130949800834e+07
3.333209785257434100e+07
3.331400400759598613e+07
3.329610862459382415e+07
3.327841049573195726e+07
3.326090836687710136e+07
3.324360095449778065e+07
3.322648696413153410e+07
3.320956510707979277e+07
3.319283411286515370e+07
3.317629273610092700e+07
3.315993975756420195e+07
3.314377398024557531e+07
3.312779422184266895e+07
3.311199930550685525e+07
3.309638805064652488e+07
3.308095926529331878e+07
3.306571174104514718e+07
3.305064425102183223e+07
3.303575555071436241e+07
3.302104438116012514e+07
3.300650947359276190e+07
3.299214955461257696e+07
3.297796335099177808e+07
3.296394959342774376e+07
3.295010701883487031e+07
3.293643437106331438e+07
3.292293040019870549e+07
3.290959386079481244e+07
3.289642350949742645e+07
3.288341810253327340e+07
3.287057639347303659e+07
3.285789713155842945e+07
3.284537906073744968e+07
3.283302091940978169e+07
3.282082144076704979e+07
3.280877935353760794e+07
3.279689338291615993e+07
3.278516225147377700e+07
3.277358467989057302e+07
3.276215938742133230e+07
3.275088509207429364e+07
3.273976051054559276e+07
3.272878435799433291e+07
3.271795534776378423e+07
3.270727219115049392e+07
3.269673359730188921e+07
3.268633827328908071e+07
3.267608492436470836e+07
3.266597225438124686e+07
3.265599896632072330e+07
3.264616376287343353e+07
3.263646534700340033e+07
3.262690242244800180e+07
3.261747369411725923e+07
3.260817786837881804e+07
3.259901365323442221e+07
3.258997975840908289e+07
3.258107489538414031e+07
3.257229777740759403e+07
3.256364711951225996e+07
3.255512163856433704e+07
3.254672005335518345e+07
3.253844108473912999e+07
3.253028345581166819e+07
3.252224589211682975e+07
3.251432712187056243e+07
3.250652587618752196e+07
3.249884088930160925e+07
3.249127089877552167e+07
3.248381464569800347e+07
3.247647087487205118e+07
3.246923833499874175e+07
3.246211577886249870e+07
3.245510196352235600e+07
3.244819565051193163e+07
3.244139560604849085e+07
3.243470060124863684e+07
3.242810941234712303e+07
3.242162082091324404e+07
3.241523361406030133e+07
3.240894658464354277e+07
3.240275853144404665e+07
3.239666825933728367e+07
3.239067457944698632e+07
3.238477630928611383e+07
3.237897227288771421e+07
3.237326130092848092e+07
3.236764223084793612e+07
3.236211390696527064e+07
3.235667518059538305e+07
3.235132491016461700e+07
3.234606196132611111e+07
3.234088520707437396e+07
3.233579352785816044e+07
3.233078581169116497e+07
3.232586095425957814e+07
3.232101785902664065e+07
3.231625543733372539e+07
3.231157260849821568e+07
3.230696829990828782e+07
3.230244144711472839e+07
3.229799099391970038e+07
3.229361589246243984e+07
3.228931510330145806e+07
3.228508759549287707e+07
3.228093234666437283e+07
3.227684834308434278e+07
3.227283457972589508e+07
3.226889006032548845e+07
3.226501379743625969e+07
3.226120481247607619e+07
3.225746213577070460e+07
3.225378480659244582e+07
3.225017187319452688e+07
3.224662239284190536e+07
3.224313543183856457e+07
3.223971006555166095e+07
3.223634537843286991e+07
3.223304046403681487e+07
3.222979442503679171e+07
3.222660637323786691e+07
3.222347542958716303e+07
3.222040072418162972e+07
3.221738139627309144e+07
3.221441659427069500e+07
3.221150547574066371e+07
3.220864720740366355e+07
3.220584096512935311e+07
3.220308593392854184e+07
3.220038130794261396e+07
3.219772629043051228e+07
3.219512009375291318e+07
3.219256193935397267e+07
3.219005105774033070e+07
3.218758668845767900e+07
3.218516808006471768e+07
3.218279449010479450e+07
3.218046518507513776e+07
3.217817944039395079e+07
3.217593654036535323e+07
