4.194740510875649750e+07
3.989426195039669424e+07
3.861659780601610988e+07
3.785478838961076736e+07
3.724266349469280243e+07
3.661240558123815060e+07
3.591464193506096303e+07
3.514855474396286905e+07
3.433550593586859852e+07
3.350422154067154229e+07
3.268241514673070610e+07
3.189229069203595817e+07
3.114831528967181593e+07
3.045656396013855189e+07
2.981545454061013088e+07
2.921778536560827121e+07
2.865374586109953746e+07
2.811418972503874078e+07
2.759325206033711135e+07
2.708958060680683702e+07
2.660596911127813160e+07
2.614773452480712533e+07
2.572051844185501337e+07
2.532825649908700585e+07
2.497191131500726193e+07
2.464928179397788644e+07
2.435584811625833809e+07
2.408627483982320130e+07
2.383599298915053532e+07
2.360230456428108737e+07
2.338468496998314559e+07
2.318428385611643270e+07
2.300290296835891157e+07
2.284187277433181554e+07
2.270123684752634168e+07
2.257950729654235765e+07
2.247402651935674250e+07
2.238173713982894272e+07
2.230001428698319942e+07
2.222721788865925744e+07
2.216277340211090446e+07
2.210680983621583506e+07
2.205956814602724835e+07
2.202086450643514469e+07
2.198983460970276594e+07
2.196503614375032857e+07
2.194481964094597846e+07
2.192776805982578546e+07
2.191299777214233577e+07
2.190020213289092481e+07
2.188945189798892662e+07
2.188087689173178375e+07
2.187439196039360762e+07
2.186958817470851541e+07
2.186581640053295344e+07
2.186239509539479762e+07
2.185882330994068086e+07
2.185489345510839298e+07
2.185066205752245337e+07
2.184631249716880172e+07
2.184199222100177035e+07
2.183770764061409980e+07
2.183331892944537103e+07
2.182862036761160195e+07
2.182345045587973297e+07
2.181776898677343130e+07
2.181166473140408099e+07
2.180529907213078067e+07
2.179882384256759286e+07
2.179231968264196813e+07
2.178578357516709715e+07
2.177916385038024932e+07
2.177241585520317405e+07
2.176554447622003406e+07
2.175861205633845180e+07
2.175171248114149645e+07
2.174493072580506653e+07
2.173831227897593379e+07
2.173185768569700047e+07
2.172554114371243119e+07
2.171933880866388977e+07
2.171324926522491127e+07
2.170729585971054062e+07
2.170151261321433634e+07
2.169592464019051194e+07
2.169053548905771971e+07
2.168532787235470489e+07
2.168027542999996990e+07
2.167535706291264296e+07
2.167056517673787475e+07
2.166590412560451031e+07
2.166138153537047654e+07
2.165699898681844771e+07
2.165274786362036690e+07
2.164861210170877725e+07
2.164457509397919104e+07
2.164062589931812882e+07
2.163676110437813774e+07
2.163298194833547622e+07
2.162928931290351972e+07
2.162568008424660191e+07
2.162214696495974064e+07
2.161868130530194938e+07
2.161527667815399170e+07
2.161193080589116365e+07
2.160864486799991876e+07
2.160542103440726548e+07
2.160226005893086642e+07
2.159916042336895317e+07
2.159611927530992776e+07
2.159313420108369738e+07
2.159020449394124374e+07
2.158733113640521094e+07
2.158451569897509739e+07
2.158175904849491268e+07
2.157906074562669173e+07
2.157641941164050624e+07
2.157383365244631469e+07
2.157130282162444666e+07
2.156882712992284447e+07
2.156640713047232479e+07
2.156404302679538727e+07
2.156173429713568091e+07
2.155947983127927035e+07
2.155727839362969995e+07
2.155512903553018719e+07
2.155303118152550608e+07
2.155098439046124741e+07
2.154898802204041928e+07
2.154704106903631613e+07
2.154514225596121699e+07
2.154329029937243462e+07
2.154148412631076574e+07
2.153972290886982158e+07
2.153800592541263252e+07
2.153633237916227430e+07
2.153470131204924732e+07
2.153311165906329826e+07
2.153156237900007144e+07
2.153005255326533690e+07
2.152858138666789234e+07
2.152714812769932300e+07
2.152575198246920481e+07
2.152439208878899366e+07
2.152306756098088622e+07
2.152177756115557998e+07
2.152052133964763582e+07
2.151929821909789741e+07
2.151810754238446057e+07
2.151694862778836861e+07
2.151582076175017655e+07
2.151472322611346841e+07
2.151365533150626719e+07
2.151261642921438068e+07
2.151160589562240243e+07
2.151062310584269837e+07
2.150966741899821162e+07
2.150873818498617783e+07
2.150783476424835622e+07
2.150695654327116162e+07
2.150610293457586318e+07
2.150527336374814808e+07
2.150446725559297949e+07
2.150368403004875034e+07
2.150292310902832448e+07
2.150218392665752396e+07
2.150146593417135626e+07
2.150076859667412192e+07
2.150009138610029966e+07
2.149943377710444480e+07
2.149879524911934882e+07
2.149817529224196076e+07
2.149757341180177033e+07
2.149698912826949358e+07
2.149642197337667271e+07
2.149587148613738269e+07
2.149533721184237301e+07
2.149481870412029326e+07
2.149431552765602618e+07
2.149382725908605754e+07
2.149335348558480665e+07
2.149289380270053819e+07
2.149244781337896362e+07
2.149201512878654152e+07
2.149159536990934610e+07
2.149118816838600114e+07
2.149079316589201242e+07
2.149041001268580556e+07
2.149003836649996415e+07
2.148967789245607704e+07
2.148932826370687038e+07
2.148898916196793318e+07
2.148866027737264335e+07
2.148834130779138580e+07
2.148803195821306854e+07
2.148773194064002484e+07
2.148744097442501783e+07
2.148715878659817204e+07
2.148688511180247366e+07
2.148661969184572250e+07
2.148636227519629151e+07
2.148611261673574895e+07
2.148587047780322284e+07
2.148563562631150335e+07
2.148540783670094237e+07
2.148518688969204202e+07
2.148497257199107856e+07
2.148476467612231523e+07
2.148456300041751564e+07
2.148436734904409945e+07
2.148417753193324059e+07
2.148399336457625031e+07
2.148381466777611524e+07
2.148364126746353880e+07
2.148347299461025745e+07
2.148330968518195674e+07
2.148315118005270511e+07
2.148299732485675812e+07
2.148284796982006729e+07
2.148270296962825954e+07
2.148256218334649503e+07
2.148242547435672954e+07
2.148229271026722714e+07
2.148216376278193295e+07
2.148203850755603239e+07
2.148191682407283410e+07
2.148179859555289149e+07
2.148168370887714624e+07
2.148157205449946225e+07
2.148146352634146810e+07
2.148135802168383449e+07
2.148125544107122719e+07
2.148115568823435158e+07
2.148105867001678422e+07
2.148096429629290104e+07
2.148087247987455502e+07
2.148078313641620427e+07
2.148069618432914466e+07
2.148061154470657557e+07
2.148052914125267416e+07
2.148044890020837635e+07
2.148037075027332827e+07
2.148029462252920866e+07
2.148022045036935434e+07
2.148014816943405569e+07
2.148007771754692495e+07
2.148000903464865685e+07
2.147994206272880733e+07
2.147987674575930834e+07
2.147981302963249758e+07
2.147975086210303009e+07
2.147969019273117185e+07
2.147963097282560170e+07
2.147957315538657829e+07
2.147951669505122304e+07
2.147946154804190621e+07
2.147940767211670801e+07
2.147935502652043849e+07
2.147930357193544507e+07
2.147925327043315396e+07
2.147920408542749286e+07
2.147915598163055256e+07
2.147910892500997335e+07
2.147906288274704292e+07
2.147901782319551334e+07
2.147897371584151685e+07
2.147893053126516193e+07
2.147888824110361934e+07
2.147884681801524758e+07
2.147880623564425111e+07
2.147876646858608723e+07
2.147872749235386029e+07
2.147868928334615007e+07
2.147865181881596148e+07
2.147861507684061676e+07
2.147857903629244864e+07
2.147854367681023479e+07
2.147850897877176851e+07
2.147847492326739430e+07
2.147844149207442999e+07
2.147840866763223708e+07
2.147837643301798403e+07
2.147834477192310244e+07
2.147831366863068193e+07
2.147828310799367726e+07
2.147825307541377097e+07
2.147822355682104826e+07
2.147819453865417093e+07
2.147816600784134492e+07
2.147813795178198069e+07
2.147811035832897201e+07
2.147808321577155590e+07
2.147805651281868294e+07
2.147803023858296499e+07
2.147800438256520778e+07
2.147797893463951349e+07
2.147795388503892720e+07
2.147792922434157878e+07
2.147790494345730543e+07
2.147788103361478448e+07
