8.149855990111018717e+07
7.364680094933189452e+07
6.632199192230847478e+07
5.952738573667250574e+07
5.326380115962821990e+07
4.752938859952335060e+07
4.231940874189607054e+07
3.762603316277015954e+07
3.343817770941004157e+07
2.974138093615521863e+07
2.651774099829481542e+07
2.374592486651904881e+07
2.140126322217660397e+07
1.945594262908565998e+07
1.787930331332449615e+07
1.663824601377136633e+07
1.569774499433770962e+07
1.502145679727853835e+07
1.457240629904033430e+07
1.431372401061904617e+07
1.420940228142180666e+07
1.422503417511025816e+07
1.432849792476122826e+07
1.449055242858659476e+07
1.468531501736589707e+07
1.489060105235259235e+07
1.508811476252816431e+07
1.526349089882115088e+07
1.540619612360195629e+07
1.550930666989886947e+07
1.556918416558872536e+07
1.558507448076648451e+07
1.555865520934247039e+07
1.549355634948759526e+07
1.539487641521756351e+07
1.526871310423877463e+07
1.512172420118966699e+07
1.496073093470682390e+07
1.479237273734327592e+07
1.462281938224148750e+07
1.445754381590407714e+07
1.430115665160598978e+07
1.415730119229719229e+07
1.402860597648855485e+07
1.391669016275036335e+07
1.382221559663175233e+07
1.374497813831668347e+07
1.368402987895482033e+07
1.363782319959382340e+07
1.360436737851898000e+07
1.358138860413863324e+07
1.356648484142336622e+07
1.355726800174077041e+07
1.355148722245713323e+07
1.354712868466154300e+07
1.354248917176562175e+07
1.353622237354086339e+07
1.352735864569253102e+07
1.351530043453754485e+07
1.349979678387991525e+07
1.348090120113611780e+07
1.345891764898876846e+07
1.343433955504637212e+07
1.340778652918593213e+07
1.337994300038439780e+07
1.335150229855155200e+07
1.332311888451302797e+07
1.329537054470630921e+07
1.326873148268553428e+07
1.324355641431991197e+07
1.322007505313633010e+07
1.319839578924420476e+07
1.317851693917395547e+07
1.316034368162163347e+07
1.314370869095381349e+07
1.312839452210926265e+07
1.311415596533676609e+07
1.310074084983653016e+07
1.308790810174410790e+07
1.307544222337346897e+07
1.306316372814435884e+07
1.305093541341457702e+07
1.303866466044626012e+07
1.302630220140950009e+07
1.301383797800953686e+07
1.300129483116331138e+07
1.298872080761904083e+07
1.297618085352185741e+07
1.296374859624202922e+07
1.295149880630507320e+07
1.293950099431054108e+07
1.292781444684412330e+07
1.291648485338205285e+07
1.290554253431910276e+07
1.289500215762656555e+07
1.288486373481494561e+07
1.287511461965889111e+07
1.286573219666378014e+07
1.285668693917354383e+07
1.284794553591506183e+07
1.283947382464714907e+07
1.283123932643111050e+07
1.282321323745170422e+07
1.281537180102947354e+07
1.280769704485006258e+07
1.280017692288267985e+07
1.279280494462412037e+07
1.278557940422613174e+07
1.277850233815047145e+07
1.277157834289329872e+07
1.276481337569542974e+07
1.275821364341454767e+07
1.275178466072262451e+07
1.274553053148175403e+07
1.273945347937664390e+07
1.273355362810812332e+07
1.272782900961491466e+07
1.272227576220366359e+07
1.271688846979264356e+07
1.271166058876052499e+07
1.270658490965404175e+07
1.270165400635043904e+07
1.269686063402151689e+07
1.269219804810409620e+07
1.268766022814963758e+07
1.268324200172642246e+07
1.267893907351143658e+07
1.267474797263280675e+07
1.267066593679396808e+07
1.266669075460134819e+07
1.266282058795683086e+07
1.265905379470182769e+07
1.265538876839245297e+07
1.265182380770828947e+07
1.264835702312742546e+07
1.264498628367632814e+07
1.264170920223632827e+07
1.263852315439626947e+07
1.263542532338936441e+07
1.263241276231666096e+07
1.262948246459550038e+07
1.262663143423803896e+07
1.262385674895126186e+07
1.262115561090720072e+07
1.261852538210294768e+07
1.261596360327519104e+07
1.261346799715384841e+07
1.261103645828697458e+07
1.260866703265796602e+07
1.260635789081875235e+07
1.260410729830538295e+07
1.260191358675400168e+07
1.259977512849320471e+07
1.259769031656624004e+07
1.259565755124663189e+07
1.259367523325646110e+07
1.259174176316059753e+07
1.258985554585021362e+07
1.258801499867511913e+07
1.258621856164066680e+07
1.258446470813240483e+07
1.258275195483439788e+07
1.258107886981847137e+07
1.257944407815075666e+07
1.257784626474011131e+07
1.257628417449814081e+07
1.257475661016076803e+07
1.257326242831723392e+07
1.257180053429604322e+07
1.257036987657308578e+07
1.256896944130712189e+07
1.256759824749132991e+07
1.256625534305858426e+07
1.256493980211499333e+07
1.256365072332092188e+07
1.256238722930748388e+07
1.256114846691966616e+07
1.255993360802035965e+07
1.255874185057223216e+07
1.255757241973206401e+07
1.255642456873713434e+07
1.255529757942598313e+07
1.255419076230589300e+07
1.255310345614825562e+07
1.255203502715206891e+07
1.255098486776061170e+07
1.254995239524383843e+07
1.254893705016871728e+07
1.254793829487375543e+07
1.254695561204539612e+07
1.254598850346708298e+07
1.254503648898119107e+07
1.254409910567387752e+07
1.254317590726654977e+07
1.254226646367788129e+07
1.254137036070787534e+07
1.254048719979124889e+07
1.253961659776978195e+07
1.253875818664159253e+07
1.253791161325707100e+07
1.253707653894444928e+07
1.253625263906138018e+07
1.253543960247997567e+07
1.253463713102133572e+07
1.253384493886061758e+07
1.253306275192516297e+07
1.253229030730692670e+07
1.253152735270632803e+07
1.253077364591957442e+07
1.253002895437541977e+07
1.252929305472172424e+07
1.252856573245741986e+07
1.252784678160211071e+07
1.252713600439359434e+07
1.252643321100332588e+07
1.252573821926078200e+07
1.252505085437948816e+07
1.252437094868009165e+07
1.252369834130832739e+07
1.252303287794819288e+07
1.252237441053252667e+07
1.252172279695448652e+07
1.252107790078392997e+07
1.252043959099272266e+07
1.251980774169226922e+07
1.251918223188565299e+07
1.251856294523559511e+07
1.251794976984832436e+07
1.251734259807237983e+07
1.251674132631069422e+07
1.251614585484389029e+07
1.251555608766250685e+07
1.251497193230613321e+07
1.251439329970777780e+07
1.251382010404224880e+07
1.251325226257790253e+07
1.251268969553163648e+07
1.251213232592732459e+07
1.251158007945830002e+07
1.251103288435446471e+07
1.251049067125474475e+07
1.250995337308539078e+07
1.250942092494449392e+07
1.250889326399280876e+07
1.250837032935080491e+07
1.250785206200163811e+07
1.250733840469956398e+07
1.250682930188334361e+07
1.250632469959404320e+07
1.250582454539677873e+07
1.250532878830597736e+07
1.250483737871384993e+07
1.250435026832187735e+07
1.250386741007520631e+07
1.250338875809991732e+07
1.250291426764320210e+07
1.250244389501642436e+07
1.250197759754118882e+07
1.250151533349827491e+07
1.250105706207953766e+07
1.250060274334253743e+07
1.250015233816788346e+07
1.249970580821903795e+07
1.249926311590448394e+07
1.249882422434196621e+07
1.249838909732473269e+07
1.249795769928955287e+07
1.249752999528639205e+07
1.249710595094965585e+07
1.249668553247090243e+07
1.249626870657296479e+07
1.249585544048546255e+07
1.249544570192165673e+07
1.249503945905659348e+07
1.249463668050654978e+07
1.249423733530971408e+07
1.249384139290804043e+07
1.249344882313027605e+07
1.249305959617602080e+07
1.249267368260084838e+07
1.249229105330234207e+07
1.249191167950702831e+07
1.249153553275813907e+07
1.249116258490416035e+07
1.249079280808807723e+07
1.249042617473734170e+07
1.249006265755444765e+07
1.248970222950816900e+07
1.248934486382533982e+07
1.248899053398322128e+07
1.248863921370238066e+07
1.248829087694007345e+07
1.248794549788409472e+07
1.248760305094707012e+07
1.248726351076114923e+07
1.248692685217308998e+07
1.248659305023966916e+07
1.248626208022344857e+07
1.248593391758880951e+07
1.248560853799827024e+07
