1.099788137258660197e+08
1.011202326886463016e+08
9.267591120185674727e+07
8.465936840530383587e+07
7.708290358168844879e+07
6.995737075863897800e+07
6.329193748154433072e+07
5.709382972027468681e+07
5.136806899580009282e+07
4.611718902576489747e+07
4.134098160160866380e+07
3.703622264225953817e+07
3.319643230106616765e+07
2.981166527883816138e+07
2.686834986924464256e+07
2.434919341789399832e+07
2.223317308414116502e+07
2.049563071560420468e+07
1.910848875055526942e+07
1.804059988206120953e+07
1.725823646722353995e+07
1.672571640979725495e+07
1.640615098506400920e+07
1.626228794790104032e+07
1.625741169216430560e+07
1.635625311521580070e+07
1.652585679631493986e+07
1.673635334682635404e+07
1.696159067986123636e+07
1.717958885509498417e+07
1.737279758651424199e+07
1.752815142210700363e+07
1.763693288977357745e+07
1.769446676395028085e+07
1.769967787735246122e+07
1.765455013593608141e+07
1.756352578659575433e+07
1.743288217958501726e+07
1.727011912909400463e+07
1.708338440097295493e+07
1.688095863204788789e+07
1.667081471821494773e+07
1.646026081424615346e+07
1.625567081435213611e+07
1.606230164871873334e+07
1.588419297284432314e+07
1.572414183152280934e+07
1.558374261459984630e+07
1.546348104809493758e+07
1.536287004263469577e+07
1.528061491097501665e+07
1.521479572168145888e+07
1.516305531988249533e+07
1.512278274674033001e+07
1.509128333932650834e+07
1.506592859056394920e+07
1.504428078462954983e+07
1.502418938474541530e+07
1.500385803167811036e+07
1.498188271986013465e+07
1.495726318023325503e+07
1.492939066364140809e+07
1.489801615851796977e+07
1.486320358695877716e+07
1.482527271906037629e+07
1.478473645750013553e+07
1.474223681508743018e+07
1.469848338694495335e+07
1.465419745892007649e+07
1.461006414769250341e+07
1.456669418626990914e+07
1.452459619715546258e+07
1.448415957455914281e+07
1.444564745979977399e+07
1.440919876599748805e+07
1.437483780659013242e+07
1.434248981602422148e+07
1.431200052078390867e+07
1.428315791752598062e+07
1.425571452834052965e+07
1.422940861123340018e+07
1.420398308292300440e+07
1.417920123480972834e+07
1.415485866502384655e+07
1.413079118482314795e+07
1.410687876446892135e+07
1.408304584464563429e+07
1.405925854232174903e+07
1.403551941806303523e+07
1.401186054402632266e+07
1.398833562188926339e+07
1.396501185553955287e+07
1.394196219512467831e+07
1.391925844948845357e+07
1.389696562613993511e+07
1.387513771431341022e+07
1.385381498866273463e+07
1.383302278797986358e+07
1.381277162192825042e+07
1.379305838344294019e+07
1.377386839693565294e+07
1.375517801219971664e+07
1.373695745842963643e+07
1.371917369805601984e+07
1.370179306117253192e+07
1.368478349275248498e+07
1.366811630118207447e+07
1.365176735285640135e+07
1.363571770941086859e+07
1.361995374827046320e+07
1.360446684134414792e+07
1.358925268971385248e+07
1.357431042394148558e+07
1.355964158090469800e+07
1.354524906034479849e+07
1.353113614953082614e+07
1.351730568484738097e+07
1.350375939699063450e+07
1.349049746396830864e+07
1.347751827511975914e+07
1.346481839138360322e+07
1.345239267306538112e+07
1.344023453694232181e+07
1.342833629977875203e+07
1.341668956490611471e+07
1.340528561182375625e+07
1.339411575495588407e+07
1.338317164579511061e+07
1.337244550169139728e+07
1.336193025359077379e+07
1.335161961331016757e+07
1.334150806785405986e+07
1.333159081344444491e+07
1.332186364516911283e+07
1.331232281947050989e+07
1.330296490628192015e+07
1.329378664577637613e+07
1.328478482181450538e+07
1.327595616068007052e+07
1.326729725998746231e+07
1.325880454909947515e+07
1.325047427930176817e+07
1.324230253955054656e+07
1.323428529195785895e+07
1.322641842033146694e+07
1.321869778499273956e+07
1.321111927764382400e+07
1.320367887109152228e+07
1.319637265998494439e+07
1.318919689021078125e+07
1.318214797605331801e+07
1.317522250553230196e+07
1.316841723538264818e+07
1.316172907787831686e+07
1.315515508210835233e+07
1.314869241240175813e+07
1.314233832641273737e+07
1.313609015498060361e+07
1.312994528534309939e+07
1.312390114868127555e+07
1.311795521237863973e+07
1.311210497684325278e+07
1.310634797631169111e+07
1.310068178275365755e+07
1.309510401183310337e+07
1.308961232985104434e+07
1.308420446067675948e+07
1.307887819184240699e+07
1.307363137919955142e+07
1.306846194978319854e+07
1.306336790277116001e+07
1.305834730864003487e+07
1.305339830678673275e+07
1.304851910199689865e+07
1.304370796019651927e+07
1.303896320392381959e+07
1.303428320791463554e+07
1.302966639511710033e+07
1.302511123335480504e+07
1.302061623275407404e+07
1.301617994395321235e+07
1.301180095702807605e+07
1.300747790100599639e+07
1.300320944380153716e+07
1.299899429239300825e+07
1.299483119306575879e+07
1.299071893157241307e+07
1.298665633309618756e+07
1.298264226194542646e+07
1.297867562094982155e+07
1.297475535056735575e+07
1.297088042774169892e+07
1.296704986457124352e+07
1.296326270686207339e+07
1.295951803263849393e+07
1.295581495067812875e+07
1.295215259912564605e+07
1.294853014422278292e+07
1.294494677917461842e+07
1.294140172315539233e+07
1.293789422044287249e+07
1.293442353966016322e+07
1.293098897309735417e+07
1.292758983608380705e+07
1.292422546638328768e+07
1.292089522358895466e+07
1.291759848850158975e+07
1.291433466248157248e+07
1.291110316677228361e+07
1.290790344179867767e+07
1.290473494644923136e+07
1.290159715735256113e+07
1.289848956816073135e+07
1.289541168885089085e+07
1.289236304505485669e+07
1.288934317742359638e+07
1.288635164103035629e+07
1.288338800481310487e+07
1.288045185105427913e+07
1.287754277489360236e+07
1.287466038386857882e+07
1.287180429747664370e+07
1.286897414675315656e+07
1.286616957386036590e+07
1.286339023168335855e+07
1.286063578343073837e+07
1.285790590223889053e+07
1.285520027078009583e+07
1.285251858087558299e+07
1.284986053311536089e+07
1.284722583648690954e+07
1.284461420801473036e+07
1.284202537241255678e+07
1.283945906174947321e+07
1.283691501513071917e+07
1.283439297839329951e+07
1.283189270381612331e+07
1.282941394984390028e+07
1.282695648082386330e+07
1.282452006675417349e+07
1.282210448304297030e+07
1.281970951027710922e+07
1.281733493399976194e+07
1.281498054449641332e+07
1.281264613658881560e+07
1.281033150943678431e+07
1.280803646634783968e+07
1.280576081459466740e+07
1.280350436524050497e+07
1.280126693297250569e+07
1.279904833594295382e+07
1.279684839561828226e+07
1.279466693663559109e+07
1.279250378666636348e+07
1.279035877628698386e+07
1.278823173885559291e+07
1.278612251039484143e+07
1.278403092948008701e+07
1.278195683713265881e+07
1.277990007671779394e+07
1.277786049384699762e+07
1.277583793628459051e+07
1.277383225385827757e+07
1.277184329837360233e+07
1.276987092353227921e+07
1.276791498485421203e+07
1.276597533960330300e+07
1.276405184671686217e+07
1.276214436673860066e+07
1.276025276175515354e+07
1.275837689533598348e+07
1.275651663247657195e+07
1.275467183954474330e+07
1.275284238423004374e+07
1.275102813549596630e+07
1.274922896353494748e+07
1.274744473972593807e+07
1.274567533659450896e+07
1.274392062777527794e+07
1.274218048797662370e+07
1.274045479294755496e+07
1.273874341944660246e+07
1.273704624521273188e+07
1.273536314893804304e+07
1.273369401024232060e+07
1.273203870964917541e+07
1.273039712856384739e+07
1.272876914925242588e+07
1.272715465482250415e+07
1.272555352920510247e+07
1.272396565713784657e+07
1.272239092414922640e+07
1.272082921654395759e+07
1.271928042138931528e+07
1.271774442650237121e+07
1.271622112043815292e+07
1.271471039247855544e+07
1.271321213262209669e+07
1.271172623157434724e+07
1.271025258073910326e+07
