1.171375123332738578e+08
1.094478537312072366e+08
1.019989420937899500e+08
9.480363570098775625e+07
8.787440012225839496e+07
8.122319829803320765e+07
7.486134727586747706e+07
6.879940946223826706e+07
6.304702955991820991e+07
5.761278503905571997e+07
5.250402514899482578e+07
4.772670498704062402e+07
4.328521740538358688e+07
3.918222628788398951e+07
3.541850555479828268e+07
3.199278912800781801e+07
2.890163796680362523e+07
2.613933109920778126e+07
2.369778823821458220e+07
2.156653197655016556e+07
1.973269757073108852e+07
1.818109782106473669e+07
1.689434940288583189e+07
1.585306511014299281e+07
1.503611379640179500e+07
1.442094638513142243e+07
1.398398232160438597e+07
1.370104652024343796e+07
1.354784259930593893e+07
1.350044444094767049e+07
1.353578534083487093e+07
1.363212263696372882e+07
1.376945602227516472e+07
1.392987984721070528e+07
1.409785347744360939e+07
1.426037884107623994e+07
1.440708016261002608e+07
1.453018693544701114e+07
1.462442683665958047e+07
1.468684003882256150e+07
1.471652988180754334e+07
1.471436697278030030e+07
1.468266449893071130e+07
1.462484201719551906e+07
1.454509347135620378e+07
1.444807296308048815e+07
1.433860915214910544e+07
1.422145633394242823e+07
1.410108744396988675e+07
1.398153162261735275e+07
1.386625664223806188e+07
1.375809451556063816e+07
1.365920699887004867e+07
1.357108648116474412e+07
1.349458690004432201e+07
1.342997882308600470e+07
1.337702264826241508e+07
1.333505397092312947e+07
1.330307549608277902e+07
1.327985039832497388e+07
1.326399270098734088e+07
1.325405101467674412e+07
1.324858279719392955e+07
1.324621713024060056e+07
1.324570481497560628e+07
1.324595533649528958e+07
1.324606091122283600e+07
1.324530839270618185e+07
1.324318025926433504e+07
1.323934623681396246e+07
1.323364732355212234e+07
1.322607408648742922e+07
1.321674110357944295e+07
1.320585934281923063e+07
1.319370811617513373e+07
1.318060803809203580e+07
1.316689617148760520e+07
1.315290427477181144e+07
1.313894078616032004e+07
1.312527690988168865e+07
1.311213691447940096e+07
1.309969252627529018e+07
1.308806110617241077e+07
1.307730715092214942e+07
1.306744653953813761e+07
1.305845288883472979e+07
1.305026535100156814e+07
1.304279720179997012e+07
1.303594461474285647e+07
1.302959509079877287e+07
1.302363510725078732e+07
1.301795665576243028e+07
1.301246245095743239e+07
1.300706969992135838e+07
1.300171242387939617e+07
1.299634241096815467e+07
1.299092894993296824e+07
1.298545754662475362e+07
1.297992785764010809e+07
1.297435108895147219e+07
1.296874710362960398e+07
1.296314146435708553e+07
1.295756260654930770e+07
1.295203930002898909e+07
1.294659851487279311e+07
1.294126376359947026e+07
1.293605395024492778e+07
1.293098271948718280e+07
1.292605826764505915e+07
1.292128355322976038e+07
1.291665682829652727e+07
1.291217240306265280e+07
1.290782155457336828e+07
1.290359349466766790e+07
1.289947632191098481e+07
1.289545789515945688e+07
1.289152658160063252e+07
1.288767184813626856e+07
1.288388468063252419e+07
1.288015782985985465e+07
1.287648589511441439e+07
1.287286526604678482e+07
1.286929394986526668e+07
1.286577131480870582e+07
1.286229778177728131e+07
1.285887449461156130e+07
1.285550299617655016e+07
1.285218493266404420e+07
1.284892180291969515e+07
1.284571476365866326e+07
1.284256449563061073e+07
1.283947113052625954e+07
1.283643423398423381e+07
1.283345283665395342e+07
1.283052550299117155e+07
1.282765042630465701e+07
1.282482553845111281e+07
1.282204862334221601e+07
1.281931742489043996e+07
1.281662974196246266e+07
1.281398350511106104e+07
1.281137683211046830e+07
1.280880806144693866e+07
1.280627576477119699e+07
1.280377874080188200e+07
1.280131599422147125e+07
1.279888670371316560e+07
1.279649018347051553e+07
1.279412584232306108e+07
1.279179314413328655e+07
1.278949157241901942e+07
1.278722060133006237e+07
1.278497967424365506e+07
1.278276819041650370e+07
1.278058549940184504e+07
1.277843090235245042e+07
1.277630365890958905e+07
1.277420299813224003e+07
1.277212813184186816e+07
1.277007826882689074e+07
1.276805262853697315e+07
1.276605045316798612e+07
1.276407101735625230e+07
1.276211363503266871e+07
1.276017766330274940e+07
1.275826250349364802e+07
1.275636759972742572e+07
1.275449243553143740e+07
1.275263652907971665e+07
1.275079942767755687e+07
1.274898070206410810e+07
1.274717994102666527e+07
1.274539674670980126e+07
1.274363073087679967e+07
1.274188151225352660e+07
1.274014871496707574e+07
1.273843196799251065e+07
1.273673090544597991e+07
1.273504516751455143e+07
1.273337440179189853e+07
1.273171826479216479e+07
1.273007642343750969e+07
1.272844855635278299e+07
1.272683435484755784e+07
1.272523352351567708e+07
1.272364578043051437e+07
1.272207085695612058e+07
1.272050849722769856e+07
1.271895845737734810e+07
1.271742050459299237e+07
1.271589441609995440e+07
1.271437997814760730e+07
1.271287698506994173e+07
1.271138523847102001e+07
1.270990454656653665e+07
1.270843472369335592e+07
1.270697558998148888e+07
1.270552697116905451e+07
1.270408869853099063e+07
1.270266060888678953e+07
1.270124254465148970e+07
1.269983435389646888e+07
1.269843589039171487e+07
1.269704701360863820e+07
1.269566758866990358e+07
1.269429748624103330e+07
1.269293658236537315e+07
1.269158475824971497e+07
1.269024190001193807e+07
1.268890789840424061e+07
1.268758264852604270e+07
1.268626604953964241e+07
1.268495800439969078e+07
1.268365841960469075e+07
1.268236720497555844e+07
1.268108427346320078e+07
1.267980954098431394e+07
1.267854292628236115e+07
1.267728435080922022e+07
1.267603373862215132e+07
1.267479101629070006e+07
1.267355611280858703e+07
1.267232895950642042e+07
1.267110948996243253e+07
1.266989763990949094e+07
1.266869334713794850e+07
1.266749655139480159e+07
1.266630719428060576e+07
1.266512521914583631e+07
1.266395057098874450e+07
1.266278319635666907e+07
1.266162304325238802e+07
1.266047006104675680e+07
1.265932420039836876e+07
1.265818541318036988e+07
1.265705365241419896e+07
1.265592887220957130e+07
1.265481102770977095e+07
1.265370007504126430e+07
1.265259597126643732e+07
1.265149867433861457e+07
1.265040814305845276e+07
1.264932433703111112e+07
1.264824721662389673e+07
1.264717674292415939e+07
1.264611287769753858e+07
1.264505558334672637e+07
1.264400482287109457e+07
1.264296055982745066e+07
1.264192275829231739e+07
1.264089138282596879e+07
1.263986639843848720e+07
1.263884777055792138e+07
1.263783546500060521e+07
1.263682944794360921e+07
1.263582968589917943e+07
1.263483614569104835e+07
1.263384879443241097e+07
1.263286759950542077e+07
1.263189252854200266e+07
1.263092354940582998e+07
1.262996063017544150e+07
1.262900373912828788e+07
1.262805284472575039e+07
1.262710791559909657e+07
1.262616892053633183e+07
1.262523582846996561e+07
1.262430860846571997e+07
1.262338722971210442e+07
1.262247166151091456e+07
1.262156187326860614e+07
1.262065783448844403e+07
1.261975951476344839e+07
1.261886688377002254e+07
1.261797991126221605e+07
1.261709856706653908e+07
1.261622282107726671e+07
1.261535264325216040e+07
1.261448800360861048e+07
1.261362887222005054e+07
1.261277521921273321e+07
1.261192701476274244e+07
1.261108422909334302e+07
1.261024683247250319e+07
1.260941479521076009e+07
1.260858808765929192e+07
1.260776668020829000e+07
1.260695054328555055e+07
1.260613964735534601e+07
1.260533396291754954e+07
1.260453346050698124e+07
1.260373811069300398e+07
1.260294788407932967e+07
1.260216275130401738e+07
1.260138268303972110e+07
1.260060764999403805e+07
1.259983762291008234e+07
1.259907257256719843e+07
1.259831246978181042e+07
1.259755728540839814e+07
