8.800898380571514368e+07
8.102723676343789697e+07
7.435226032470889390e+07
6.799732155799676478e+07
6.197488697930613905e+07
5.629641919649773091e+07
5.097215397489492595e+07
4.601085876574464142e+07
4.141957482314167917e+07
3.720334645161820948e+07
3.336494271421318501e+07
2.990457911164870113e+07
2.681964927631071955e+07
2.410447953867208213e+07
2.175012211023058742e+07
1.974420529486622661e+07
1.807086114457082003e+07
1.671075175203271955e+07
1.564121427575552464e+07
1.483654119334549457e+07
1.426840571231086738e+07
1.390643263033478893e+07
1.371890267214287072e+07
1.367356455181927234e+07
1.373851547742266208e+07
1.388309970260212384e+07
1.407876822948627174e+07
1.429984238505965099e+07
1.452413055728573352e+07
1.473335982690646872e+07
1.491340105873686075e+07
1.505428439418077283e+07
1.515001941797937267e+07
1.519824833033156581e+07
1.519976991832969338e+07
1.515797663621508516e+07
1.507824713677017204e+07
1.496733312779101543e+07
1.483277363539293408e+07
1.468236275719019957e+07
1.452368968735173717e+07
1.436376282857362553e+07
1.420872355788802728e+07
1.406364987104130723e+07
1.393244575068710558e+07
1.381780863931131735e+07
1.372126489686106145e+07
1.364326127651829273e+07
1.358329956736994907e+07
1.354010119538369402e+07
1.351178893110013381e+07
1.349607374096863717e+07
1.349043617765465006e+07
1.349229342478224635e+07
1.349914507507456280e+07
1.350869280232977122e+07
1.351893116316907108e+07
1.352820872043046355e+07
1.353526042110001296e+07
1.353921361621879041e+07
1.353957123325311951e+07
1.353617638430245593e+07
1.352916312137778848e+07
1.351889815753856488e+07
1.350591819924793765e+07
1.349086712975072861e+07
1.347443669944852963e+07
1.345731367222909071e+07
1.344013559996657819e+07
1.342345660069584846e+07
1.340772374385470524e+07
1.339326393682395294e+07
1.338028059207839519e+07
1.336885885720995069e+07
1.335897782633843273e+07
1.335052792796722800e+07
1.334333159971731529e+07
1.333716540511955693e+07
1.333178190518801287e+07
1.332692984551608562e+07
1.332237153185006604e+07
1.331789661530487984e+07
1.331333186463065445e+07
1.330854684152152389e+07
1.330345569418262877e+07
1.329801552782180719e+07
1.329222198800137639e+07
1.328610279963530228e+07
1.327971004240395501e+07
1.327311191901699454e+07
1.326638469646308944e+07
1.325960538506147265e+07
1.325284557988580316e+07
1.324616673801330104e+07
1.323961701596463099e+07
1.323322965556266159e+07
1.322702279162832722e+07
1.322100046699905954e+07
1.321515458200218342e+07
1.320946747679852322e+07
1.320391484371704794e+07
1.319846868884530850e+07
1.319310010252596438e+07
1.318778165120292082e+07
1.318248926232823357e+07
1.317720353421977721e+07
1.317191045903175697e+07
1.316660159555359371e+07
1.316127376673474163e+07
1.315592838318531029e+07
1.315057050810689479e+07
1.314520778184873611e+07
1.313984931705191359e+07
1.313450466020743176e+07
1.312918289481319487e+07
1.312389193766945973e+07
1.311863805558278039e+07
1.311342560694658384e+07
1.310825699300263450e+07
1.310313278823320195e+07
1.309805200893517025e+07
1.309301247372238711e+07
1.308801120918027312e+07
1.308304485748559609e+07
1.307811004957753420e+07
1.307320371635848284e+07
1.306832332031991705e+07
1.306346699990616366e+07
1.305863362797346711e+07
1.305382279320479557e+07
1.304903471886950731e+07
1.304427013667860627e+07
1.303953013471090049e+07
1.303481599769134447e+07
1.303012905564869940e+07
1.302547055361270159e+07
1.302084155101183616e+07
1.301624285526783764e+07
1.301167499016277120e+07
1.300713819620463625e+07
1.300263245766101591e+07
1.299815754928232729e+07
1.299371309500909969e+07
1.298929863107640296e+07
1.298491366674806364e+07
1.298055773724686727e+07
1.297623044508595392e+07
1.297193148774659634e+07
1.296766067130523920e+07
1.296341791104144230e+07
1.295920322115622275e+07
1.295501669644240849e+07
1.295085848906730488e+07
1.294672878358381242e+07
1.294262777294157445e+07
1.293855563770615682e+07
1.293451253000298329e+07
1.293049856297263503e+07
1.292651380583467148e+07
1.292255828407133184e+07
1.291863198380254954e+07
1.291473485915140994e+07
1.291086684129489958e+07
1.290702784794261865e+07
1.290321779215624370e+07
1.289943658967805654e+07
1.289568416423713975e+07
1.289196045060845092e+07
1.288826539547973499e+07
1.288459895640905015e+07
1.288096109931555390e+07
1.287735179503255896e+07
1.287377101546682417e+07
1.287021872986195795e+07
1.286669490157103911e+07
1.286319948562196456e+07
1.285973242722614855e+07
1.285629366125322506e+07
1.285288311258487031e+07
1.284950069717805833e+07
1.284614632361755893e+07
1.284281989491897449e+07
1.283952131035446376e+07
1.283625046710731275e+07
1.283300726161147654e+07
1.282979159048979729e+07
1.282660335106239095e+07
1.282344244144818187e+07
1.282030876032301039e+07
1.281720220642448775e+07
1.281412267790596560e+07
1.281107007164093107e+07
1.280804428256656043e+07
1.280504520313525572e+07
1.280207272291815653e+07
1.279912672837970406e+07
1.279620710281906649e+07
1.279331372645590641e+07
1.279044647662542015e+07
1.278760522804121673e+07
1.278478985308462568e+07
1.278200022208366171e+07
1.277923620355333760e+07
1.277649766437939182e+07
1.277378446993818507e+07
1.277109648415523022e+07
1.276843356951271929e+07
1.276579558702128194e+07
1.276318239617370069e+07
1.276059385489783809e+07
1.275802981952353939e+07
1.275549014477431774e+07
1.275297468378975987e+07
1.275048328817985393e+07
1.274801580810813420e+07
1.274557209239732474e+07
1.274315198864918761e+07
1.274075534336950257e+07
1.273838200208979100e+07
1.273603180947860330e+07
1.273370460943753086e+07
1.273140024517921731e+07
1.272911855928711593e+07
1.272685939375854284e+07
1.272462259003422409e+07
1.272240798901820183e+07
1.272021543109235913e+07
1.271804475612950139e+07
1.271589580350818858e+07
1.271376841213166341e+07
1.271166242045212165e+07
1.270957766650065780e+07
1.270751398792229965e+07
1.270547122201509401e+07
1.270344920577186719e+07
1.270144777592308447e+07
1.269946676897967793e+07
1.269750602127469704e+07
1.269556536900330149e+07
1.269364464826079085e+07
1.269174369507886469e+07
1.268986234546045400e+07
1.268800043541367725e+07
1.268615780098542571e+07
1.268433427829508856e+07
1.268252970356873050e+07
1.268074391317384131e+07
1.267897674365460500e+07
1.267722803176750243e+07
1.267549761451682448e+07
1.267378532918972522e+07
1.267209101339035481e+07
1.267041450507272594e+07
1.266875564257192239e+07
1.266711426463357173e+07
1.266549021044144407e+07
1.266388331964324415e+07
1.266229343237470835e+07
1.266072038928228617e+07
1.265916403154456243e+07
1.265762420089271292e+07
1.265610073963019997e+07
1.265459349065194279e+07
1.265310229746300355e+07
1.265162700419696979e+07
1.265016745563404262e+07
1.264872349721881002e+07
1.264729497507771663e+07
1.264588173603618704e+07
1.264448362763536349e+07
1.264310049814841896e+07
1.264173219659642503e+07
1.264037857276380621e+07
1.263903947721328214e+07
1.263771476130042970e+07
1.263640427718776464e+07
1.263510787785841152e+07
1.263382541712934896e+07
1.263255674966419861e+07
1.263130173098561168e+07
1.263006021748712659e+07
1.262883206644459814e+07
1.262761713602707908e+07
1.262641528530714661e+07
1.262522637427071668e+07
1.262405026382623054e+07
1.262288681581334025e+07
1.262173589301094785e+07
1.262059735914475471e+07
1.261947107889424637e+07
1.261835691789918579e+07
1.261725474276562780e+07
1.261616442107148096e+07
1.261508582137167081e+07
1.261401881320288777e+07
1.261296326708798856e+07
1.261191905454004928e+07
1.261088604806607403e+07
1.260986412117041647e+07
1.260885314835785702e+07
