2.370125695511846617e+07
2.094925980585299432e+07
1.872426512207977101e+07
1.703262367849265784e+07
1.586459890716010705e+07
1.518631696220996603e+07
1.493169828954191320e+07
1.499925091155396588e+07
1.526053926095910929e+07
1.558265991832946613e+07
1.585600125867751986e+07
1.601279485235788673e+07
1.602956799752357975e+07
1.591772151549089514e+07
1.571008260201498494e+07
1.544865611015562527e+07
1.517538537293946743e+07
1.492588448440459184e+07
1.472560027264020219e+07
1.458796694019096531e+07
1.451433544041823223e+07
1.449555497750493884e+07
1.451497720306436718e+07
1.455239265679987520e+07
1.458814850741448067e+07
1.460661914805395715e+07
1.459839229752093181e+07
1.456091631673605554e+07
1.449775333667214215e+07
1.441685023206381686e+07
1.432833267597594485e+07
1.424229003524153680e+07
1.416691853477546200e+07
1.410727319456274062e+07
1.406476030255697109e+07
1.403737917203717679e+07
1.402059526413470693e+07
1.400861290614012256e+07
1.399574486894854717e+07
1.397757535144391470e+07
1.395168793902334385e+07
1.391785724508243613e+07
1.387774030746331066e+07
1.383421156020350941e+07
1.379054093504364043e+07
1.374961619620815478e+07
1.371336941925553605e+07
1.368250033850291558e+07
1.365651309148866497e+07
1.363401315550405532e+07
1.361316111030721292e+07
1.359215825848120451e+07
1.356964857913963497e+07
1.354495676749444380e+07
1.351813171905322373e+07
1.348981474670094624e+07
1.346098993501010537e+07
1.343269309620821849e+07
1.340575429890761152e+07
1.338063026124542020e+07
1.335735360760089755e+07
1.333559409839246795e+07
1.331480022807071730e+07
1.329437396785187349e+07
1.327382964251439273e+07
1.325289891018903814e+07
1.323156317254206538e+07
1.321001627825786918e+07
1.318857806639471650e+07
1.316758898131235689e+07
1.314731629885567911e+07
1.312789475081607141e+07
1.310931178629609942e+07
1.309143431378775835e+07
1.307406325875171646e+07
1.305699693783410080e+07
1.304008481928340346e+07
1.302325868115763366e+07
1.300653631836250611e+07
1.299000117871535569e+07
1.297376736960647255e+07
1.295794203128466569e+07
1.294259593344107270e+07
1.292774917139628902e+07
1.291337353331527859e+07
1.289940815641704574e+07
1.288578183798615634e+07
1.287243450060888194e+07
1.285933173660534061e+07
1.284646932766277343e+07
1.283386805746913515e+07
1.282156193607784435e+07
1.280958440228019655e+07
1.279795694122439250e+07
1.278668312757148594e+07
1.277574900315650553e+07
1.276512865366281942e+07
1.275479246552060731e+07
1.274471513694806024e+07
1.273488105897593498e+07
1.272528586331384629e+07
1.271593429628625140e+07
1.270683567747807503e+07
1.269799874110443145e+07
1.268942755716060475e+07
1.268111961771629006e+07
1.267306632021336630e+07
1.266525528872578405e+07
1.265767348528008536e+07
1.265030998478279263e+07
1.264315758044452965e+07
1.263621290022107027e+07
1.262947524912545457e+07
1.262294477128847875e+07
1.261662065056513250e+07
1.261049993841918930e+07
1.260457729540487751e+07
1.259884558427617326e+07
1.259329698066155985e+07
1.258792414939050749e+07
1.258272108579728007e+07
1.257768339796561003e+07
1.257280802912057936e+07
1.256809260700443201e+07
1.256353470156643912e+07
1.255913125646350160e+07
1.255487835656302050e+07
1.255077135193875432e+07
1.254680523333826847e+07
1.254297508532198891e+07
1.253927644589738548e+07
1.253570546314180270e+07
1.253225882905383222e+07
1.252893355276636407e+07
1.252572668176408857e+07
1.252263508014347218e+07
1.251965533450662345e+07
1.251678380070892721e+07
1.251401675190192647e+07
1.251135055829256587e+07
1.250878182891350612e+07
1.250630747072143108e+07
1.250392465743977576e+07
1.250163073436214030e+07
1.249942310408712551e+07
1.249729913746061921e+07
1.249525613726171106e+07
1.249329135813044198e+07
1.249140206493979879e+07
1.248958560068220273e+07
1.248783943643721007e+07
1.248616118747735769e+07
1.248454859510618262e+07
1.248299948689659685e+07
1.248151173407615721e+07
1.248008322273147106e+07
1.247871184740210511e+07
1.247739552558413893e+07
1.247613222383254394e+07
1.247491998318732902e+07
1.247375693390113115e+07
1.247264129519870877e+07
1.247157136225750856e+07
1.247054548714507185e+07
1.246956206163038872e+07
1.246861950769559853e+07
1.246771627756800503e+07
1.246685086105764657e+07
1.246602179551327974e+07
1.246522767351392284e+07
1.246446714519010112e+07
1.246373891477966495e+07
1.246304173342742026e+07
1.246237439142123982e+07
1.246173571274683997e+07
1.246112455341317505e+07
1.246053980321647413e+07
1.245998038925829157e+07
1.245944527909204923e+07
1.245893348187435418e+07
1.245844404698133096e+07
1.245797606067620777e+07
1.245752864211313426e+07
1.245710094001695886e+07
1.245669213087412342e+07
1.245630141870822571e+07
1.245592803585401550e+07
1.245557124384267442e+07
1.245523033363396302e+07
1.245490462485303357e+07
1.245459346418296173e+07
1.245429622340707481e+07
1.245401229766799696e+07
1.245374110432740115e+07
1.245348208249311522e+07
1.245323469298711419e+07
1.245299841838102415e+07
1.245277276276422851e+07
1.245255725108616240e+07
1.245235142812993750e+07
1.245215485732923076e+07
1.245196711967796087e+07
1.245178781290560029e+07
1.245161655095307715e+07
1.245145296365513280e+07
1.245129669646991417e+07
1.245114741011265106e+07
1.245100478002655506e+07
1.245086849571647495e+07
1.245073826003523730e+07
1.245061378852544166e+07
1.245049480888351798e+07
1.245038106055267900e+07
1.245027229439816810e+07
1.245016827239473537e+07
1.245006876726831682e+07
1.244997356207001209e+07
1.244988244970025122e+07
1.244979523242613301e+07
1.244971172143615410e+07
1.244963173645745963e+07
1.244955510543383472e+07
1.244948166424086504e+07
1.244941125640773028e+07
1.244934373282317631e+07
1.244927895142004453e+07
1.244921677684915066e+07
1.244915708016143367e+07
1.244909973851515353e+07
1.244904463491490111e+07
1.244899165797761455e+07
1.244894070171329379e+07
1.244889166530740447e+07
1.244884445289761573e+07
1.244879897334532067e+07
1.244875514000870287e+07
1.244871287052607723e+07
1.244867208661551028e+07
1.244863271389178932e+07
1.244859468169689178e+07
1.244855792293799296e+07
1.244852237392801233e+07
1.244848797422667779e+07
1.244845466648356803e+07
1.244842239628645033e+07
1.244839111201817915e+07
1.244836076472351700e+07
1.244833130798501708e+07
1.244830269780543447e+07
1.244827489249404520e+07
1.244824785255515575e+07
1.244822154057886824e+07
1.244819592113520391e+07
1.244817096067323163e+07
1.244814662742620334e+07
1.244812289132272452e+07
1.244809972390302271e+07
1.244807709823905118e+07
1.244805498885738105e+07
1.244803337166452594e+07
1.244801222387492657e+07
1.244799152394222841e+07
1.244797125149432570e+07
1.244795138727223128e+07
1.244793191307241656e+07
1.244791281169200689e+07
1.244789406687626243e+07
1.244787566326801479e+07
1.244785758635912091e+07
1.244783982244409993e+07
1.244782235857624561e+07
1.244780518252624571e+07
1.244778828274317086e+07
1.244777164831756055e+07
1.244775526894629933e+07
1.244773913489905000e+07
1.244772323698622175e+07
1.244770756652851403e+07
1.244769211532804929e+07
1.244767687564120255e+07
1.244766184015294909e+07
1.244764700195265189e+07
1.244763235451104306e+07
1.244761789165838435e+07
1.244760360756361857e+07
1.244758949671462551e+07
1.244757555389954522e+07
1.244756177418916300e+07
1.244754815292035230e+07
1.244753468568044528e+07
1.244752136829247884e+07
1.244750819680121914e+07
1.244749516745992564e+07
1.244748227671784163e+07
1.244746952120840922e+07
1.244745689773815870e+07
1.244744440327628702e+07
1.244743203494483978e+07
1.244741979000945017e+07
1.244740766587059200e+07
