5.171144320708835125e+07
4.830707000456535816e+07
4.599503273912288249e+07
4.471300139406846464e+07
4.422656008091045916e+07
4.412435526775375009e+07
4.401500995464944839e+07
4.370258257540307194e+07
4.315960205829573423e+07
4.243948626533149183e+07
4.162092678480357677e+07
4.078105450809442252e+07
3.998251438080835342e+07
3.926699628641093522e+07
3.865269589844192564e+07
3.813534034690245241e+07
3.769296399607371539e+07
3.729399722639769316e+07
3.690694057154484093e+07
3.650892184854507446e+07
3.609067548423439264e+07
3.565689958364487439e+07
3.522261807516340166e+07
3.480723773165097088e+07
3.442825061291441321e+07
3.409627079466006905e+07
3.381258282390299439e+07
3.356968995925183594e+07
3.335449788267625868e+07
3.315293494492710754e+07
3.295435247194437310e+07
3.275424103848748654e+07
3.255455619453722239e+07
3.236187256359164044e+07
3.218427447533986717e+07
3.202816227377909794e+07
3.189602974378010631e+07
3.178585290203243122e+07
3.169214547841142118e+07
3.160814560423718020e+07
3.152821244371949881e+07
3.144950092378341407e+07
3.137235349609422684e+07
3.129941569222210348e+07
3.123398371979096532e+07
3.117833203442381695e+07
3.113268931897653267e+07
3.109519935274961591e+07
3.106276678366428614e+07
3.103232813394471258e+07
3.100195502407091111e+07
3.097133551543257013e+07
3.094150514895592257e+07
3.091404391041020304e+07
3.089016214612622559e+07
3.087009376766090468e+07
3.085302654443920404e+07
3.083752962972218171e+07
3.082221638003556058e+07
3.080630380663274601e+07
3.078982088914136589e+07
3.077341552809500694e+07
3.075790695317675173e+07
3.074383229725511745e+07
3.073120555405948311e+07
3.071957486487520486e+07
3.070830616442525387e+07
3.069691852456214651e+07
3.068529436254883558e+07
3.067367544888531417e+07
3.066247742690787837e+07
3.065204430364920944e+07
3.064247847525976598e+07
3.063362361804458499e+07
3.062518682172586024e+07
3.061691466417798772e+07
3.060872121375750378e+07
3.060070621565174311e+07
3.059306987042003870e+07
3.058598591768028587e+07
3.057950864143550396e+07
3.057355976395911351e+07
3.056799018788449839e+07
3.056267047785516828e+07
3.055755463323888183e+07
3.055268513543770090e+07
3.054814562388187274e+07
3.054399675773855299e+07
3.054023524401108921e+07
3.053679652788814530e+07
3.053359296562330797e+07
3.053055958573237434e+07
3.052767921667456999e+07
3.052497530019226670e+07
3.052248183250090852e+07
3.052021220576903224e+07
3.051814604281622916e+07
3.051623920431185514e+07
3.051444713257520273e+07
3.051274499077983946e+07
3.051113261746947840e+07
3.050962366361228004e+07
3.050822830730694532e+07
3.050694152180176228e+07
3.050574346575960144e+07
3.050460979194701463e+07
3.050352364580191672e+07
3.050248131924019381e+07
3.050148888969928399e+07
3.050055345412977412e+07
3.049967552559364587e+07
3.049884735328903422e+07
3.049805726188832149e+07
3.049729610342798755e+07
3.049656113841630518e+07
3.049585514202205837e+07
3.049518210403505713e+07
3.049454297784012929e+07
3.049393434566453099e+07
3.049335041575923562e+07
3.049278641676261276e+07
3.049224080603710562e+07
3.049171494776522368e+07
3.049121089216744900e+07
3.049072910943615437e+07
3.049026776303070411e+07
3.048982376773041859e+07
3.048939457966279611e+07
3.048897932129039988e+07
3.048857854925353825e+07
3.048819305870056897e+07
3.048782274568191171e+07
3.048746633937463909e+07
3.048712205239654705e+07
3.048678852208748460e+07
3.048646530660712719e+07
3.048615264699257165e+07
3.048585079320723936e+07
3.048555946404131502e+07
3.048527781670692191e+07
3.048500486058621854e+07
3.048473992932591587e+07
3.048448284641664475e+07
3.048423371097226441e+07
3.048399252934353054e+07
3.048375899718483165e+07
3.048353257116604224e+07
3.048331272518517449e+07
3.048309916225393489e+07
3.048289182557215914e+07
3.048269073324967176e+07
3.048249579332181066e+07
3.048230674462834001e+07
3.048212324670674652e+07
3.048194502173200250e+07
3.048177192735354975e+07
3.048160391433336586e+07
3.048144092177173495e+07
3.048128280331100896e+07
3.048112933736511320e+07
3.048098029852800816e+07
3.048083552231980115e+07
3.048069491231262311e+07
3.048055839370416105e+07
3.048042585994234309e+07
3.048029715671647340e+07
3.048017210977111757e+07
3.048005056624955311e+07
3.047993241344191134e+07
3.047981756354985759e+07
3.047970592299672589e+07
3.047959737439970672e+07
3.047949178402864933e+07
3.047938902421447635e+07
3.047928898950706422e+07
3.047919159420272335e+07
3.047909675655082986e+07
3.047900438519664481e+07
3.047891437884561345e+07
3.047882663707270473e+07
3.047874107111762837e+07
3.047865760544163361e+07
3.047857617028301954e+07
3.047849669309841469e+07
3.047841909637012333e+07
3.047834330249585211e+07
3.047826924024489522e+07
3.047819684685622901e+07
3.047812606464603916e+07
3.047805683595329896e+07
3.047798910103600845e+07
3.047792280015731603e+07
3.047785787722105533e+07
3.047779428141924739e+07
3.047773196572517231e+07
3.047767088405925781e+07
3.047761098981857300e+07
3.047755223678581789e+07
3.047749458114097640e+07
3.047743798253639415e+07
3.047738240338770300e+07
3.047732780728047341e+07
3.047727415803123266e+07
3.047722142008447647e+07
3.047716955960254744e+07
3.047711854509160668e+07
3.047706834703242406e+07
3.047701893698653206e+07
3.047697028704702854e+07
3.047692237003728375e+07
3.047687516010419652e+07
3.047682863305117935e+07
3.047678276611013710e+07
3.047673753742268682e+07
3.047669292572340742e+07
3.047664891044425219e+07
3.047660547202991322e+07
3.047656259209503606e+07
3.047652025326870009e+07
3.047647843889384717e+07
3.047643713285810873e+07
3.047639631966130435e+07
3.047635598458398879e+07
3.047631611375007033e+07
3.047627669401414320e+07
3.047623771278380975e+07
3.047619915793057531e+07
3.047616101783233136e+07
3.047612328145767748e+07
3.047608593837941065e+07
3.047604897869380563e+07
3.047601239291856810e+07
3.047597617195149139e+07
3.047594030709933490e+07
3.047590479011736065e+07
3.047586961320068687e+07
3.047583476892639697e+07
3.047580025019422174e+07
3.047576605020704865e+07
3.047573216248681769e+07
3.047569858088781312e+07
3.047566529957966134e+07
3.047563231300778687e+07
3.047559961586096138e+07
3.047556720306382328e+07
3.047553506978493184e+07
3.047550321143738925e+07
3.047547162366099283e+07
3.047544030229566246e+07
3.047540924336326122e+07
3.047537844306382164e+07
3.047534789777714014e+07
3.047531760405729339e+07
3.047528755861765891e+07
3.047525775831449032e+07
3.047522820013777539e+07
3.047519888120938838e+07
3.047516979878164083e+07
3.047514095023027435e+07
3.047511233304301649e+07
3.047508394480950385e+07
3.047505578321602941e+07
3.047502784604352340e+07
3.047500013116417825e+07
3.047497263653498143e+07
3.047494536019006371e+07
3.047491830023506656e+07
3.047489145484440774e+07
3.047486482225921005e+07
3.047483840078379214e+07
3.047481218878035620e+07
3.047478618466401100e+07
3.047476038689930737e+07
3.047473479399819672e+07
3.047470940451776981e+07
3.047468421705705300e+07
3.047465923025337234e+07
3.047463444277947024e+07
3.047460985334156454e+07
3.047458546067782491e+07
3.047456126355640963e+07
3.047453726077292114e+07
3.047451345114795864e+07
3.047448983352530003e+07
3.047446640677050129e+07
3.047444316976962611e+07
3.047442012142753974e+07
3.047439726066627726e+07
3.047437458642359078e+07
3.047435209765193611e+07
3.047432979331755638e+07
3.047430767239944264e+07
3.047428573388812691e+07
3.047426397678454965e+07
3.047424240009915829e+07
3.047422100285120681e+07
3.047419978406803310e+07
3.047417874278428406e+07
3.047415787804117054e+07
3.047413718888583779e+07
