4.245253707426752150e+07
3.739352669075342268e+07
3.283085273828409612e+07
2.878030835927189887e+07
2.525334059064543620e+07
2.225561621972339973e+07
1.978533569619818404e+07
1.787335911719725654e+07
1.646309421453530155e+07
1.543538888350911066e+07
1.475196483700988069e+07
1.436742226511114836e+07
1.423032448745600879e+07
1.428514788237653673e+07
1.447498587521235272e+07
1.474472153748327866e+07
1.504423949163563922e+07
1.533120042804726772e+07
1.557298095815127715e+07
1.574756237361812033e+07
1.584336663363891467e+07
1.585821485519212484e+07
1.579768099391347170e+07
1.567312929129648954e+07
1.549968338280250877e+07
1.529430961869184673e+07
1.507413190461548790e+07
1.485504321677217819e+07
1.465064297640900686e+07
1.447150693467285857e+07
1.432478216300058737e+07
1.421408934528326616e+07
1.413970437581040524e+07
1.409897970583136007e+07
1.408695328164069913e+07
1.409708116314159892e+07
1.412202174165729061e+07
1.415439753550975583e+07
1.418746643837870099e+07
1.421564795933981612e+07
1.423486959416502900e+07
1.424272090866956674e+07
1.423842469850783050e+07
1.422265270132809877e+07
1.419722584528144263e+07
1.416474525129741989e+07
1.412820056286029145e+07
1.409059773518907651e+07
1.405464053654167801e+07
1.402249005013636500e+07
1.399561561478579417e+07
1.397473992195182852e+07
1.395987125656451285e+07
1.395040785738528520e+07
1.394529366672119871e+07
1.394320173344604671e+07
1.394272136197646521e+07
1.394252758671363629e+07
1.394151620712677389e+07
1.393889370122447796e+07
1.393421796460031718e+07
1.392739212119430676e+07
1.391861887812083960e+07
1.390832653810678795e+07
1.389707959973274544e+07
1.388548689301317930e+07
1.387411866015491262e+07
1.386344129563244432e+07
1.385377508430877887e+07
1.384527671418831497e+07
1.383794504266216978e+07
1.383164592668516189e+07
1.382615013558661938e+07
1.382117756323241070e+07
1.381644112180909142e+07
1.381168469031968713e+07
1.380671107431617193e+07
1.380139782626041397e+07
1.379570068814224936e+07
1.378964609314453602e+07
1.378331540967302024e+07
1.377682432050240040e+07
1.377030088082583621e+07
1.376386544878567755e+07
1.375761494791571796e+07
1.375161295636847615e+07
1.374588608703676239e+07
1.374042617696595192e+07
1.373519706317875534e+07
1.373014426035828702e+07
1.372520569979722425e+07
1.372032181800367683e+07
1.371544363884496875e+07
1.371053799188048579e+07
1.370558955887495726e+07
1.370059995299645141e+07
1.369558444098128006e+07
1.369056717318582721e+07
1.368557587419223040e+07
1.368063687882607058e+07
1.367577120807196572e+07
1.367099211313624866e+07
1.366630422527195513e+07
1.366170418173973449e+07
1.365718239179040305e+07
1.365272548350225762e+07
1.364831893925159052e+07
1.364394947622264549e+07
1.363960683885070682e+07
1.363528481582738832e+07
1.363098144700931944e+07
1.362669852003130689e+07
1.362244055400975049e+07
1.361821351843418740e+07
1.361402353817783855e+07
1.360987579735872149e+07
1.360577378801596537e+07
1.360171896948085539e+07
1.359771082606602460e+07
1.359374724685212970e+07
1.358982511024390906e+07
1.358594094090735167e+07
1.358209151616770402e+07
1.357827432755539194e+07
1.357448784314608760e+07
1.357073155913051963e+07
1.356700586696291156e+07
1.356331178977029398e+07
1.355965065543484129e+07
1.355602377365922183e+07
1.355243217258195020e+07
1.354887643099417165e+07
1.354535661954350397e+07
1.354187234295427427e+07
1.353842285878757760e+07
1.353500723874941468e+07
1.353162453660555184e+07
1.352827393152320571e+07
1.352495482521625608e+07
1.352166688315007463e+07
1.351841002176033519e+07
1.351518435307815298e+07
1.351199010398584977e+07
1.350882752907186002e+07
1.350569683404927701e+07
1.350259812191747129e+07
1.349953136780899018e+07
1.349649642215676419e+07
1.349349303661892191e+07
1.349052090389622375e+07
1.348757970147843286e+07
1.348466913030999526e+07
1.348178894185857847e+07
1.347893895038214512e+07
1.347611903056132793e+07
1.347332910344268009e+07
1.347056911539216712e+07
1.346783901531801000e+07
1.346513873487485200e+07
1.346246817499340326e+07
1.345982720028969832e+07
1.345721564111205749e+07
1.345463330153221078e+07
1.345207997070756368e+07
1.344955543481218629e+07
1.344705948709397763e+07
1.344459193439714238e+07
1.344215259946891665e+07
1.343974131932078861e+07
1.343735794065309316e+07
1.343500231376543641e+07
1.343267428643519431e+07
1.343037369899864867e+07
1.342810038141500205e+07
1.342585415255881473e+07
1.342363482149216160e+07
1.342144219010927901e+07
1.341927605637190863e+07
1.341713621737015806e+07
1.341502247161443904e+07
1.341293462022874504e+07
1.341087246700350195e+07
1.340883581751358137e+07
1.340682447766944580e+07
1.340483825212645158e+07
1.340287694293560460e+07
1.340094034870265797e+07
1.339902826436939463e+07
1.339714048157910071e+07
1.339527678947002813e+07
1.339343697567487322e+07
1.339162082729759812e+07
1.338982813168124668e+07
1.338805867685615271e+07
1.338631225164413825e+07
1.338458864547133073e+07
1.338288764799520373e+07
1.338120904867207259e+07
1.337955263638205081e+07
1.337791819919465110e+07
1.337630552431312948e+07
1.337471439818939567e+07
1.337314460676540062e+07
1.337159593577696942e+07
1.337006817105341330e+07
1.336856109875934944e+07
1.336707450554753840e+07
1.336560817861719057e+07
1.336416190569446981e+07
1.336273547496667132e+07
1.336132867500638403e+07
1.335994129471782967e+07
1.335857312332669087e+07
1.335722395042075962e+07
1.335589356603554636e+07
1.335458176076911762e+07
1.335328832590605319e+07
1.335201305353107303e+07
1.335075573661816679e+07
1.334951616908847913e+07
1.334829414583807252e+07
1.334708946274287999e+07
1.334590191665177234e+07
1.334473130537905172e+07
1.334357742770549282e+07
1.334244008339319378e+07
1.334131907321513817e+07
1.334021419899639301e+07
1.333912526366180182e+07
1.333805207128391974e+07
1.333699442712617479e+07
1.333595213767785206e+07
1.333492501068013161e+07
1.333391285514432378e+07
1.333291548136517033e+07
1.333193270093235373e+07
1.333096432674320415e+07
1.333001017301842943e+07
1.332907005532151088e+07
1.332814379058100097e+07
1.332723119711433537e+07
1.332633209465111420e+07
1.332544630435426533e+07
1.332457364883786999e+07
1.332371395218122378e+07
1.332286703993952274e+07
1.332203273915201426e+07
1.332121087834873609e+07
1.332040128755685315e+07
1.331960379830747470e+07
1.331881824364315905e+07
1.331804445812619478e+07
1.331728227784709260e+07
1.331653154043294489e+07
1.331579208505490795e+07
1.331506375243458524e+07
1.331434638484905846e+07
1.331363982613463327e+07
1.331294392168955132e+07
1.331225851847594418e+07
1.331158346502133086e+07
1.331091861141994223e+07
1.331026380933379382e+07
1.330961891199369542e+07
1.330898377419984341e+07
1.330835825232202373e+07
1.330774220429908112e+07
1.330713548963770270e+07
1.330653796941044554e+07
1.330594950625301898e+07
1.330536996436091885e+07
1.330479920948566869e+07
1.330423710893059522e+07
1.330368353154639341e+07
1.330313834772640839e+07
1.330260142940170132e+07
1.330207265003582649e+07
1.330155188461933658e+07
1.330103900966385379e+07
1.330053390319582820e+07
1.330003644474988058e+07
1.329954651536178030e+07
1.329906399756108224e+07
1.329858877536349371e+07
1.329812073426301219e+07
1.329765976122371294e+07
1.329720574467148632e+07
1.329675857448541000e+07
1.329631814198895916e+07
1.329588433994100429e+07
1.329545706252647378e+07
1.329503620534690842e+07
1.329462166541066021e+07
1.329421334112300724e+07
1.329381113227592036e+07
1.329341494003786519e+07
1.329302466694326885e+07
1.329264021688195691e+07
1.329226149508842826e+07
1.329188840813099965e+07
