5.186846624215637892e+07
4.666599729070100933e+07
4.183760475844880939e+07
3.739527804417049885e+07
3.334905385337931663e+07
2.970650533327533305e+07
2.647216834124630690e+07
2.364691605492754281e+07
2.122729241339732707e+07
1.920486470506155491e+07
1.756561543535733968e+07
1.628947331768477522e+07
1.535006650691535138e+07
1.471480415730587021e+07
1.434538552217741683e+07
1.419880652075671777e+07
1.422887600552008301e+07
1.438817240224142745e+07
1.463028152662950195e+07
1.491208270820431039e+07
1.519581787917334400e+07
1.545070127650072984e+07
1.565390164814066514e+07
1.579083277203554846e+07
1.585479238296022080e+07
1.584606947430157475e+07
1.577068314521314576e+07
1.563892375450421683e+07
1.546384885090802796e+07
1.525985447367382050e+07
1.504140731948491000e+07
1.482199146026117541e+07
1.461329754763236642e+07
1.442466290894467942e+07
1.426275643001209386e+07
1.413149108577074297e+07
1.403213815192418173e+07
1.396360980484451167e+07
1.392287089323046058e+07
1.390543651025443710e+07
1.390591020140979066e+07
1.391851874975661933e+07
1.393760372670310922e+07
1.395803717461602390e+07
1.397553822424028069e+07
1.398687811989288405e+07
1.398997185179913975e+07
1.398386427176358178e+07
1.396862634147291258e+07
1.394518252872284502e+07
1.391509318198168650e+07
1.388031613267906383e+07
1.384297015387037024e+07
1.380511970307577588e+07
1.376859608177989349e+07
1.373486521919966117e+07
1.370494715784520656e+07
1.367938736365392804e+07
1.365827554187085852e+07
1.364130400424730219e+07
1.362785501779154316e+07
1.361710518974852934e+07
1.360813469188146293e+07
1.360003018457742780e+07
1.359197222619307041e+07
1.358330064252282679e+07
1.357355436619847268e+07
1.356248529851207137e+07
1.355004846698636189e+07
1.353637289327369258e+07
1.352171898502485827e+07
1.350642886378719285e+07
1.349087587816285715e+07
1.347541874648443982e+07
1.346036449983492121e+07
1.344594285522366688e+07
1.343229304225607403e+07
1.341946261619932950e+07
1.340741656043565832e+07
1.339605410911753029e+07
1.338523025223569199e+07
1.337477881640999578e+07
1.336453429857270978e+07
1.335435018677340448e+07
1.334411223321782053e+07
1.333374594369607605e+07
1.332321831543792039e+07
1.331253450956331380e+07
1.330173062599169835e+07
1.329086402670289204e+07
1.328000272379363514e+07
1.326921523232263140e+07
1.325856202378158271e+07
1.324808935540417954e+07
1.323782584921139851e+07
1.322778180600589141e+07
1.321795090839049779e+07
1.320831372552942671e+07
1.319884229800146073e+07
1.318950505560613982e+07
1.318027139255410060e+07
1.317111537069474906e+07
1.316201821342843771e+07
1.315296945984233543e+07
1.314396684175196290e+07
1.313501510273025557e+07
1.312612408279213682e+07
1.311730643896076456e+07
1.310857536275186017e+07
1.309994260000033304e+07
1.309141699058677256e+07
1.308300364195413142e+07
1.307470374705714360e+07
1.306651496839677542e+07
1.305843224498368800e+07
1.305044884366441891e+07
1.304255747069238499e+07
1.303475128004720807e+07
1.302702465505472198e+07
1.301937369089305773e+07
1.301179635885014012e+07
1.300429238094720244e+07
1.299686287988960184e+07
1.298950989083797112e+07
1.298223582738504000e+07
1.297504298589309491e+07
1.296793315330215171e+07
1.296090735803563520e+07
1.295396577637147158e+07
1.294710778184906021e+07
1.294033210620197095e+07
1.293363706888141111e+07
1.292702082898994535e+07
1.292048161761307530e+07
1.291401791835988872e+07
1.290762857847495750e+07
1.290131283677953482e+07
1.289507029781696573e+07
1.288890083924044669e+07
1.288280449730046466e+07
1.287678134435196407e+07
1.287083138039512932e+07
1.286495445359662548e+07
1.285915021776396036e+07
1.285341812761683017e+07
1.284775746656300128e+07
1.284216739735866338e+07
1.283664702392058820e+07
1.283119545265207440e+07
1.282581184358803928e+07
1.282049544485674240e+07
1.281524560768788308e+07
1.281006178278141282e+07
1.280494350173024461e+07
1.279989034900520928e+07
1.279490193063330650e+07
1.278997784521636926e+07
1.278511766160213202e+07
1.278032090568945184e+07
1.277558705690735206e+07
1.277091555319573358e+07
1.276630580208479427e+07
1.276175719485022873e+07
1.275726912071940489e+07
1.275284097862028331e+07
1.274847218482778408e+07
1.274416217586734705e+07
1.273991040698528290e+07
1.273571634723443910e+07
1.273157947265607119e+07
1.272749925913812593e+07
1.272347517633259669e+07
1.271950668360187858e+07
1.271559322844430432e+07
1.271173424733139388e+07
1.270792916846605390e+07
1.270417741570241749e+07
1.270047841277843714e+07
1.269683158708878607e+07
1.269323637242868915e+07
1.268969221041193232e+07
1.268619855054832436e+07
1.268275484920506552e+07
1.267936056783602759e+07
1.267601517092711292e+07
1.267271812407832965e+07
1.266946889254407585e+07
1.266626694041231275e+07
1.266311173045405746e+07
1.266000272454516217e+07
1.265693938447463326e+07
1.265392117291601002e+07
1.265094755434994027e+07
1.264801799577624351e+07
1.264513196712634154e+07
1.264228894136404991e+07
1.263948839432897232e+07
1.263672980442065373e+07
1.263401265223859996e+07
1.263133642028419673e+07
1.262870059280153550e+07
1.262610465579419583e+07
1.262354809721355513e+07
1.262103040728017315e+07
1.261855107887808233e+07
1.261610960795558617e+07
1.261370549387350865e+07
1.261133823965985328e+07
1.260900735215269402e+07
1.260671234203613736e+07
1.260445272379249334e+07
1.260222801560461894e+07
1.260003773924508691e+07
1.259788141998377256e+07
1.259575858653563634e+07
1.259366877105779573e+07
1.259161150919340737e+07
1.258958634015068039e+07
1.258759280680061504e+07
1.258563045577647164e+07
1.258369883756125718e+07
1.258179750655492023e+07
1.257992602111930214e+07
1.257808394360436872e+07
1.257627084036286548e+07
1.257448628176202998e+07
1.257272984220009670e+07
1.257100110013271868e+07
1.256929963811121322e+07
1.256762504283094779e+07
1.256597690518574975e+07
1.256435482032274455e+07
1.256275838769196719e+07
1.256118721108629741e+07
1.255964089866904356e+07
1.255811906298877671e+07
1.255662132098282501e+07
1.255514729397230782e+07
1.255369660765212402e+07
1.255226889207914472e+07
1.255086378166122921e+07
1.254948091514847055e+07
1.254811993562707677e+07
1.254678049051534757e+07
1.254546223156060465e+07
1.254416481483576819e+07
1.254288790073453076e+07
1.254163115396434069e+07
1.254039424353708141e+07
1.253917684275760874e+07
1.253797862921077386e+07
1.253679928474748135e+07
1.253563849547034316e+07
1.253449595171917975e+07
1.253337134805640206e+07
1.253226438325189799e+07
1.253117476026700996e+07
1.253010218623702973e+07
1.252904637245173752e+07
1.252800703433366492e+07
1.252698389141398296e+07
1.252597666730617732e+07
1.252498508967768587e+07
1.252400889022003114e+07
1.252304780461779051e+07
1.252210157251678221e+07
1.252116993749179319e+07
1.252025264701395854e+07
1.251934945241792500e+07
1.251846010886873491e+07
1.251758437532842346e+07
1.251672201452222839e+07
1.251587279290443286e+07
1.251503648062378354e+07
1.251421285148854554e+07
1.251340168293122947e+07
1.251260275597305223e+07
1.251181585518814810e+07
1.251104076866756193e+07
1.251027728798300028e+07
1.250952520815030672e+07
1.250878432759260386e+07
1.250805444810309261e+07
1.250733537480742857e+07
1.250662691612570360e+07
1.250592888373405114e+07
1.250524109252589196e+07
1.250456336057293043e+07
1.250389550908594951e+07
1.250323736237547174e+07
1.250258874781237543e+07
1.250194949578852579e+07
1.250131943967744708e+07
1.250069841579506733e+07
1.250008626336059533e+07
1.249948282445748709e+07
1.249888794399456494e+07
1.249830146966727823e+07
1.249772325191911496e+07
1.249715314390316978e+07
