1.029322046315900981e+08
9.224335966431325674e+07
8.269980407902017236e+07
7.430419162764310837e+07
6.704818667351634055e+07
6.091025369056090713e+07
5.585337856416636705e+07
5.182295983267785609e+07
4.874524628785564005e+07
4.652683048442384601e+07
4.505577276594939828e+07
4.414910262274370342e+07
4.358058726988177001e+07
4.328002033397614956e+07
4.317258169278120250e+07
4.318948581693913043e+07
4.327012080419480801e+07
4.336364852417500317e+07
4.342989138171368092e+07
4.343947609703517705e+07
4.337331938265512884e+07
4.322160726030996442e+07
4.298244087336695939e+07
4.266031010524718463e+07
4.226452751618070155e+07
4.180772129697544873e+07
4.130445457059379667e+07
4.077001280780585855e+07
4.021938200953242183e+07
3.966642684686058760e+07
3.912326877067254484e+07
3.859985778372262418e+07
3.810372690135738999e+07
3.763991443851847947e+07
3.721103564112555236e+07
3.681748166670256853e+07
3.645772064091639966e+07
3.612867280942977220e+07
3.582613010415185988e+07
3.554519016799428314e+07
3.528067632280652225e+07
3.502751820069686323e+07
3.478107262078128755e+07
3.453737038058073819e+07
3.429328137422348559e+07
3.404659720474701375e+07
3.379603660974048078e+07
3.354118406795815378e+07
3.328237556986900046e+07
3.302054757792842016e+07
3.275706570967306197e+07
3.249354882588538527e+07
3.223170226820524037e+07
3.197317128430339694e+07
3.171942253097353876e+07
3.147165826232426986e+07
3.123076465781823546e+07
3.099729292612559721e+07
3.077146960146014020e+07
3.055323051747035235e+07
3.034227227704222500e+07
3.013811427205403894e+07
2.994016470317352563e+07
2.974778466382107884e+07
2.956034541714002937e+07
2.937727528856948763e+07
2.919809399062769115e+07
2.902243356244897842e+07
2.885004633579370379e+07
2.868080134959078580e+07
2.851467137466753647e+07
2.835171315765399113e+07
2.819204365438626707e+07
2.803581492779359967e+07
2.788319007962624729e+07
2.773432212644769251e+07
2.758933717935850471e+07
2.744832270389140397e+07
2.731132107536399737e+07
2.717832815013203770e+07
2.704929617726952955e+07
2.692414009793621302e+07
2.680274612795886397e+07
2.668498148807581514e+07
2.657070422115132213e+07
2.645977219442313164e+07
2.635205060102580115e+07
2.624741752065546811e+07
2.614576734756100923e+07
2.604701212183566391e+07
2.595108098922305182e+07
2.585791815349766612e+07
2.576747976853594184e+07
2.567973024510325864e+07
2.559463842592190951e+07
2.551217402136198431e+07
2.543230460908164084e+07
2.535499339696363732e+07
2.528019784207949042e+07
2.520786911986956000e+07
2.513795235555035621e+07
2.507038746938227862e+07
2.500511045132611692e+07
2.494205486166179180e+07
2.488115341017105058e+07
2.482233935588174313e+07
2.476554773058512062e+07
2.471071621553016827e+07
2.465778567357319593e+07
2.460670033837512136e+07
2.455740770166286081e+07
2.450985816351765394e+07
2.446400452405674011e+07
2.441980139805064350e+07
2.437720462827282399e+07
2.433617076072718576e+07
2.429665662775016576e+07
2.425861906583580002e+07
2.422201477619674057e+07
2.418680032707529888e+07
2.415293224652816355e+07
2.412036719330525398e+07
2.408906226239517331e+07
2.405897517914180085e+07
2.403006455330967531e+07
2.400229007776093483e+07
2.397561267307519168e+07
2.394999457103954628e+07
2.392539933767934889e+07
2.390179184290567786e+07
2.387913818844068795e+07
2.385740560823695362e+07
2.383656235617952421e+07
2.381657759470765665e+07
2.379742129552286118e+07
2.377906416025134549e+07
2.376147756530246884e+07
2.374463353167111427e+07
2.372850471744020283e+07
2.371306442850490659e+07
2.369828664169113338e+07
2.368414603398501128e+07
2.367061801193241030e+07
2.365767873623749614e+07
2.364530513797272742e+07
2.363347492438101396e+07
2.362216657379357144e+07
2.361135932052809745e+07
2.360103313164968789e+07
2.359116867810438573e+07
2.358174730296494812e+07
2.357275098939684778e+07
2.356416233053695038e+07
2.355596450287176296e+07
2.354814124401190132e+07
2.354067683507875353e+07
2.353355608732969686e+07
2.352676433220443502e+07
2.352028741370635852e+07
2.351411168194336072e+07
2.350822398672264069e+07
2.350261167028960586e+07
2.349726255857634172e+07
2.349216495063441992e+07
2.348730760622549057e+07
2.348267973179666325e+07
2.347827096525171399e+07
2.347407136003303528e+07
2.347007136905222759e+07
2.346626182896073163e+07
2.346263394515269622e+07
2.345917927776110545e+07
2.345588972876768559e+07
2.345275753021515906e+07
2.344977523340314254e+07
2.344693569887539744e+07
2.344423208696950972e+07
2.344165784869945049e+07
2.343920671677038819e+07
2.343687269657476619e+07
2.343465005707959831e+07
2.343253332157674432e+07
2.343051725832286850e+07
2.342859687113764137e+07
2.342676739005412906e+07
2.342502426212399080e+07
2.342336314247321710e+07
2.342177988568584621e+07
2.342027053756678849e+07
2.341883132730656490e+07
2.341745866004332155e+07
2.341614910979513079e+07
2.341489941272049397e+07
2.341370646065704152e+07
2.341256729488896579e+07
2.341147910009951144e+07
2.341043919847583398e+07
2.340944504394598678e+07
2.340849421654077247e+07
2.340758441688419878e+07
2.340671346082430705e+07
2.340587927422079444e+07
2.340507988790681586e+07
2.340431343283995241e+07
2.340357813545305282e+07
2.340287231320973486e+07
2.340219437036311626e+07
2.340154279391117394e+07
2.340091614973757789e+07
2.340031307892443240e+07
2.339973229422244430e+07
2.339917257666483521e+07
2.339863277231312543e+07
2.339811178912544250e+07
2.339760859394126385e+07
2.339712220957866311e+07
2.339665171204275265e+07
2.339619622784510255e+07
2.339575493143458664e+07
2.339532704274018109e+07
2.339491182482516021e+07
2.339450858165130019e+07
2.339411665595047176e+07
2.339373542719968781e+07
2.339336430969494581e+07
2.339300275071856007e+07
2.339265022879453003e+07
2.339230625202661008e+07
2.339197035651434213e+07
2.339164210484271497e+07
2.339132108464209735e+07
2.339100690721545368e+07
2.339069920623062178e+07
2.339039763647571206e+07
2.339010187267585099e+07
2.338981160836959630e+07
2.338952655484325811e+07
2.338924644012098014e+07
2.338897100800854340e+07
2.338870001718838885e+07
2.338843324036335200e+07
2.338817046344652772e+07
2.338791148479466513e+07
2.338765611448270828e+07
2.338740417361717671e+07
2.338715549368624389e+07
2.338690991594484448e+07
2.338666729083285108e+07
2.338642747742512822e+07
2.338619034291186184e+07
2.338595576210797578e+07
2.338572361699035764e+07
2.338549379626165703e+07
2.338526619493935630e+07
2.338504071396900713e+07
2.338481725986012816e+07
2.338459574434380233e+07
2.338437608405055851e+07
2.338415820020738989e+07
2.338394201835297048e+07
2.338372746806980297e+07
2.338351448273243010e+07
2.338330299927098304e+07
2.338309295794890821e+07
2.338288430215447024e+07
2.338267697820502520e+07
2.338247093516355753e+07
2.338226612466669455e+07
2.338206250076369941e+07
2.338186001976567134e+07
2.338165864010443538e+07
2.338145832220056280e+07
2.338125902833985537e+07
2.338106072255785018e+07
2.338086337053183094e+07
2.338066693947986513e+07
2.338047139806633443e+07
2.338027671631377190e+07
2.338008286552037299e+07
2.337988981818302348e+07
2.337969754792539775e+07
2.337950602943085507e+07
2.337931523837985098e+07
2.337912515139157325e+07
2.337893574596955627e+07
2.337874700045087934e+07
2.337855889395901561e+07
2.337837140635974705e+07
2.337818451822012663e+07
2.337799821077029407e+07
2.337781246586788446e+07
2.337762726596482471e+07
2.337744259407646954e+07
2.337725843375277519e+07
2.337707476905156672e+07
2.337689158451347053e+07
2.337670886513873190e+07
2.337652659636548162e+07
2.337634476404958218e+07
2.337616335444578901e+07
