3.380066589535084367e+08
3.121655305526784658e+08
2.873299094002050161e+08
2.635420979861165583e+08
2.408421148161519766e+08
2.192671728336982429e+08
1.988511169476140440e+08
1.796238236726410091e+08
1.616105678021489978e+08
1.448313634208625257e+08
1.293002894748799801e+08
1.150248135676845610e+08
1.020051316184059530e+08
9.023354540808884799e+07
7.969390466140656173e+07
7.036114485244475305e+07
6.220095592570615560e+07
5.516961997432912886e+07
4.921405686383073032e+07
4.427211499078574777e+07
4.027313899293693900e+07
3.713883661512472481e+07
3.478445277705797553e+07
3.312024044427405298e+07
3.205319617318738997e+07
3.148900499876316264e+07
3.133411719360289723e+07
3.149786130886697769e+07
3.189448671708472818e+07
3.244502685172445327e+07
3.307888260699731484e+07
3.373504339892064035e+07
3.436288930897531658e+07
3.492254831989165395e+07
3.538481420315735042e+07
3.573065951314659417e+07
3.595040158600334078e+07
3.604259543859277666e+07
3.601273606673933566e+07
3.587185349590244889e+07
3.563507909835985303e+07
3.532025244296634942e+07
3.494662561127383262e+07
3.453370880586805940e+07
3.410028750172257423e+07
3.366362879438275844e+07
3.323888327335704491e+07
3.283867905920651555e+07
3.247289669902834669e+07
3.214860743309174478e+07
3.187015282834229991e+07
3.163934085713285580e+07
3.145573201050566137e+07
3.131698885599368066e+07
3.121926340943465009e+07
3.115759861710100621e+07
3.112632294928177446e+07
3.111942038835609332e+07
3.113086174601864442e+07
3.115488705994845182e+07
3.118623260521861911e+07
3.122029963596767932e+07
3.125326520269420743e+07
3.128213815870242566e+07
3.130476570158133656e+07
3.131979745506983250e+07
3.132661518050762266e+07
3.132523674220031500e+07
3.131620298803617805e+07
3.130045581348014623e+07
3.127921493255536631e+07
3.125385986788605154e+07
3.122582247815262154e+07
3.119649404691910744e+07
3.116714963696480170e+07
3.113889113573887199e+07
3.111260923706793785e+07
3.108896356740577146e+07
3.106837930561903492e+07
3.105105798547156155e+07
3.103699971965671331e+07
3.102603384213047847e+07
3.101785491988963634e+07
3.101206121541920304e+07
3.100819295867244154e+07
3.100576817926833779e+07
3.100431431924927980e+07
3.100339435727719218e+07
3.100262669124771655e+07
3.100169851630666107e+07
3.100037287277574092e+07
3.099848990354746580e+07
3.099596314010780677e+07
3.099277182455247641e+07
3.098895037245288864e+07
3.098457609463464469e+07
3.097975623589164019e+07
3.097461526968262345e+07
3.096928322613186389e+07
3.096388564291066676e+07
3.095853553087985516e+07
3.095332755315022171e+07
3.094833443950865418e+07
3.094360550715291500e+07
3.093916703951083124e+07
3.093502419069637358e+07
3.093116403418990225e+07
3.092755935853234679e+07
3.092417282619250193e+07
3.092096114894397929e+07
3.091787898791715875e+07
3.091488235255090147e+07
3.091193134374627843e+07
3.090899215700371191e+07
3.090603832647800446e+07
3.090305124706059322e+07
3.090002005630873144e+07
3.089694098996291310e+07
3.089381634368145093e+07
3.089065318017068505e+07
3.088746191654443741e+07
3.088425491349773109e+07
3.088104516803853959e+07
3.087784518751816079e+07
3.087466609689345956e+07
3.087151700567691773e+07
3.086840463767064735e+07
3.086533320670698211e+07
3.086230450614169985e+07
3.085931816921813786e+07
3.085637205167486519e+07
3.085346268677098677e+07
3.085058576563417539e+07
3.084773660167965293e+07
3.084491054587722570e+07
3.084210332890877873e+07
3.083931131586255878e+07
3.083653166826581210e+07
3.083376241633263230e+07
3.083100245084697753e+07
3.082825144884797186e+07
3.082550975015098229e+07
3.082277820279970393e+07
3.082005799500425905e+07
3.081735048927846923e+07
3.081465707169809937e+07
3.081197902583562583e+07
3.080931743734706193e+07
3.080667313171222806e+07
3.080404664452448860e+07
3.080143822117998824e+07
3.079884784094528481e+07
3.079627525922879577e+07
3.079372006142352521e+07
3.079118172185081244e+07
3.078865966200329363e+07
3.078615330332261324e+07
3.078366211100839823e+07
3.078118562669795752e+07
3.077872348915733770e+07
3.077627544328042865e+07
3.077384133863216266e+07
3.077142111945026368e+07
3.076901480842297524e+07
3.076662248669897020e+07
3.076424427249188349e+07
3.076188030036111549e+07
3.075953070283838362e+07
3.075719559558190405e+07
3.075487506673216075e+07
3.075256917066210881e+07
3.075027792589698732e+07
3.074800131665165722e+07
3.074573929720915854e+07
3.074349179824630544e+07
3.074125873419279233e+07
3.073904001077591628e+07
3.073683553203187883e+07
3.073464520623729378e+07
3.073246895040588826e+07
3.073030669318676367e+07
3.072815837617459893e+07
3.072602395378522575e+07
3.072390339195533469e+07
3.072179666598896310e+07
3.071970375789650530e+07
3.071762465356018394e+07
3.071555934001856297e+07
3.071350780310207978e+07
3.071147002557893097e+07
3.070944598589634895e+07
3.070743565753181651e+07
3.070543900890950114e+07
3.070345600379167125e+07
3.070148660202566907e+07
3.069953076051403955e+07
3.069758843427681923e+07
3.069565957748886943e+07
3.069374414439737797e+07
3.069184209005244821e+07
3.068995337081281841e+07
3.068807794461680576e+07
3.068621577103256434e+07
3.068436681112055480e+07
3.068253102715332061e+07
3.068070838224344328e+07
3.067889883993097767e+07
3.067710236377598718e+07
3.067531891699387506e+07
3.067354846216019988e+07
3.067179096100017801e+07
3.067004637426723540e+07
3.066831466170537099e+07
3.066659578208288550e+07
3.066488969328009710e+07
3.066319635241165757e+07
3.066151571596384048e+07
3.065984773992954195e+07
3.065819237992709875e+07
3.065654959129302204e+07
3.065491932914354652e+07
3.065330154840401560e+07
3.065169620380866528e+07
3.065010324987609684e+07
3.064852264086748287e+07
3.064695433073512092e+07
3.064539827306872979e+07
3.064385442104595155e+07
3.064232272739196941e+07
3.064080314435143024e+07
3.063929562367409095e+07
3.063780011661391333e+07
3.063631657394004241e+07
3.063484494595713913e+07
3.063338518253195286e+07
3.063193723312300444e+07
3.063050104681032896e+07
3.062907657232286036e+07
3.062766375806161389e+07
3.062626255211758614e+07
3.062487290228413790e+07
3.062349475606393069e+07
3.062212806067145988e+07
3.062077276303216070e+07
3.061942880977936089e+07
3.061809614725043625e+07
3.061677472148327529e+07
3.061546447821390256e+07
3.061416536287597194e+07
3.061287732060238719e+07
3.061160029622918740e+07
3.061033423430140316e+07
3.060907907908058539e+07
3.060783477455356717e+07
3.060660126444203407e+07
3.060537849221223220e+07
3.060416640108472854e+07
3.060296493404371291e+07
3.060177403384581208e+07
3.060059364302828908e+07
3.059942370391669124e+07
3.059826415863208845e+07
3.059711494909799844e+07
3.059597601704727113e+07
3.059484730402895808e+07
3.059372875141546875e+07
3.059262030040996894e+07
3.059152189205411822e+07
3.059043346723622084e+07
3.058935496669961512e+07
3.058828633105132729e+07
3.058722750077087805e+07
3.058617841621911898e+07
3.058513901764701307e+07
3.058410924520432204e+07
3.058308903894804791e+07
3.058207833885069191e+07
3.058107708480823413e+07
3.058008521664786339e+07
3.057910267413552850e+07
3.057812939698322117e+07
3.057716532485620677e+07
3.057621039738005400e+07
3.057526455414763093e+07
3.057432773472605646e+07
3.057339987866359949e+07
3.057248092549662665e+07
3.057157081475645304e+07
3.057066948597627133e+07
3.056977687869798020e+07
3.056889293247906119e+07
3.056801758689936623e+07
3.056715078156782687e+07
3.056629245612918958e+07
3.056544255027054995e+07
3.056460100372791290e+07
3.056376775629267097e+07
3.056294274781789631e+07
3.056212591822468489e+07
3.056131720750835538e+07
