6.707236033608715236e+07
5.949894380960492045e+07
5.314343631129008532e+07
4.802876902034170926e+07
4.415184902783649415e+07
4.147165341385501623e+07
3.989594955317102373e+07
3.927057238426917791e+07
3.930275410100407898e+07
3.971019394026258588e+07
4.031280676827703416e+07
4.093228643534960598e+07
4.143156055148048699e+07
4.172617570584742725e+07
4.178386950251209736e+07
4.161550083467829227e+07
4.126203388427518308e+07
4.078130847861732543e+07
4.023663536567427963e+07
3.968792749286326766e+07
3.918537461988045275e+07
3.876543174295720458e+07
3.844888608776552975e+07
3.824081567346136272e+07
3.813225175758575648e+07
3.810327127993097901e+07
3.812709364596735686e+07
3.817460205844623595e+07
3.821863168577690423e+07
3.823741979621876031e+07
3.821679688538888842e+07
3.815095861731185019e+07
3.804191765415649116e+07
3.789792812279214710e+07
3.773127636258830875e+07
3.755584745409645140e+07
3.738483355089765042e+07
3.722887338149949908e+07
3.709481973749007285e+07
3.698523153379913419e+07
3.689858352877323329e+07
3.683008667520470917e+07
3.677292727750420570e+07
3.671967909209768474e+07
3.666363228923960775e+07
3.659982078057971597e+07
3.652560626754363626e+07
3.644077449260769784e+07
3.634719366586374491e+07
3.624815746059676260e+07
3.614757418964990973e+07
3.604916785930149257e+07
3.595583098409055173e+07
3.586922266980785131e+07
3.578964935432402045e+07
3.571621021872352064e+07
3.564714410617956519e+07
3.558028584712181240e+07
3.551353179242514819e+07
3.544522548954770714e+07
3.537440140363529325e+07
3.530086008433736116e+07
3.522508431951807439e+07
3.514803540461964160e+07
3.507088672978048772e+07
3.499475640358003974e+07
3.492049243390098959e+07
3.484854623034994304e+07
3.477894749000974000e+07
3.471137096262195706e+07
3.464526773810693622e+07
3.458002376583840698e+07
3.451510755546438694e+07
3.445017656828343868e+07
3.438512506328886747e+07
3.432007148032800108e+07
3.425529713698400557e+07
3.419115721847938001e+07
3.412798827284359187e+07
3.406603375675268471e+07
3.400540200499947369e+07
3.394606154531089962e+07
3.388786940213119239e+07
3.383062102734170109e+07
3.377410707865279913e+07
3.371816276229272038e+07
3.366269923881660402e+07
3.360771233758184314e+07
3.355326991352557391e+07
3.349948410761270672e+07
3.344647751078667492e+07
3.339435235876171663e+07
3.334316990027727932e+07
3.329294332504689321e+07
3.324364392194626480e+07
3.319521673970999196e+07
3.314760020149577409e+07
3.310074394077089056e+07
3.305462045655041188e+07
3.300922847383260727e+07
3.296458841008016840e+07
3.292073239607433602e+07
3.287769240018399805e+07
3.283548999574974552e+07
3.279413034773740917e+07
3.275360146906363219e+07
3.271387820093581080e+07
3.267492915073275566e+07
3.263672425902538002e+07
3.259924082889026403e+07
3.256246659132572263e+07
3.252639941374827176e+07
3.249104425373907015e+07
3.245640864173606783e+07
3.242249819447799772e+07
3.238931341847446188e+07
3.235684849449068308e+07
3.232509205097008497e+07
3.229402935224237293e+07
3.226364500293268263e+07
3.223392526214336604e+07
3.220485932621637359e+07
3.217643935775787011e+07
3.214865946181479096e+07
3.212151410775144398e+07
3.209499659408172220e+07
3.206909805132824555e+07
3.204380723543977737e+07
3.201911107725302130e+07
3.199499571844380721e+07
3.197144764818959311e+07
3.194845457738229632e+07
3.192600582185447961e+07
3.190409215386234224e+07
3.188270525429917499e+07
3.186183700322518498e+07
3.184147885928566754e+07
3.182162150879506394e+07
3.180225484776871651e+07
3.178336824072737247e+07
3.176495092236953974e+07
3.174699235795270652e+07
3.172948249894825369e+07
3.171241179714915901e+07
3.169577106807612255e+07
3.167955126027723402e+07
3.166374323746246845e+07
3.164833765585025027e+07
3.163332497282059118e+07
3.161869557055311278e+07
3.160443993920327350e+07
3.159054885029180348e+07
3.157701346364907920e+07
3.156382534214489907e+07
3.155097638391479850e+07
3.153845870855830982e+07
3.152626454358034208e+07
3.151438614923905581e+07
3.150281579962598532e+07
3.149154581450095028e+07
3.148056861908538267e+07
3.146987680306933075e+07
3.145946315586722642e+07
3.144932066860259324e+07
3.143944250809851289e+07
3.142982197844719514e+07
3.142045248828093335e+07
3.141132753687999770e+07
3.140244072281009704e+07
3.139378576922658458e+07
3.138535655406312644e+07
3.137714713282140344e+07
3.136915174601057917e+07
3.136136481006333232e+07
3.135378089679047465e+07
3.134639470979282260e+07
3.133920106587117538e+07
3.133219488609968871e+07
3.132537119665957987e+07
3.131872513576053083e+07
3.131225196136371419e+07
3.130594705523855984e+07
3.129980592138519883e+07
3.129382417972192541e+07
3.128799755792034417e+07
3.128232188468138874e+07
3.127679308665961027e+07
3.127140718935041502e+07
3.126616032048033178e+07
3.126104871352054924e+07
3.125606870914526284e+07
3.125121675353603810e+07
3.124648939381294698e+07
3.124188327193645388e+07
3.123739511877945811e+07
3.123302174968393892e+07
3.122876006197294593e+07
3.122460703401792422e+07
3.122055972493278608e+07
3.121661527394256741e+07
3.121277089887344837e+07
3.120902389377865195e+07
3.120537162616849318e+07
3.120181153446555138e+07
3.119834112613697723e+07
3.119495797659217194e+07
3.119165972857182473e+07
3.118844409155871347e+07
3.118530884077860042e+07
3.118225181558169797e+07
3.117927091727873310e+07
3.117636410671649128e+07
3.117352940193701163e+07
3.117076487617075816e+07
3.116806865623540431e+07
3.116543892124124244e+07
3.116287390141612291e+07
3.116037187687976658e+07
3.115793117629093677e+07
3.115555017540123686e+07
3.115322729562061280e+07
3.115096100270212069e+07
3.114874980559820682e+07
3.114659225546249375e+07
3.114448694471196085e+07
3.114243250605130568e+07
3.114042761139421910e+07
3.113847097067503631e+07
3.113656133059770614e+07
3.113469747339460254e+07
3.113287821565806121e+07
3.113110240727414936e+07
3.112936893044934422e+07
3.112767669879671186e+07
3.112602465644557029e+07
3.112441177715457976e+07
3.112283706343029812e+07
3.112129954566885531e+07
3.111979828133987635e+07
3.111833235422132164e+07
3.111690087367759645e+07
3.111550297396151349e+07
3.111413781351890042e+07
3.111280457428234443e+07
3.111150246095373482e+07
3.111023070028691739e+07
3.110898854038630798e+07
3.110777525003487989e+07
3.110659011805710569e+07
3.110543245271444321e+07
3.110430158112614974e+07
3.110319684870865569e+07
3.110211761862985790e+07
3.110106327127926052e+07
3.110003320375680178e+07
3.109902682938270271e+07
3.109804357722755894e+07
3.109708289165909588e+07
3.109614423190011829e+07
3.109522707159342617e+07
3.109433089837178588e+07
3.109345521343418956e+07
3.109259953113179654e+07
3.109176337856689095e+07
3.109094629520708323e+07
3.109014783251516521e+07
3.108936755359333754e+07
3.108860503284016997e+07
3.108785985561905056e+07
3.108713161793754250e+07
3.108641992613786459e+07
3.108572439659839869e+07
3.108504465544588864e+07
3.108438033827712387e+07
3.108373108988863975e+07
3.108309656401325762e+07
3.108247642306251079e+07
3.108187033787545934e+07
3.108127799009363726e+07
3.108069906137770042e+07
3.108013324910435826e+07
3.107958025545478612e+07
3.107903978989368305e+07
3.107851156896381825e+07
3.107799531608754024e+07
3.107749076137498766e+07
3.107699764143873006e+07
3.107651569921474159e+07
3.107604468378916010e+07
3.107558435023061931e+07
3.107513445942738652e+07
3.107469477792916447e+07
3.107426507779308408e+07
3.107384513643404096e+07
3.107343473647940159e+07
3.107303366562819853e+07
3.107264171651490033e+07
3.107225868657767400e+07
3.107188437793100253e+07
3.107151859724256769e+07
