1.129929236561015500e+15
1.072214738538175000e+15
1.017117764433692875e+15
9.645830484664743750e+14
9.145093086519605000e+14
8.667960122924022500e+14
8.213476860689215000e+14
7.780724890990808750e+14
7.368778338349582500e+14
6.976681843844685000e+14
6.603483507672326250e+14
6.248285151575323750e+14
5.910271002891220000e+14
5.588704562277749375e+14
5.282913771151011875e+14
4.992284082862443750e+14
4.716259861749333125e+14
4.454345434652460625e+14
4.206094762598228125e+14
3.971092109063088750e+14
3.748931509910348750e+14
3.539194888044116250e+14
3.341430840894132500e+14
3.155143883059154375e+14
2.979800887449375625e+14
2.814850209859827500e+14
2.659740520998415000e+14
2.513931876086510000e+14
2.376902255795645938e+14
2.248153786692031562e+14
2.127217155396034688e+14
2.013651027062436562e+14
1.907037591543038438e+14
1.806978250885343125e+14
1.713091190173509688e+14
1.625010169640512188e+14
1.542384283771759062e+14
1.464878571990918125e+14
1.392174493020860469e+14
1.323969760216960469e+14
1.259978125875494062e+14
1.199929305622032812e+14
1.143568581026240938e+14
1.090656398810380312e+14
1.040968703767321094e+14
9.942972613765650000e+13
9.504486979010982812e+13
9.092428771708195312e+13
8.705120343675025000e+13
8.341001305282193750e+13
7.998609341623137500e+13
7.676553852991157812e+13
7.373501588242353125e+13
7.088178677962062500e+13
6.819378785296728125e+13
6.565970463111852344e+13
6.326901733129282812e+13
6.101199367910256250e+13
5.887964022416632031e+13
5.686366404806653125e+13
5.495646019905317188e+13
5.315109646720432031e+13
5.144127071887575781e+13
4.982122578472825000e+13
4.828563239606167188e+13
4.682949239847554688e+13
4.544809097321420312e+13
4.413696426861663281e+13
4.289186662575016406e+13
4.170877123942767188e+13
4.058390604226900000e+13
3.951378066430509375e+13
3.849518518513781250e+13
3.752516951800979688e+13
3.660100564782682812e+13
3.572014348241439844e+13
3.488018281293136328e+13
3.407886496543396484e+13
3.331407114916223047e+13
3.258381832467131250e+13
3.188624862658893359e+13
3.121961545553440625e+13
3.058227213779294922e+13
2.997265960091628125e+13
2.938929210837896094e+13
2.883075209585100781e+13
2.829569566630027734e+13
2.778285757165712500e+13
2.729105255245103906e+13
2.681917453023123828e+13
2.636619020021012891e+13
2.593112847057492578e+13
2.551307206279129688e+13
2.511115261115626562e+13
2.472454824713883984e+13
2.435248319830877734e+13
2.399422744111843359e+13
2.364909474455014844e+13
2.331643814531789844e+13
2.299564336035532422e+13
2.268612407768206250e+13
2.238732106300178125e+13
2.209870235734161719e+13
2.181976329034174219e+13
2.155002658675366016e+13
2.128904144241150000e+13
2.103638188484184375e+13
2.079164573197893359e+13
2.055445358705238281e+13
2.032444732789054297e+13
2.010128854978269141e+13
1.988465716438763672e+13
1.967425014677216406e+13
1.946978019903775000e+13
1.927097438264817188e+13
1.907757327503417188e+13
1.888933044230785938e+13
1.870601181723849219e+13
1.852739520909007422e+13
1.835326977047985547e+13
1.818343525982038281e+13
1.801770152872635547e+13
1.785588818123138672e+13
1.769782407479681641e+13
1.754334675236447656e+13
1.739230191133142383e+13
1.724454292327047070e+13
1.709993038368694531e+13
1.695833167559951758e+13
1.681962064484262305e+13
1.668367734892648438e+13
1.655038781034612305e+13
1.641964381804719727e+13
1.629134267707801367e+13
1.616538689147668750e+13
1.604168392835104102e+13
1.592014602276680273e+13
1.580068994959797070e+13
1.568323678955968164e+13
1.556771167961335156e+13
1.545404355104509766e+13
1.534216488424657422e+13
1.523201151257076953e+13
1.512352248241824609e+13
1.501663991662406055e+13
1.491130886183852539e+13
1.480747712058761133e+13
1.470509506549260742e+13
1.460411548328214258e+13
1.450449345224488672e+13
1.440618621487166211e+13
1.430915305637740625e+13
1.421335519776874219e+13
1.411875569307075781e+13
1.402531932606049414e+13
1.393301250827162305e+13
1.384180318856962695e+13
1.375166077330881836e+13
1.366255605300486719e+13
1.357446113089624609e+13
1.348734934731190820e+13
1.340119521229573633e+13
1.331597434940756836e+13
1.323166344088913086e+13
1.314824017740546680e+13
1.306568321170292383e+13
1.298397211073648633e+13
1.290308730573599609e+13
1.282301004271064453e+13
1.274372233822949609e+13
1.266520694150218359e+13
1.258744730138742969e+13
1.251042753433390430e+13
1.243413239068954492e+13
1.235854722279937891e+13
1.228365795480554688e+13
1.220945105377629102e+13
1.213591350380875977e+13
1.206303278133567578e+13
1.199079683089192773e+13
1.191919404217981836e+13
1.184821322887792383e+13
1.177784360877151367e+13
1.170807478431698633e+13
1.163889672376719336e+13
1.157029974304258008e+13
1.150227448922375195e+13
1.143481192552788477e+13
1.136790331659372656e+13
1.130154021453296680e+13
1.123571444577207031e+13
1.117041809822436133e+13
1.110564350895663867e+13
1.104138325258309570e+13
1.097763013058374414e+13
1.091437716131360352e+13
1.085161757041245703e+13
1.078934478144262891e+13
1.072755240700869727e+13
1.066623424055562109e+13
