6.821968894803777337e+07
6.443846949000160396e+07
6.200063769888955355e+07
6.038956271047651023e+07
5.915510793769518286e+07
5.809796023738589883e+07
5.708077138455781341e+07
5.601618766225299984e+07
5.487091571545384079e+07
5.365211600372537971e+07
5.238895458835560083e+07
5.111803283539721370e+07
4.987384296477414668e+07
4.868310705489623547e+07
4.756200639030082524e+07
4.651574257896983624e+07
4.554003790969330072e+07
4.462409618220761418e+07
4.375434596170050651e+07
4.291813942588586360e+07
4.210661095708759129e+07
4.131615050827917457e+07
4.054834233020994067e+07
3.980861690512931347e+07
3.910413879665771872e+07
3.844155521633241326e+07
3.782517452301931381e+07
3.725597246019165963e+07
3.673158127370428294e+07
3.624715247515390068e+07
3.579676014379515499e+07
3.537489276247821748e+07
3.497760438904382288e+07
3.460304640790246427e+07
3.425131760634438694e+07
3.392377422036118805e+07
3.362207661623250693e+07
3.334728508836185560e+07
3.309926271887116507e+07
3.287652220223420858e+07
3.267650618019570410e+07
3.249616011918148398e+07
3.233258142956839874e+07
3.218352903272279352e+07
3.204764852219900861e+07
3.192437952894247696e+07
3.181362185803192854e+07
3.171530809727686644e+07
3.162904300295013189e+07
3.155392643219976127e+07
3.148859790130840242e+07
3.143145788211475313e+07
3.138096340522853285e+07
3.133588156435356289e+07
3.129541464548736066e+07
3.125916876362762600e+07
3.122699910979917645e+07
3.119880598099287227e+07
3.117436389956005290e+07
3.115324243348374218e+07
3.113483464378283173e+07
3.111846586423735321e+07
3.110352834619658440e+07
3.108958476261451468e+07
3.107640367010682821e+07
3.106392204422331974e+07
3.105215968994639814e+07
3.104112608599815518e+07
3.103075748083384335e+07
3.102090431182045490e+07
3.101136545971591771e+07
3.100194695568859950e+07
3.099251580320705473e+07
3.098302593629465252e+07
3.097350856474459171e+07
3.096403557725537941e+07
3.095467507367010042e+07
3.094545879713137448e+07
3.093637324127573892e+07
3.092737418236188591e+07
3.091841416077825427e+07
3.090946829227142036e+07
3.090054674881981313e+07
3.089169001795906946e+07
3.088295146195008233e+07
3.087437684362193942e+07
3.086599046281321347e+07
3.085779308340878785e+07
3.084977061165526509e+07
3.084190765692718327e+07
3.083419873864094913e+07
3.082665215591647848e+07
3.081928582579504699e+07
3.081211837945572287e+07
3.080516061052557454e+07
3.079841143411894888e+07
3.079185968844841048e+07
3.078549004807858914e+07
3.077928956003990024e+07
3.077325154217661917e+07
3.076737539642040059e+07
3.076166315196621418e+07
3.075611506328893453e+07
3.075072669413408637e+07
3.074548877438729629e+07
3.074038949121110141e+07
3.073541767464035749e+07
3.073056511738514155e+07
3.072582699648404866e+07
3.072120051873248443e+07
3.071668282317057997e+07
3.071226939870358258e+07
3.070795379766261578e+07
3.070372860669663921e+07
3.069958696443252265e+07
3.069552372920832038e+07
3.069153572657400742e+07
3.068762109069629386e+07
3.068377819948704168e+07
3.068000484048285708e+07
3.067629801180589944e+07
3.067265434524133056e+07
3.066907079592509568e+07
3.066554515389232337e+07
3.066207610689537227e+07
3.065866288239211962e+07
3.065530473157463968e+07
3.065200056653121114e+07
3.064874892480772734e+07
3.064554822075371444e+07
3.064239708543228358e+07
3.063929457824082673e+07
3.063624016275344044e+07
3.063323349329531565e+07
3.063027416097027808e+07
3.062736154697356001e+07
3.062449484400185198e+07
3.062167319831738621e+07
3.061889586277518421e+07
3.061616226431240514e+07
3.061347195795533434e+07
3.061082451333961636e+07
3.060821941372350603e+07
3.060565602736767754e+07
3.060313365775966644e+07
3.060065163022398204e+07
3.059820935710667074e+07
3.059580634601897001e+07
3.059344215594802797e+07
3.059111633680199832e+07
3.058882839181413129e+07
3.058657778121656179e+07
3.058436395681953058e+07
3.058218639977469295e+07
3.058004463680884615e+07
3.057793822830654308e+07
3.057586674086000770e+07
3.057382972487581149e+07
3.057182671126832068e+07
3.056985722671442479e+07
3.056792081500650197e+07
3.056601704997672886e+07
3.056414553303579241e+07
3.056230587916879356e+07
3.056049770179667324e+07
3.055872060571623594e+07
3.055697419044930488e+07
3.055525805919037014e+07
3.055357182584137470e+07
3.055191511536934227e+07
3.055028755816525966e+07
3.054868878313698247e+07
3.054711841444517300e+07
3.054557607359809801e+07
3.054406138474739343e+07
3.054257397919149697e+07
3.054111349621351808e+07
3.053967958023638278e+07
3.053827187667832524e+07
3.053689002930479869e+07
3.053553368035992980e+07
3.053420247267504409e+07
3.053289605180677772e+07
3.053161406666570529e+07
3.053035616850027815e+07
3.052912200934731215e+07
3.052791124129994214e+07
3.052672351717119664e+07
3.052555849205320701e+07
3.052441582469723374e+07
3.052329517789725587e+07
3.052219621784145385e+07
3.052111861307600141e+07
3.052006203385060281e+07
3.051902615219502151e+07
3.051801064250047132e+07
3.051701518208124489e+07
3.051603945132894069e+07
3.051508313346546516e+07
3.051414591421709210e+07
3.051322748175099865e+07
3.051232752697077766e+07
3.051144574398086965e+07
3.051058183041927218e+07
3.050973548747938871e+07
3.050890641967248172e+07
3.050809433454068378e+07
3.050729894251613319e+07
3.050651995697572082e+07
3.050575709439311177e+07
3.050501007444632798e+07
3.050427862001210079e+07
3.050356245708886534e+07
3.050286131474749744e+07
3.050217492517627031e+07
3.050150302380368486e+07
3.050084534942060709e+07
3.050020164422714710e+07
3.049957165378771722e+07
3.049895512693919986e+07
3.049835181571698189e+07
3.049776147533477843e+07
3.049718386420708895e+07
3.049661874397620931e+07
3.049606587951446697e+07
3.049552503890243918e+07
3.049499599340717494e+07
3.049447851748276129e+07
3.049397238879401982e+07
3.049347738824345171e+07
3.049299329997758567e+07
3.049251991136359423e+07
3.049205701294639707e+07
3.049160439840576053e+07
3.049116186452694610e+07
3.049072921118476242e+07
3.049030624133142829e+07
3.048989276097916067e+07
3.048948857917660847e+07
3.048909350798505545e+07
3.048870736246044561e+07
3.048832996064146608e+07
3.048796112353754416e+07
3.048760067510985583e+07
3.048724844224258885e+07
3.048690425470779464e+07
3.048656794512980804e+07
3.048623934895355627e+07
3.048591830441680551e+07
3.048560465252380818e+07
3.048529823701786995e+07
3.048499890435281768e+07
3.048470650366491824e+07
3.048442088674663752e+07
3.048414190802165866e+07
3.048386942451917380e+07
3.048360329584540427e+07
3.048334338415186107e+07
3.048308955410204455e+07
3.048284167283811793e+07
3.048259960994897038e+07
3.048236323743949831e+07
3.048213242970032245e+07
3.048190706347742677e+07
3.048168701784184948e+07
3.048147217415984720e+07
3.048126241606364399e+07
3.048105762942234427e+07
3.048085770231230557e+07
3.048066252498647571e+07
3.048047198984290659e+07
3.048028599139301479e+07
3.048010442623021081e+07
3.047992719299902022e+07
3.047975419236485660e+07
3.047958532698390633e+07
3.047942050147341937e+07
3.047925962238212675e+07
3.047910259816109389e+07
3.047894933913485706e+07
3.047879975747254118e+07
3.047865376715882123e+07
3.047851128396476060e+07
3.047837222541859001e+07
3.047823651077665761e+07
3.047810406099481508e+07
3.047797479870014265e+07
3.047784864816303551e+07
3.047772553526958823e+07
3.047760538749428466e+07
3.047748813387303054e+07
3.047737370497643948e+07
3.047726203288333863e+07
3.047715305115444213e+07
3.047704669480609894e+07
3.047694290028426424e+07
3.047684160543864965e+07
3.047674274949723110e+07
3.047664627304109931e+07
3.047655211797963828e+07
