9.033383275592833757e+07
7.850793852588957548e+07
6.800036033338317275e+07
5.885007708767575771e+07
5.108198214210040122e+07
4.470181202754394710e+07
3.969017645563077927e+07
3.599606468316681683e+07
3.353069936058148742e+07
3.216326676612652093e+07
3.172066520309349149e+07
3.195511477246045321e+07
3.256851235569566488e+07
3.338048818317386508e+07
3.422989548374564201e+07
3.498547777970652282e+07
3.555414501171322167e+07
3.588347006090253592e+07
3.595882010597053915e+07
3.579669930741434544e+07
3.543620163714230061e+07
3.493017570849680901e+07
3.433716463550382107e+07
3.371468138745323569e+07
3.311402885390285403e+07
3.257667493385427818e+07
3.213209964014821500e+07
3.179699153299275041e+07
3.157564589554475248e+07
3.146138556212437153e+07
3.143878210099164397e+07
3.148640778288238496e+07
3.157981258542737737e+07
3.169441139564710855e+07
3.180799467277336121e+07
3.190264122705575079e+07
3.196590325946462899e+07
3.199123482794184238e+07
3.197772664007240906e+07
3.192927971053091064e+07
3.185339164548952132e+07
3.175974289545494318e+07
3.165876132213352993e+07
3.156031845866504312e+07
3.147267596309679002e+07
3.140176060001192242e+07
3.135080396966775134e+07
3.132034185002650693e+07
3.130853019391182065e+07
3.131170365625561774e+07
3.132508124737429619e+07
3.134351494905295968e+07
3.136218205547904223e+07
3.137713967758402601e+07
3.138568716581398249e+07
3.138651443180277571e+07
3.137964595383228362e+07
3.136621683765832707e+07
3.134813529917833209e+07
3.132769381992832944e+07
3.130718929591377825e+07
3.128860247927834094e+07
3.127337151124047488e+07
3.126227631458663195e+07
3.125543288782837242e+07
3.125238149353385717e+07
3.125224204413272068e+07
3.125390453296073526e+07
3.125622218248796463e+07
3.125817939166599512e+07
3.125901430694710463e+07
3.125828535032677650e+07
3.125588070162553340e+07
3.125197813917878270e+07
3.124696876059451699e+07
3.124136137611803412e+07
3.123568472037016973e+07
3.123040241875816137e+07
3.122585154473398253e+07
3.122221046759028733e+07
3.121949641342657804e+07
3.121758855132618174e+07
3.121626908498666063e+07
3.121527312445395440e+07
3.121433808937861770e+07
3.121324483944806084e+07
3.121184521545261145e+07
3.121007366446609050e+07
3.120794355919405818e+07
3.120553122984295711e+07
3.120295228339588642e+07
3.120033535330665857e+07
3.119779805086038262e+07
3.119542877773311362e+07
3.119327650365062803e+07
3.119134894155540317e+07
3.118961806501731277e+07
3.118803083319336921e+07
3.118652243935147300e+07
3.118502939333227277e+07
3.118350020493499190e+07
3.118190220553724468e+07
3.118022394887942448e+07
3.117847349223129824e+07
3.117667353315878659e+07
3.117485477537871152e+07
3.117304899157391861e+07
3.117128307078635693e+07
3.116957495645334572e+07
3.116793189659837633e+07
3.116635094247477502e+07
3.116482123366903514e+07
3.116332735545805842e+07
3.116185297207005322e+07
3.116038401678296551e+07
3.115891091804983094e+07
3.115742960483361781e+07
3.115594130473652110e+07
3.115445137360936776e+07
3.115296753968313709e+07
3.115149799405399710e+07
3.115004971815888956e+07
3.114862732961140573e+07
3.114723258202458546e+07
3.114586450599132106e+07
3.114452005630666390e+07
3.114319505428954214e+07
3.114188519126116857e+07
3.114058688585185260e+07
3.113929785079143569e+07
3.113801730604324862e+07
3.113674585565897822e+07
3.113548510973315686e+07
3.113423717023012042e+07
3.113300410701862723e+07
3.113178753141461313e+07
3.113058833696672320e+07
3.112940663166235760e+07
3.112824184269662201e+07
3.112709294279237092e+07
3.112595873062076047e+07
3.112483809800580516e+07
3.112373023061800003e+07
3.112263471163749322e+07
3.112155152325521782e+07
3.112048096316289902e+07
3.111942350819630921e+07
3.111837966305858642e+07
3.111734982884578779e+07
3.111633421605660021e+07
3.111533281313423812e+07
3.111434540785078704e+07
3.111337164795590937e+07
3.111241112134415656e+07
3.111146343510458991e+07
3.111052827653475106e+07
3.110960544596910104e+07
3.110869485912221670e+07
3.110779652369149029e+07
3.110691049979550764e+07
3.110603685574670881e+07
3.110517562972498685e+07
3.110432680480847880e+07
3.110349030057497695e+07
3.110266598024376854e+07
3.110185366902698204e+07
3.110105317758693174e+07
3.110026432439465821e+07
3.109948695210225135e+07
3.109872093524437398e+07
3.109796617902546749e+07
3.109722261103449762e+07
3.109649016904025525e+07
3.109576878838602081e+07
3.109505839199565351e+07
3.109435888488528132e+07
3.109367015370584652e+07
3.109299207058078051e+07
3.109232449962572753e+07
3.109166730418302119e+07
3.109102035297003388e+07
3.109038352390063554e+07
3.108975670509605110e+07
3.108913979334495962e+07
3.108853269082845747e+07
3.108793530119424313e+07
3.108734752602993697e+07
3.108676926250718161e+07
3.108620040255328640e+07
3.108564083347830921e+07
3.108509043964765966e+07
3.108454910460980982e+07
3.108401671308255941e+07
3.108349315234104916e+07
3.108297831277820095e+07
3.108247208765254542e+07
3.108197437223717198e+07
3.108148506269522756e+07
3.108100405501928553e+07
3.108053124429856241e+07
3.108006652445033565e+07
3.107960978841290250e+07
3.107916092868179455e+07
3.107871983800469339e+07
3.107828641004171222e+07
3.107786053983824700e+07
3.107744212403050810e+07
3.107703106078339368e+07
3.107662724952732027e+07
3.107623059059898928e+07
3.107584098489605635e+07
3.107545833363297582e+07
3.107508253824340552e+07
3.107471350042902678e+07
3.107435112231750041e+07
3.107399530667041242e+07
3.107364595708022639e+07
3.107330297810912505e+07
3.107296627534631640e+07
3.107263575538623333e+07
3.107231132575055212e+07
3.107199289478786290e+07
3.107168037158504501e+07
3.107137366591508687e+07
3.107107268823231012e+07
3.107077734971121699e+07
3.107048756231380254e+07
3.107020323886518180e+07
3.106992429311814904e+07
3.106965063979315385e+07
3.106938219458877668e+07
3.106911887416618317e+07
3.106886059611701220e+07
3.106860727892658859e+07
3.106835884194351733e+07
3.106811520536256209e+07
3.106787629022303969e+07
3.106764201842026040e+07
3.106741231272422522e+07
3.106718709679920226e+07
3.106696629521822184e+07
3.106674983346973732e+07
3.106653763795550168e+07
3.106632963598214090e+07
3.106612575574968755e+07
3.106592592634077370e+07
3.106573007771323249e+07
3.106553814069755375e+07
3.106535004699856043e+07
3.106516572919980064e+07
3.106498512076839805e+07
3.106480815605824068e+07
3.106463477031010762e+07
3.106446489964820817e+07
3.106429848107374832e+07
3.106413545245662704e+07
3.106397575252661109e+07
3.106381932086520642e+07
3.106366609789896756e+07
3.106351602489427477e+07
3.106336904395341873e+07
3.106322509801103175e+07
3.106308413083045185e+07
3.106294608699928224e+07
3.106281091192396730e+07
3.106267855182349682e+07
3.106254895372242108e+07
3.106242206544379517e+07
3.106229783560214192e+07
3.106217621359693259e+07
3.106205714960645884e+07
3.106194059458187595e+07
3.106182650024149567e+07
3.106171481906470656e+07
3.106160550428551808e+07
3.106149850988567993e+07
3.106139379058729485e+07
3.106129130184514448e+07
3.106119099983882159e+07
3.106109284146492928e+07
3.106099678432932869e+07
3.106090278673961014e+07
3.106081080769762769e+07
3.106072080689214170e+07
3.106063274469142407e+07
3.106054658213579655e+07
3.106046228093006462e+07
3.106037980343580619e+07
3.106029911266370490e+07
3.106022017226572335e+07
3.106014294652743638e+07
3.106006740036034957e+07
3.105999349929423630e+07
3.105992120946959406e+07
3.105985049763007089e+07
3.105978133111483231e+07
3.105971367785093933e+07
3.105964750634565204e+07
3.105958278567873687e+07
3.105951948549472913e+07
