1.709318564246370494e+08
1.556706640959989429e+08
1.411743852239897251e+08
1.274759544056802988e+08
1.146057165713632107e+08
1.025908098293442726e+08
9.145448396317937970e+07
8.121535790214191377e+07
7.188662509169761837e+07
6.347522126324460655e+07
5.598097725953987986e+07
4.939578936451520771e+07
4.370285104017648846e+07
3.887600240483288467e+07
3.487926592034714669e+07
3.166664654758977145e+07
2.918227922812299803e+07
2.736100248789565265e+07
2.612942069373168051e+07
2.540748638906919211e+07
2.511058780189571530e+07
2.515206828839666769e+07
2.544604179734536633e+07
2.591031291054436937e+07
2.646917466312334687e+07
2.705585270443537086e+07
2.761439481727395952e+07
2.810086585544931144e+07
2.848378783200173452e+07
2.874384718794982135e+07
2.887296138008844852e+07
2.887284510295663029e+07
2.875323955979114026e+07
2.852996874704521149e+07
2.822297060710407048e+07
2.785442494426190108e+07
2.744707016222588718e+07
2.702277146514587104e+07
2.660137670306545496e+07
2.619987364892496541e+07
2.583184434218762442e+07
2.550719790693265200e+07
2.523215247853848338e+07
2.500942908206206560e+07
2.483861522116866708e+07
2.471665326503898203e+07
2.463840838406409323e+07
2.459727259443064034e+07
2.458576524341448396e+07
2.459609570432665944e+07
2.462066075792174414e+07
2.465245663759050891e+07
2.468539348790905252e+07
2.471450751732063293e+07
2.473607296131381020e+07
2.474762175563281775e+07
2.474788331389443576e+07
2.473665990063570440e+07
2.471465479505243897e+07
2.468327085270269215e+07
2.464439636046224833e+07
2.460019345380740240e+07
2.455290205339863896e+07
2.450466950918108225e+07
2.445741313276030868e+07
2.441271975177253783e+07
2.437178350913020596e+07
2.433538050493314490e+07
2.430387666033162922e+07
2.427726346026794612e+07
2.425521506148605794e+07
2.423715965322344378e+07
2.422235791371609271e+07
2.420998186408047378e+07
2.419918829942444712e+07
2.418918216840903461e+07
2.417926665550618619e+07
2.416887816940952092e+07
2.415760583770176768e+07
2.414519634955655038e+07
2.413154599632923305e+07
2.411668248405189067e+07
2.410073951142385602e+07
2.408392723114088923e+07
2.406650155513504893e+07
2.404873494383268431e+07
2.403089073575855047e+07
2.401320253131717443e+07
2.399585946803128347e+07
2.397899762845618278e+07
2.396269728462319449e+07
2.394698525379432738e+07
2.393184133678847551e+07
2.391720763804154843e+07
2.390299952002730593e+07
2.388911700834926218e+07
2.387545561558476835e+07
2.386191576575312018e+07
2.384841024983338267e+07
2.383486940005588904e+07
2.382124391392169148e+07
2.380750546986215562e+07
2.379364544236172736e+07
2.377967213813567907e+07
2.376560703491514176e+07
2.375148051365157962e+07
2.373732754043245316e+07
2.372318368571137637e+07
2.370908177670247108e+07
2.369504937541863695e+07
2.368110717062234879e+07
2.366726827617801726e+07
2.365353834813287854e+07
2.363991637307364494e+07
2.362639594317404926e+07
2.361296681877733767e+07
2.359961658524414524e+07
2.358633223349189758e+07
2.357310152851004899e+07
2.355991407207725942e+07
2.354676200994985178e+07
2.353364037549863383e+07
2.352054709758988768e+07
2.350748272796825692e+07
2.349444996120347455e+07
2.348145302822171524e+07
2.346849704333900660e+07
2.345558737608066574e+07
2.344272910492870212e+07
2.342992659273084998e+07
2.341718320504036546e+07
2.340450117510610446e+07
2.339188160416786373e+07
2.337932457421803102e+07
2.336682934302588552e+07
2.335439458805423975e+07
2.334201866656799242e+07
2.332969986305850744e+07
2.331743660119619966e+07
2.330522760490334034e+07
2.329307200085859001e+07
2.328096936197283864e+07
2.326891969746008143e+07
2.325692339963518828e+07
2.324498116029886156e+07
2.323309387052819878e+07
2.322126251706775278e+07
2.320948808663283288e+07
2.319777148669212312e+07
2.318611348811675981e+07
2.317451469186869636e+07
2.316297551899603009e+07
2.315149622085947543e+07
2.314007690488932654e+07
2.312871757032011449e+07
2.311741814823331684e+07
2.310617854075159878e+07
2.309499865520960093e+07
2.308387843039591610e+07
2.307281785333314538e+07
2.306181696637179703e+07
2.305087586548774689e+07
2.303999469150218368e+07
2.302917361644278467e+07
2.301841282743544132e+07
2.300771251039169356e+07
2.299707283540111780e+07
2.298649394522702694e+07
2.297597594772171974e+07
2.296551891239947826e+07
2.295512287089681998e+07
2.294478782065496594e+07
2.293451373090582341e+07
2.292430054993370920e+07
2.291414821261147410e+07
2.290405664734378085e+07
2.289402578176128864e+07
2.288405554675909132e+07
2.287414587872729823e+07
2.286429672005055100e+07
2.285450801813497394e+07
2.284477972334238887e+07
2.283511178626914695e+07
2.282550415480396152e+07
2.281595677134705335e+07
2.280646957048560679e+07
2.279704247731384635e+07
2.278767540647680312e+07
2.277836826191684604e+07
2.276912093722288311e+07
2.275993331642863899e+07
2.275080527508119866e+07
2.274173668140153959e+07
2.273272739738141373e+07
2.272377727969820052e+07
2.271488618037486076e+07
2.270605394715869427e+07
2.269728042363414541e+07
2.268856544911714643e+07
2.267990885839965940e+07
2.267131048142122477e+07
2.266277014294170961e+07
2.265428766227769852e+07
2.264586285314693302e+07
2.263749552364460751e+07
2.262918547635478154e+07
2.262093250858258083e+07
2.261273641267945245e+07
2.260459697642634064e+07
2.259651398343716562e+07
2.258848721354807168e+07
2.258051644316405058e+07
2.257260144554409385e+07
2.256474199101505801e+07
2.255693784711457044e+07
2.254918877867051214e+07
2.254149454783059657e+07
2.253385491405830160e+07
2.252626963411225379e+07
2.251873846202434599e+07
2.251126114908886701e+07
2.250383744387098402e+07
2.249646709223861992e+07
2.248914983741777390e+07
2.248188542006858066e+07
2.247467357837695628e+07
2.246751404815602303e+07
2.246040656295133382e+07
2.245335085414493084e+07
2.244634665105468035e+07
2.243939368102682754e+07
2.243249166952146962e+07
2.242564034019197151e+07
2.241883941496010870e+07
2.241208861408951133e+07
2.240538765625949576e+07
2.239873625864155963e+07
2.239213413697955757e+07
2.238558100567427650e+07
2.237907657787194476e+07
2.237262056555585936e+07
2.236621267963954806e+07
2.235985263005977869e+07
2.235354012586774677e+07
2.234727487531685084e+07
2.234105658594591171e+07
2.233488496465709060e+07
2.232875971778828278e+07
2.232268055118020624e+07
2.231664717023853958e+07
2.231065927999213338e+07
2.230471658514796197e+07
2.229881879014381766e+07
2.229296559919952974e+07
2.228715671636733413e+07
2.228139184558187798e+07
2.227567069071011990e+07
2.226999295560127124e+07
2.226435834413670748e+07
2.225876656027975678e+07
2.225321730812530592e+07
2.224771029194892198e+07
2.224224521625553444e+07
2.223682178582749516e+07
2.223143970577200130e+07
2.222609868156797066e+07
2.222079841911218688e+07
2.221553862476501614e+07
2.221031900539545715e+07
2.220513926842569187e+07
2.219999912187501043e+07
2.219489827440299839e+07
2.218983643535206467e+07
2.218481331478894874e+07
2.217982862354525924e+07
2.217488207325685769e+07
2.216997337640198320e+07
2.216510224633806199e+07
2.216026839733710140e+07
2.215547154461980611e+07
2.215071140438818187e+07
2.214598769385696203e+07
2.214130013128372282e+07
2.213664843599784374e+07
2.213203232842843235e+07
2.212745153013119847e+07
2.212290576381451637e+07
2.211839475336457044e+07
2.211391822386976331e+07
2.210947590164443478e+07
2.210506751425182447e+07
2.210069279052644223e+07
2.209635146059576795e+07
2.209204325590132177e+07
2.208776790921914577e+07
2.208352515467964858e+07
2.207931472778689489e+07
2.207513636543723196e+07
2.207098980593733490e+07
2.206687478902168572e+07
