3.492696972139187157e+07
3.423151961295732856e+07
3.370150941330970079e+07
3.319480120818209276e+07
3.273014441465767100e+07
3.233549062854779884e+07
3.201062315172250569e+07
3.173642220316682011e+07
3.150603118914338946e+07
3.132908544850706682e+07
3.120749234759933874e+07
3.112691914998209476e+07
3.107417570879520103e+07
3.104782878132654727e+07
3.104647825312524289e+07
3.105833985061020777e+07
3.107102756423388422e+07
3.108186522544899210e+07
3.109107118440591171e+07
3.109400104485318810e+07
3.108549223743519187e+07
3.106609424496695399e+07
3.103955662791929021e+07
3.100738614895130321e+07
3.096930122288754955e+07
3.092707676894847304e+07
3.088455364992687106e+07
3.084429454191312939e+07
3.080657312677369639e+07
3.077179118037841842e+07
3.074169986530692875e+07
3.071743997471336275e+07
3.069822658189886063e+07
3.068298122599378228e+07
3.067170320648349077e+07
3.066424392295370251e+07
3.065922028422904760e+07
3.065526026022044569e+07
3.065207369906957448e+07
3.064942369088450819e+07
3.064637856706018746e+07
3.064232899757305533e+07
3.063752212147132680e+07
3.063210967124203965e+07
3.062581773403524607e+07
3.061877759534931555e+07
3.061158235430104658e+07
3.060449169141832739e+07
3.059748833522070944e+07
3.059087283032035828e+07
3.058501153116625920e+07
3.057986874457345903e+07
3.057534213722030446e+07
3.057155577633797377e+07
3.056849071921436861e+07
3.056588383686126769e+07
3.056360536432734132e+07
3.056163639166451246e+07
3.055979187462463975e+07
3.055788209708825126e+07
3.055590369191174209e+07
3.055383657263717800e+07
3.055158048362804204e+07
3.054915316618642211e+07
3.054664146985916048e+07
3.054404686641186476e+07
3.054138968692363799e+07
3.053876951643408835e+07
3.053623047735045850e+07
3.053376996378280967e+07
3.053143627058706060e+07
3.052926010256177932e+07
3.052721111060195044e+07
3.052528308049793169e+07
3.052348371000483632e+07
3.052177601039936766e+07
3.052013018740093708e+07
3.051854594578862935e+07
3.051700086609224603e+07
3.051547094694972783e+07
3.051396315122795105e+07
3.051247736045163870e+07
3.051100482673211768e+07
3.050955856416871399e+07
3.050814997469812632e+07
3.050677747927899286e+07
3.050545138601310551e+07
3.050418217474103719e+07
3.050296647231991217e+07
3.050180595074938238e+07
3.050070373293038458e+07
3.049965196318171918e+07
3.049864582609672472e+07
3.049768408876594529e+07
3.049675857617295161e+07
3.049586375672098994e+07
3.049499864370853454e+07
3.049415822199329734e+07
3.049333983510212600e+07
3.049254500935373828e+07
3.049177235415268689e+07
3.049102170973347500e+07
3.049029558113653585e+07
3.048959370173916966e+07
3.048891617061934620e+07
3.048826458133962005e+07
3.048763800818753242e+07
3.048703557847637683e+07
3.048645730969402939e+07
3.048590134521476924e+07
3.048536622209265456e+07
3.048485131299692020e+07
3.048435483880957961e+07
3.048387569679559395e+07
3.048341345378021523e+07
3.048296696683827043e+07
3.048253584021762013e+07
3.048212005130254477e+07
3.048171901471625641e+07
3.048133268309445307e+07
3.048096100004409999e+07
3.048060343883656710e+07
3.048025985631486773e+07
3.047992990913411230e+07
3.047961294444673508e+07
3.047930859675636515e+07
3.047901627108203620e+07
3.047873529630928114e+07
3.047846526895995811e+07
3.047820561658209562e+07
3.047795584640917554e+07
3.047771564854306355e+07
3.047748458850329369e+07
3.047726237455741316e+07
3.047704878844157606e+07
3.047684351103706658e+07
3.047664633763626218e+07
3.047645703247237206e+07
3.047627529893255234e+07
3.047610092219829559e+07
3.047593361886452883e+07
3.047577309760886803e+07
3.047561911502076313e+07
3.047547137264546379e+07
3.047532961516717076e+07
3.047519361238124967e+07
3.047506311097209528e+07
3.047493791207481176e+07
3.047481781495711207e+07
3.047470262205509096e+07
3.047459217475376278e+07
3.047448629646922275e+07
3.047438482476335391e+07
3.047428760790395364e+07
3.047419447735473514e+07
3.047410528373967111e+07
3.047401987284718081e+07
3.047393808750182390e+07
3.047385978616368771e+07
3.047378482033883035e+07
3.047371305314774439e+07
3.047364435695132613e+07
3.047357860288402438e+07
3.047351567647618800e+07
3.047345546452225745e+07
3.047339785875379294e+07
3.047334276007934660e+07
3.047329006753828749e+07
3.047323968706756830e+07
3.047319152648063004e+07
3.047314549406336620e+07
3.047310150432197005e+07
3.047305947123184800e+07
3.047301931288634241e+07
3.047298095087443292e+07
3.047294430800054967e+07
3.047290931267760694e+07
3.047287589497786015e+07
3.047284398838302493e+07
3.047281353003919125e+07
3.047278445843558013e+07
3.047275671594693512e+07
3.047273024645000324e+07
3.047270499586460367e+07
3.047268091261725128e+07
3.047265794609726965e+07
3.047263604831437021e+07
3.047261517266662791e+07
3.047259527426988259e+07
3.047257631040442735e+07
3.047255823959591240e+07
3.047254102262246236e+07
3.047252462172624096e+07
3.047250900075680390e+07
3.047249412532889843e+07
3.047247996220293641e+07
3.047246647982264310e+07
3.047245364774980769e+07
3.047244143678066134e+07
3.047242981897284836e+07
3.047241876732650399e+07
3.047240825612219423e+07
3.047239826057014242e+07
3.047238875696042180e+07
3.047237972262272984e+07
3.047237113578630611e+07
3.047236297574868053e+07
3.047235522255853564e+07
3.047234785740408301e+07
3.047234086208421364e+07
3.047233421923292428e+07
3.047232791229591519e+07
3.047232192537442595e+07
3.047231624330129474e+07
3.047231085153783858e+07
3.047230573618245870e+07
3.047230088396372274e+07
3.047229628216865659e+07
3.047229191868541762e+07
3.047228778192393854e+07
3.047228386084004864e+07
3.047228014489342272e+07
3.047227662401954085e+07
3.047227328863023594e+07
3.047227012956054509e+07
3.047226713808222860e+07
3.047226430585692078e+07
3.047226162493311614e+07
3.047225908772670850e+07
3.047225668699923158e+07
3.047225441585845500e+07
3.047225226772690937e+07
3.047225023634488881e+07
3.047224831574576348e+07
3.047224650025032461e+07
3.047224478445347026e+07
3.047224316320734844e+07
3.047224163161656633e+07
3.047224018501833826e+07
3.047223881897964329e+07
3.047223752928037569e+07
3.047223631190700084e+07
3.047223516304233670e+07
3.047223407905570790e+07
3.047223305649770796e+07
3.047223209208824113e+07
3.047223118271277472e+07
3.047223032541160285e+07
3.047222951737521216e+07
3.047222875593591481e+07
3.047222803856121749e+07
3.047222736284803972e+07
3.047222672651518136e+07
3.047222612739916146e+07
3.047222556344677880e+07
3.047222503271131217e+07
3.047222453334636241e+07
3.047222406360177696e+07
3.047222362181887031e+07
3.047222320642584935e+07
3.047222281593409181e+07
3.047222244893346727e+07
3.047222210408923030e+07
3.047222178013754636e+07
3.047222147588251531e+07
3.047222119019233435e+07
3.047222092199634761e+07
3.047222067028182372e+07
3.047222043409098685e+07
3.047222021251840889e+07
3.047222000470812619e+07
3.047221980985140055e+07
3.047221962718405202e+07
3.047221945598441735e+07
3.047221929557095468e+07
3.047221914530031756e+07
3.047221900456526503e+07
3.047221887279278785e+07
3.047221874944229424e+07
3.047221863400388509e+07
3.047221852599672973e+07
3.047221842496750504e+07
3.047221833048893511e+07
3.047221824215835705e+07
3.047221815959647298e+07
3.047221808244602382e+07
3.047221801037060842e+07
3.047221794305357710e+07
3.047221788019690663e+07
3.047221782152020559e+07
3.047221776675969362e+07
3.047221771566733718e+07
3.047221766800989956e+07
3.047221762356817350e+07
3.047221758213613182e+07
3.047221754352023080e+07
3.047221750753867999e+07
3.047221747402077541e+07
3.047221744280625507e+07
3.047221741374474019e+07
