3.845903957101691961e+08
3.568531003124554157e+08
3.300925352758268714e+08
3.043558874923169613e+08
2.796882720688139200e+08
2.561322447862362862e+08
2.337272732969069481e+08
2.125091694346305728e+08
1.925094864683701098e+08
1.737548869902884662e+08
1.562664894061094522e+08
1.400592037242829800e+08
1.251410705302355736e+08
1.115126206537411809e+08
9.916627700379568338e+07
8.808582418894290924e+07
7.824597559123808146e+07
6.961207112479300797e+07
6.213994145546580851e+07
5.577597532709433138e+07
5.045742507520364225e+07
4.611298063697586209e+07
4.266363370075318217e+07
4.002384067039884627e+07
3.810297594937554002e+07
3.680704636674104631e+07
3.604061498371441662e+07
3.570886036364178360e+07
3.571967860719157755e+07
3.598572311333271861e+07
3.642627369608269632e+07
3.696883379841522872e+07
3.755037192535527050e+07
3.811814918631460518e+07
3.863010572616046667e+07
3.905481085944108665e+07
3.937101103392166644e+07
3.956683329192178696e+07
3.963871787633556128e+07
3.959016157967783511e+07
3.943035401488599181e+07
3.917278359228414297e+07
3.883388034663540125e+07
3.843175059304022789e+07
3.798504519143746793e+07
3.751199012038402259e+07
3.702959590337908268e+07
3.655305168706302345e+07
3.609530068970932811e+07
3.566678639857637137e+07
3.527535326316841692e+07
3.492628161018440127e+07
3.462243396145570278e+07
3.436448871686209738e+07
3.415123710858595371e+07
3.397992027288530767e+07
3.384658504695951194e+07
3.374643950312447548e+07
3.367419210018499196e+07
3.362436148463158309e+07
3.359154724192041904e+07
3.357065512431918085e+07
3.355707333005531132e+07
3.354679916672962904e+07
3.353651781574919075e+07
3.352363686978492513e+07
3.350628180128826201e+07
3.348325858734824136e+07
3.345399026379241794e+07
3.341843442698055506e+07
3.337698851731344685e+07
3.333038928070962802e+07
3.327961212595378608e+07
3.322577525280924886e+07
3.317005247805982828e+07
3.311359769118368253e+07
3.305748287924742699e+07
3.300265071594596654e+07
3.294988184894808754e+07
3.289977627123183757e+07
3.285274754611783475e+07
3.280902818435023725e+07
3.276868414915861934e+07
3.273163628881495073e+07
3.269768645631900057e+07
3.266654615748953074e+07
3.263786575251358375e+07
3.261126249945620447e+07
3.258634605090899020e+07
3.256274033949122950e+07
3.254010122340324521e+07
3.251812947950090468e+07
3.249657917525194585e+07
3.247526164360867813e+07
3.245404552728603780e+07
3.243285351293412969e+07
3.241165647365953028e+07
3.239046577934877947e+07
3.236932452409836277e+07
3.234829836685274541e+07
3.232746659465264529e+07
3.230691390792899579e+07
3.228672330420359969e+07
3.226697030984278023e+07
3.224771868744374067e+07
3.222901763576725125e+07
3.221090040490052104e+07
3.219338417478749156e+07
3.217647099193790555e+07
3.216014952700137720e+07
3.214439740363887697e+07
3.212918385437933728e+07
3.211447247882751375e+07
3.210022391018700972e+07
3.208639823393486068e+07
3.207295704410357773e+07
3.205986506477699429e+07
3.204709130434188619e+07
3.203460974557841197e+07
3.202239960425747931e+07
3.201044521159918606e+07
3.199873559137719870e+07
3.198726381078701466e+07
3.197602618602174893e+07
3.196502141972874850e+07
3.195424973928830773e+07
3.194371209340529144e+07
3.193340945109719038e+07
3.192334223299216479e+07
3.191350989097566903e+07
3.190391063952162117e+07
3.189454133117622510e+07
3.188539746006857604e+07
3.187647327122075111e+07
3.186776194984038174e+07
3.185925586354478076e+07
3.185094683129827678e+07
3.184282639535780624e+07
3.183488607627331093e+07
3.182711759552240744e+07
3.181951305523215979e+07
3.181206506925819069e+07
3.180476684432470426e+07
3.179761221372508258e+07
3.179059562907689810e+07
3.178371211773154885e+07
3.177695721465209126e+07
3.177032687794853747e+07
3.176381739690789580e+07
3.175742530041970313e+07
3.175114727233858407e+07
3.174498007871312276e+07
3.173892051010240614e+07
3.173296534053926170e+07
3.172711130319840461e+07
3.172135508157106861e+07
3.171569331398990005e+07
3.171012260871070996e+07
3.170463956643524021e+07
3.169924080712574348e+07
3.169392299817078561e+07
3.168868288135873526e+07
3.168351729663837329e+07
3.167842320123598725e+07
3.167339768329808488e+07
3.166843796979236975e+07
3.166354142888870090e+07
3.165870556743211672e+07
3.165392802439697087e+07
3.164920656137363613e+07
3.164453905119129643e+07
3.163992346573894471e+07
3.163535786392797157e+07
3.163084038056817278e+07
3.162636921672460809e+07
3.162194263190907612e+07
3.161755893825406954e+07
3.161321649663462490e+07
3.160891371455473453e+07
3.160464904550677538e+07
3.160042098944566771e+07
3.159622809399396181e+07
3.159206895600305498e+07
3.158794222313527018e+07
3.158384659519033507e+07
3.157978082497276366e+07
3.157574371857264638e+07
3.157173413500718772e+07
3.156775098523579910e+07
3.156379323061565310e+07
3.155985988090305775e+07
3.155594999192990363e+07
3.155206266309259832e+07
3.154819703478662670e+07
3.154435228590476885e+07
3.154052763149429485e+07
3.153672232064172253e+07
3.153293563462527841e+07
3.152916688534834981e+07
3.152541541404367238e+07
3.152168059021871909e+07
3.151796181080027670e+07
3.151425849942801148e+07
3.151057010584569350e+07
3.150689610534077138e+07
3.150323599819007516e+07
3.149958930907815695e+07
3.149595558646518737e+07
3.149233440189183131e+07
3.148872534921830893e+07
3.148512804380333424e+07
3.148154212163466215e+07
3.147796723842766508e+07
3.147440306870993227e+07
3.147084930491020530e+07
3.146730565646848455e+07
3.146377184898087010e+07
3.146024762338967621e+07
3.145673273522508889e+07
3.145322695390087739e+07
3.144973006206346676e+07
3.144624185499061272e+07
3.144276214003421366e+07
3.143929073610052839e+07
3.143582747316061705e+07
3.143237219178444892e+07
3.142892474269243330e+07
3.142548498632002622e+07
3.142205279239173234e+07
3.141862803950288147e+07
3.141521061470832303e+07
3.141180041311868280e+07
3.140839733750534058e+07
3.140500129791575298e+07
3.140161221130137146e+07
3.139823000115951896e+07
3.139485459719118103e+07
3.139148593497538194e+07
3.138812395566105470e+07
3.138476860567605495e+07
3.138141983645305410e+07
3.137807760417115316e+07
3.137474186951220036e+07
3.137141259743009508e+07
3.136808975693194568e+07
3.136477332086918503e+07
3.136146326573777944e+07
3.135815957148617133e+07
3.135486222133015841e+07
3.135157120157407969e+07
3.134828650143800676e+07
3.134500811289067566e+07
3.134173603048816696e+07
3.133847025121848285e+07
3.133521077435201034e+07
3.133195760129823536e+07
3.132871073546863347e+07
3.132547018214597553e+07
3.132223594835985824e+07
3.131900804276866466e+07
3.131578647554744035e+07
3.131257125828184560e+07
3.130936240386762097e+07
3.130615992641548812e+07
3.130296384116104618e+07
3.129977416437939554e+07
3.129659091330429167e+07
3.129341410605146736e+07
3.129024376154587418e+07
3.128707989945277572e+07
3.128392254011241347e+07
3.128077170447808504e+07
3.127762741405763477e+07
3.127448969085808843e+07
3.127135855733336136e+07
3.126823403633504361e+07
3.126511615106594935e+07
3.126200492503641173e+07
3.125890038202326745e+07
3.125580254603118449e+07
3.125271144125629961e+07
3.124962709205220267e+07
3.124654952289765328e+07
3.124347875836642459e+07
3.124041482309874147e+07
3.123735774177438766e+07
3.123430753908732161e+07
3.123126423972166702e+07
3.122822786832907051e+07
3.122519844950724021e+07
3.122217600777974725e+07
3.121916056757682562e+07
3.121615215321740881e+07
3.121315078889204562e+07
3.121015649864690751e+07
3.120716930636871606e+07
3.120418923577056825e+07
3.120121631037873775e+07
3.119825055352021381e+07
3.119529198831111565e+07
