5.670617311213432997e+07
5.159252442072188109e+07
4.683798771403501928e+07
4.245337901455174387e+07
3.854466115914792567e+07
3.524193832941146940e+07
3.225648457090970129e+07
2.958687643391792476e+07
2.722953314681513980e+07
2.517834491349244118e+07
2.342438307179621235e+07
2.195568631685502082e+07
2.075713303817440942e+07
1.981043512348227948e+07
1.909426331389025599e+07
1.858453957770420611e+07
1.825490491068531945e+07
1.807736179368711635e+07
1.800590805786491930e+07
1.800509207976449654e+07
1.806101770554751903e+07
1.815539651216807589e+07
1.827176187805846334e+07
1.839579292316146195e+07
1.851554373063542694e+07
1.862156365535662323e+07
1.870690526606053859e+07
1.876702636091436446e+07
1.879960035224107653e+07
1.880425463923063874e+07
1.878225895461603627e+07
1.873618591784777492e+07
1.866956422247854620e+07
1.858654203124628961e+07
1.849157468539154530e+07
1.838914729268214107e+07
1.828353929329411313e+07
1.817863522550462186e+07
1.807778317822758108e+07
1.798370032067157701e+07
1.789842307501780614e+07
1.782329804082323983e+07
1.775900862042239308e+07
1.770563141729681194e+07
1.766271588035604358e+07
1.762938035270504653e+07
1.760441766228310019e+07
1.758640366576373577e+07
1.757380271452531964e+07
1.756506482230194286e+07
1.755871032916159928e+07
1.755339901029390842e+07
1.754798179477226734e+07
1.754153446007077396e+07
1.753337377867679298e+07
1.752305755144734681e+07
1.751037072288287058e+07
1.749530030977715552e+07
1.747800217932714522e+07
1.745876279535144567e+07
1.743795893504581600e+07
1.741601809670126438e+07
1.739338190981408954e+07
1.737047436408758163e+07
1.734767613342819363e+07
1.732530572286817059e+07
1.730360764375416934e+07
1.728274735345780104e+07
1.726281230207557604e+07
1.724381812529566139e+07
1.722571881824238598e+07
1.720841962138792872e+07
1.719179134192309156e+07
1.717568491204175353e+07
1.715994513452839851e+07
1.714442276764333993e+07
1.712898433556496724e+07
1.711351929732969403e+07
1.709794444734279066e+07
1.708220563772881404e+07
1.706627709422764927e+07
1.705015873436383158e+07
1.703387198493203893e+07
1.701745463533571735e+07
1.700095525755402073e+07
1.698442767899729684e+07
1.696792591981169954e+07
1.695149991101792455e+07
1.693519220418224111e+07
1.691903577654905617e+07
1.690305293597049639e+07
1.688725524416148663e+07
1.687164430947503448e+07
1.685621325418457016e+07
1.684094863686150312e+07
1.682583260675540566e+07
1.681084508156989515e+07
1.679596576904213056e+07
1.678117589198221639e+07
1.676645952136541344e+07
1.675180446830055490e+07
1.673720272929862514e+07
1.672265051704549789e+07
1.670814793854538538e+07
1.669369840271901153e+07
1.667930784994048439e+07
1.666498389707177319e+07
1.665073498451169953e+07
1.663656959834800288e+07
1.662249562292985246e+07
1.660851985920515284e+07
1.659464772403841093e+07
1.658088312722529098e+07
1.656722850745342672e+07
1.655368499697318301e+07
1.654025267770356312e+07
1.652693088891338184e+07
1.651371854808984324e+07
1.650061445543715358e+07
1.648761753139846772e+07
1.647472703073067404e+07
1.646194264220062457e+07
1.644926453603295609e+07
1.643669334117559344e+07
1.642423006927333400e+07
1.641187600147592463e+07
1.639963255556578934e+07
1.638750115031759813e+07
1.637548308182492107e+07
1.636357942318794131e+07
1.635179095494466461e+07
1.634011812943908945e+07
1.632856106839766540e+07
1.631711958968725055e+07
1.630579325680061616e+07
1.629458144318575412e+07
1.628348340311065130e+07
1.627249834124130756e+07
1.626162547433197126e+07
1.625086408015600592e+07
1.624021353079331666e+07
1.622967330939449929e+07
1.621924301134992205e+07
1.620892233224175498e+07
1.619871104594625719e+07
1.618860897674156539e+07
1.617861596928338334e+07
1.616873185990455747e+07
1.615895645197961107e+07
1.614928949719420075e+07
1.613973068359934725e+07
1.613027963042652979e+07
1.612093588888522610e+07
1.611169894762269035e+07
1.610256824122600257e+07
1.609354316008756123e+07
1.608462306010674313e+07
1.607580727101311460e+07
1.606709510250754841e+07
1.605848584786326624e+07
1.604997878504781611e+07
1.604157317577230558e+07
1.603326826311260462e+07
1.602506326846410334e+07
1.601695738858928904e+07
1.600894979341276921e+07
1.600103962503861450e+07
1.599322599824372865e+07
1.598550800247251801e+07
1.597788470515236445e+07
1.597035515599148162e+07
1.596291839182357490e+07
1.595557344153379463e+07
1.594831933063203469e+07
1.594115508512236178e+07
1.593407973443287984e+07
1.592709231330124661e+07
1.592019186263755895e+07
1.591337742949397117e+07
1.590664806634736061e+07
1.590000282994264364e+07
1.589344077994938008e+07
1.588696097765813768e+07
1.588056248489348218e+07
1.587424436325748451e+07
1.586800567375206575e+07
1.586184547676921263e+07
1.585576283239178732e+07
1.584975680091924220e+07
1.584382644352212735e+07
1.583797082293555140e+07
1.583218900412056968e+07
1.582648005484906584e+07
1.582084304619570263e+07
1.581527705294634029e+07
1.580978115395074710e+07
1.580435443245749921e+07
1.579899597646984085e+07
1.579370487915362790e+07
1.578848023931578360e+07
1.578332116195539199e+07
1.577822675887395628e+07
1.577319614931860194e+07
1.576822846062343940e+07
1.576332282881233655e+07
1.575847839912878536e+07
1.575369432646683417e+07
1.574896977568721585e+07
1.574430392181510478e+07
1.573969595012690686e+07
1.573514505614281446e+07
1.573065044554761052e+07
1.572621133406476118e+07
1.572182694730773754e+07
1.571749652062898129e+07
1.571321929898139462e+07
1.570899453680128045e+07
1.570482149791594408e+07
1.570069945547463559e+07
1.569662769189842418e+07
1.569260549884346873e+07
1.568863217717210017e+07
1.568470703692759387e+07
1.568082939731012285e+07
1.567699858665318787e+07
1.567321394240125641e+07
1.566947481108982861e+07
1.566578054832914099e+07
1.566213051879193261e+07
1.565852409620446153e+07
1.565496066333860159e+07
1.565143961200181395e+07
1.564796034302100912e+07
1.564452226621619426e+07
1.564112480036032945e+07
1.563776737312273122e+07
1.563444942099483311e+07
1.563117038919836842e+07
1.562792973157758266e+07
1.562472691047816165e+07
1.562156139661605470e+07
1.561843266893982887e+07
1.561534021448993869e+07
1.561228352825783752e+07
1.560926211304716766e+07
1.560627547933864594e+07
1.560332314515941963e+07
1.560040463595737703e+07
1.559751948448028415e+07
1.559466723065966927e+07
1.559184742149902880e+07
1.558905961096620373e+07
1.558630335988959670e+07
1.558357823585800081e+07
1.558088381312366202e+07
1.557821967250824161e+07
1.557558540131109394e+07
1.557298059321920201e+07
1.557040484821800515e+07
1.556785777250233665e+07
1.556533897838681564e+07
1.556284808421502262e+07
1.556038471426709183e+07
1.555794849866561964e+07
1.555553907327993400e+07
1.555315607962910831e+07
1.555079916478409804e+07
1.554846798126975447e+07
1.554616218696714938e+07
1.554388144501704164e+07
1.554162542372473516e+07
1.553939379646701738e+07
1.553718624160134234e+07
1.553500244237745553e+07
1.553284208685161173e+07
1.553070486780341715e+07
1.552859048265521228e+07
1.552649863339391351e+07
1.552442902649524063e+07
1.552238137285012752e+07
1.552035538769308105e+07
1.551835079053238593e+07
1.551636730508176796e+07
1.551440465919343941e+07
1.551246258479210176e+07
1.551054081780991703e+07
1.550863909812202305e+07
1.550675716948267817e+07
1.550489477946189232e+07
1.550305167938249186e+07
1.550122762425771542e+07
1.549942237272942066e+07
1.549763568700700253e+07
1.549586733280709013e+07
1.549411707929428294e+07
1.549238469902290963e+07
1.549066996787994169e+07
1.548897266502913646e+07
1.548729257285650074e+07
1.548562947691698745e+07
