3.271875060440365076e+08
3.067122314075267315e+08
2.868405728490694165e+08
2.675990245621610880e+08
2.490131170964120030e+08
2.311072001097282767e+08
2.139042123877339363e+08
1.974254404795180261e+08
1.816902724430199265e+08
1.667159206908737719e+08
1.525171870831523240e+08
1.391061802737166286e+08
1.264920590687257499e+08
1.146807788506454527e+08
1.036748511857700646e+08
9.347312289249029756e+07
8.407058156565514207e+07
7.545819518671499193e+07
6.762279393693873286e+07
6.054700259721235186e+07
5.420923187915826589e+07
4.858373660116472840e+07
4.364074771715781838e+07
3.934668374446156621e+07
3.566444512805432081e+07
3.255379239582277462e+07
2.997180585145426542e+07
2.787342092405965552e+07
2.621202947443744540e+07
2.494013352230101824e+07
2.401003431333480030e+07
2.337453669770485535e+07
2.298764674072962999e+07
2.280523958029427007e+07
2.278567494726980105e+07
2.289033952449385822e+07
2.308409835951141641e+07
2.333564166525214538e+07
2.361771823723203689e+07
2.390725201409842819e+07
2.418534361463677138e+07
2.443716362346924841e+07
2.465174865344266966e+07
2.482171455531284958e+07
2.494290344449080899e+07
2.501398243881465122e+07
2.503601220560432225e+07
2.501200272247203067e+07
2.494647222992715612e+07
2.484502338105337322e+07
2.471394826210052893e+07
2.455987144191212207e+07
2.438943765874096751e+07
2.420904829317761213e+07
2.402464849945355952e+07
2.384156484054711089e+07
2.366439153723534569e+07
2.349692201900588721e+07
2.334212136065727100e+07
2.320213439480297267e+07
2.307832379003071040e+07
2.297133215273085237e+07
2.288116221810263395e+07
2.280726940963823348e+07
2.274866143144724518e+07
2.270400007816692814e+07
2.267170106708975136e+07
2.265002838182697445e+07
2.263718033363815024e+07
2.263136526566033065e+07
2.263086552037891001e+07
2.263408893959242851e+07
2.263960775107930228e+07
2.264618520402456075e+07
2.265279073742816597e+07
2.265860479795963317e+07
2.266301466578080505e+07
2.266560280193386227e+07
2.266612930507193506e+07
2.266451006694560871e+07
2.266079215512677655e+07
2.265512783895617723e+07
2.264774852210751176e+07
2.263893966391254961e+07
2.262901757267563790e+07
2.261830874782407656e+07
2.260713224302989244e+07
2.259578532728360221e+07
2.258453254180255532e+07
2.257359809266824275e+07
2.256316138580205664e+07
2.255335540447957069e+07
2.254426755088306218e+07
2.253594252181509137e+07
2.252838676318814605e+07
2.252157404591937363e+07
2.251545172434864193e+07
2.250994727371697873e+07
2.250497475175248086e+07
2.250044088707715273e+07
2.249625056012072042e+07
2.249231150690514594e+07
2.248853813922706246e+07
2.248485443367792666e+07
2.248119589442585409e+07
2.247751063914682716e+07
2.247375969294222444e+07
2.246991660108528286e+07
2.246596648809031397e+07
2.246190469842887297e+07
2.245773515412169695e+07
2.245346855757765844e+07
2.244912055576858670e+07
2.244470996554151922e+07
2.244025714099797606e+07
2.243578254375939444e+07
2.243130555680356920e+07
2.242684356343858689e+07
2.242241129571176693e+07
2.241802044174887612e+07
2.241367948957854509e+07
2.240939377610848844e+07
2.240516570408343151e+07
2.240099508691002429e+07
2.239687958089290559e+07
2.239281516630543768e+07
2.238879664237521216e+07
2.238481810622606426e+07
2.238087339161717519e+07
2.237695644950958714e+07
2.237306165867653489e+07
2.236918406041736901e+07
2.236531951667052507e+07
2.236146479525461048e+07
2.235761758947987854e+07
2.235377648191362992e+07
2.234994086366374791e+07
2.234611082122662291e+07
2.234228700283288956e+07
2.233847047544705123e+07
2.233466258228521794e+07
2.233086480906286836e+07
2.232707866532368213e+07
2.232330558527101576e+07
2.231954685064798594e+07
2.231580353649076074e+07
2.231207647908824682e+07
2.230836626427168399e+07
2.230467323325478658e+07
2.230099750265525281e+07
2.229733899503564835e+07
2.229369747627672181e+07
2.229007259629758447e+07
2.228646393001720309e+07
2.228287101595784724e+07
2.227929339047366381e+07
2.227573061619802192e+07
2.227218230390031263e+07
2.226864812749133259e+07
2.226512783239123970e+07
2.226162123785702139e+07
2.225812823414842039e+07
2.225464877559199184e+07
2.225118287068631873e+07
2.224773057038857788e+07
2.224429195564788952e+07
2.224086712512003630e+07
2.223745618382939696e+07
2.223405923335358500e+07
2.223067636391051859e+07
2.222730764853972569e+07
2.222395313940048963e+07
2.222061286606685817e+07
2.221728683558876067e+07
2.221397503401091695e+07
2.221067742899724096e+07
2.220739397319487482e+07
2.220412460798490047e+07
2.220086926730127633e+07
2.219762788124906272e+07
2.219440037931261957e+07
2.219118669300786406e+07
2.218798675789547712e+07
2.218480051492946967e+07
2.218162791116553918e+07
2.217846889989307523e+07
2.217532344028355181e+07
2.217219149666534364e+07
2.216907303754188120e+07
2.216596803446789086e+07
2.216287646088844538e+07
2.215979829103011638e+07
2.215673349891436845e+07
2.215368205754274130e+07
2.215064393828241900e+07
2.214761911046165600e+07
2.214460754116813093e+07
2.214160919522958249e+07
2.213862403534694761e+07
2.213565202234411240e+07
2.213269311549633741e+07
2.212974727290016040e+07
2.212681445185114443e+07
2.212389460920084268e+07
2.212098770167117566e+07
2.211809368611091748e+07
2.211521251968631148e+07
2.211234416000368446e+07
2.210948856516767293e+07
2.210664569378264993e+07
2.210381550490779430e+07
2.210099795797830075e+07
2.209819301270496473e+07
2.209540062896457687e+07
2.209262076669153571e+07
2.208985338577964902e+07
2.208709844600035995e+07
2.208435590694170445e+07
2.208162572796967626e+07
2.207890786821179837e+07
2.207620228656100854e+07
2.207350894169675559e+07
2.207082779211924225e+07
2.206815879619267955e+07
2.206550191219309345e+07
2.206285709835687280e+07
2.206022431292666495e+07
2.205760351419203728e+07
2.205499466052302718e+07
2.205239771039576083e+07
2.204981262240982801e+07
2.204723935529774800e+07
2.204467786792763323e+07
2.204212811930011958e+07
2.203959006854110956e+07
2.203706367489175126e+07
2.203454889769714326e+07
2.203204569639489055e+07
2.202955403050450981e+07
2.202707385961859673e+07
2.202460514339587465e+07
2.202214784155654535e+07
2.201970191387991607e+07
2.201726732020377740e+07
2.201484402042557299e+07
2.201243197450455651e+07
2.201003114246478677e+07
2.200764148439827189e+07
2.200526296046802774e+07
2.200289553091073409e+07
2.200053915603868663e+07
2.199819379624099657e+07
2.199585941198403388e+07
2.199353596381098777e+07
2.199122341234091297e+07
2.198892171826714277e+07
2.198663084235540032e+07
2.198435074544169009e+07
2.198208138843020424e+07
2.197982273229126260e+07
2.197757473805952817e+07
2.197533736683242768e+07
2.197311057976891100e+07
2.197089433808852360e+07
2.196868860307069868e+07
2.196649333605434000e+07
2.196430849843750894e+07
2.196213405167724565e+07
2.195996995728939027e+07
2.195781617684836686e+07
2.195567267198687792e+07
2.195353940439546853e+07
2.195141633582194149e+07
2.194930342807055637e+07
2.194720064300110564e+07
2.194510794252781197e+07
2.194302528861809894e+07
2.194095264329122007e+07
2.193888996861682087e+07
2.193683722671347857e+07
2.193479437974713743e+07
2.193276138992962986e+07
2.193073821951714158e+07
2.192872483080875501e+07
2.192672118614504486e+07
2.192472724790667370e+07
2.192274297851311415e+07
2.192076834042137861e+07
2.191880329612483084e+07
2.191684780815202743e+07
2.191490183906565234e+07
2.191296535146148875e+07
2.191103830796737969e+07
2.190912067124234885e+07
2.190721240397566929e+07
2.190531346888603270e+07
2.190342382872074097e+07
2.190154344625499472e+07
2.189967228429115936e+07
2.189781030565816537e+07
