5.282531232986132801e+07
4.780515650895151496e+07
4.392477582484354079e+07
4.081233504624354839e+07
3.844335481505691260e+07
3.684492383915405720e+07
3.583574612431232631e+07
3.524782834619461000e+07
3.498842319878603518e+07
3.495756542289303988e+07
3.505685666667371988e+07
3.519889605262742192e+07
3.531456793064807355e+07
3.535651228078497946e+07
3.529879864117139578e+07
3.513396738497679681e+07
3.486882877176732570e+07
3.452006342307000607e+07
3.411020037153677642e+07
3.366419862979960442e+07
3.320666714488946646e+07
3.275968494217653200e+07
3.234117672711269557e+07
3.196382070991518348e+07
3.163448986286094785e+07
3.135423898688675463e+07
3.111883786859594658e+07
3.091981205886168405e+07
3.074589247819562256e+07
3.058470756937972456e+07
3.042449825698368624e+07
3.025561770620051771e+07
3.007160713083898276e+07
2.986971282557459176e+07
2.965081037040638551e+07
2.941880551019894332e+07
2.917568116979093477e+07
2.895432445009775832e+07
2.876139669819483161e+07
2.860035786238451302e+07
2.847228748770613968e+07
2.837614007750573382e+07
2.830909585374251381e+07
2.826698132859241590e+07
2.824472981409065798e+07
2.823684896827877685e+07
2.823786208226873353e+07
2.824269284169480950e+07
2.824696970995260030e+07
2.824723502532526106e+07
2.824105397311789542e+07
2.822702823804614693e+07
2.820472706671677902e+07
2.817455388901703060e+07
2.813756934323783219e+07
2.809529177291274071e+07
2.804949454718345404e+07
2.800201653069263324e+07
2.795459828071548790e+07
2.790875254999104887e+07
2.786567376317017525e+07
2.782618754050167277e+07
2.779073821353256330e+07
2.775940971628094465e+07
2.773197331586342305e+07
2.770795442071395367e+07
2.768671019556662440e+07
2.766750990381731838e+07
2.764961072400570661e+07
2.763232313070739433e+07
2.761506162999829650e+07
2.759737850793838501e+07
2.757898009528294951e+07
2.755972670040044934e+07
2.753961868142465875e+07
2.751877203471298888e+07
2.749738733994797990e+07
2.747571594180460274e+07
2.745402692199910432e+07
2.743257780800993368e+07
2.741159117354896292e+07
2.739123841073083878e+07
2.737163108740624413e+07
2.735281952382761240e+07
2.733479759058561921e+07
2.731751228379616886e+07
2.730087638554704189e+07
2.728478248372481763e+07
2.726911673476872966e+07
2.725377104280830175e+07
2.723865267808241397e+07
2.722369076852055639e+07
2.720883950132686645e+07
2.719407823150351644e+07
2.717940898031448945e+07
2.716485200013062358e+07
2.715044017655239254e+07
2.713621303901702911e+07
2.712221107117553800e+07
2.710847087240536511e+07
2.709502154543362930e+07
2.708188249609085172e+07
2.706906265145227313e+07
2.705656094969867915e+07
2.704436784122286364e+07
2.703246747218927741e+07
2.702084019952412695e+07
2.700946510573185235e+07
2.699832223468437046e+07
2.698739434485779703e+07
2.697666806270848960e+07
2.696613440478935093e+07
2.695578871327208728e+07
2.694563010872179270e+07
2.693566060215661675e+07
2.692588402448921651e+07
2.691630492693143338e+07
2.690692758451501280e+07
2.689775520158946514e+07
2.688878937866598368e+07
2.688002985981439427e+07
2.687147454376654327e+07
2.686311971351969242e+07
2.685496042070691660e+07
2.684699095297723264e+07
2.683920531442545727e+07
2.683159765899096429e+07
2.682416263226566464e+07
2.681689559556652606e+07
2.680979272476053238e+07
2.680285099288608879e+07
2.679606805840290338e+07
2.678944208894808590e+07
2.678297155353958905e+07
2.677665501465457305e+07
2.677049094643126056e+07
2.676447759762173146e+07
2.675861290919864923e+07
2.675289448796156794e+07
2.674731963014878705e+07
2.674188538367435336e+07
2.673658863455040753e+07
2.673142620234157145e+07
2.672639493084849045e+07
2.672149176312894374e+07
2.671671379381065071e+07
2.671205829578451440e+07
2.670752272220436856e+07
2.670310468780672550e+07
2.669880193561772257e+07
2.669461229603027180e+07
2.669053364507410675e+07
2.668656386765997857e+07
2.668270082993870601e+07
2.667894236298945546e+07
2.667528625814665854e+07
2.667173027264276147e+07
2.666827214306058735e+07
2.666490960344282165e+07
2.666164040479722992e+07
2.665846233309170231e+07
2.665537322352943197e+07
2.665237096977964789e+07
2.664945352776137367e+07
2.664661891440081224e+07
2.664386520241213590e+07
2.664247669365115464e+07
2.664197727847222984e+07
2.664173003074357286e+07
2.664169489425099269e+07
2.664181962874960899e+07
2.664204702802112326e+07
2.664232138472545892e+07
2.664259368577196449e+07
2.664282523619887233e+07
2.664298961815002188e+07
2.664307307460595667e+07
2.664307355092603713e+07
2.664299872312058136e+07
2.664286338829977810e+07
2.664268659341999888e+07
2.664248884082014859e+07
2.664228964330087230e+07
2.664210561901469901e+07
2.664194922839905694e+07
2.664182817171771079e+07
2.664174539432333782e+07
2.664169959282631427e+07
2.664168608159595728e+07
2.664169786557243764e+07
2.664172677024544775e+07
2.664176449930793792e+07
2.664180352040558308e+07
2.664183771473000199e+07
2.664186276232818514e+07
2.664187626797424257e+07
2.664187765930910036e+07
2.664186790786842257e+07
2.664184913390492648e+07
2.664182415791629255e+07
2.664179605668836832e+07
2.664176777119660378e+07
2.664174179990595952e+07
2.664171999592290819e+07
2.664170347193293646e+07
2.664169260438460112e+07
2.664168711897328496e+07
2.664168623364260793e+07
2.664168883310009167e+07
2.664169364986874163e+07
2.664169943050812930e+07
2.664170507100188732e+07
2.664170971153185517e+07
2.664171278710833564e+07
2.664171403609544784e+07
2.664171347305908799e+07
2.664171133527429774e+07
2.664170801358784363e+07
2.664170397824693471e+07
2.664169970903153718e+07
2.664169563691250235e+07
2.664169210188246891e+07
2.664168932894366980e+07
2.664168742180477828e+07
2.664168637187735364e+07
2.664168607881585881e+07
2.664168637816506252e+07
2.664168707162803784e+07
2.664168795594809204e+07
2.664168884726055339e+07
2.664168959885051847e+07
2.664169011138848588e+07
2.664169033576286584e+07
2.664169026948169619e+07
2.664168994820547476e+07
2.664168943427788466e+07
2.664168880414990336e+07
2.664168813639404625e+07
2.664168750163669139e+07
2.664168695527477562e+07
2.664168653335746378e+07
2.664168625156575441e+07
2.664168610686174780e+07
2.664168608113198355e+07
2.664168614602647349e+07
2.664168626819020882e+07
2.664168641417796910e+07
2.664168655450545251e+07
2.664168666649343818e+07
2.664168673576840013e+07
2.664168675647348911e+07
2.664168673039214686e+07
2.664168666528643668e+07
2.664168657279510796e+07
2.664168646623083949e+07
2.664168635856897384e+07
2.664168626084435731e+07
2.664168618108396977e+07
2.664168612381344661e+07
2.664168609009705484e+07
2.664168607801058143e+07
2.664168608340986073e+07
2.664168610084474087e+07
2.664168612447630614e+07
2.664168614887983724e+07
2.664168616965159401e+07
2.664168618377630413e+07
2.664168618975174427e+07
2.664168618749679625e+07
2.664168617809395492e+07
2.664168616342888027e+07
2.664168614579184353e+07
2.664168612749901414e+07
2.664168611058001593e+07
2.664168609655938298e+07
2.664168608634418249e+07
2.664168608021333069e+07
2.664168607789156213e+07
2.664168607868326083e+07
2.664168608163796738e+07
2.664168608571967483e+07
2.664168608995725960e+07
2.664168609355939925e+07
2.664168609598490596e+07
2.664168609696732089e+07
2.664168609649867564e+07
2.664168609478172660e+07
2.664168609216280282e+07
2.664168608905769885e+07
2.664168608588175476e+07
2.664168608299286664e+07
2.664168608065249771e+07
2.664168607900710404e+07
2.664168607808841020e+07
2.664168607782942057e+07
2.664168607809099928e+07
2.664168607869347930e+07
2.664168607944819331e+07
2.664168608018458262e+07
2.664168608076981455e+07
