2.371165288686746731e+07
2.329511752944936231e+07
2.345842530207969248e+07
2.339336160279004276e+07
2.320463600748370960e+07
2.308751340847178549e+07
2.308124210033769533e+07
2.309480649455123395e+07
2.304965511987495795e+07
2.296042725207409263e+07
2.288525964236162603e+07
2.285764438344112039e+07
2.286003485693697631e+07
2.285119770799865946e+07
2.281312480278607830e+07
2.276256578289150447e+07
2.272632495981217176e+07
2.271370728489154577e+07
2.271017236152730137e+07
2.269541427977679670e+07
2.266451909410638362e+07
2.262958037961408868e+07
2.260441224946412072e+07
2.259051028605384752e+07
2.257752385538403690e+07
2.255589039760047197e+07
2.252661272326238826e+07
2.249838467172032595e+07
2.247738115730857477e+07
2.246127411550223455e+07
2.244304200763299316e+07
2.241927702260240912e+07
2.239332064682289958e+07
2.237059475470449403e+07
2.235240782778969780e+07
2.233521772976065055e+07
2.231541691489746049e+07
2.229343038432342187e+07
2.227255647231806442e+07
2.225469440042925626e+07
2.223830924749632925e+07
2.222068738079780713e+07
2.220125796535923705e+07
2.218188671141133830e+07
2.216423832889056206e+07
2.214781058140295744e+07
2.213091837293313444e+07
2.211297756468822435e+07
2.209506146108671650e+07
2.207830016895525530e+07
2.206245072506717592e+07
2.204642024465423077e+07
2.202980157181945816e+07
2.201330402556405216e+07
2.199768392235823721e+07
2.198278840773437545e+07
2.196794352116970345e+07
2.195296132869500667e+07
2.193832273168089241e+07
2.192441659232742339e+07
2.191101225611922145e+07
2.189765701712261885e+07
2.188432110173472390e+07
2.187136313692766428e+07
2.185896702820703760e+07
2.184691823056454957e+07
2.183497866518114507e+07
2.182323012436105683e+07
2.181189786238136142e+07
2.180099123706675321e+07
2.179031492876613513e+07
2.177978086192028224e+07
2.176951735660390556e+07
2.175964493322151527e+07
2.175010237563704699e+07
2.174077251053870469e+07
2.173166800947345048e+07
2.172288477170699835e+07
2.171443166805155575e+07
2.170621974454921857e+07
2.169820477064915001e+07
2.169043893231022358e+07
2.168296548348389566e+07
2.167574593534554541e+07
2.166872814711225778e+07
2.166192331198638678e+07
2.165536706347545981e+07
2.164904651806931943e+07
2.164291790249835700e+07
2.163697274579708278e+07
2.163123719032955170e+07
2.162571602371940762e+07
2.162038188080296665e+07
2.161521921229033545e+07
2.161024013854928315e+07
2.160545017369138449e+07
2.160083029309316725e+07
2.159636378116568178e+07
2.159205534848171845e+07
2.158791115398124978e+07
2.158392018628113717e+07
2.158006848892559484e+07
2.157635578385470435e+07
2.157278504811225832e+07
2.156934801524622738e+07
2.156603317793665081e+07
2.156283871120355278e+07
2.155976661377539486e+07
2.155681148810140043e+07
2.155396469414672256e+07
2.155122360407319665e+07
2.154858828570183367e+07
2.154605381737326086e+07
2.154361315277308971e+07
2.154126367564952374e+07
2.153900482558673248e+07
2.153683262123575807e+07
2.153474163893605769e+07
2.153272940581344813e+07
2.153079456217384338e+07
2.152893334859838337e+07
2.152714141478973627e+07
2.152541670734340325e+07
2.152375779136265814e+07
2.152216153601057827e+07
2.152062462501050904e+07
2.151914528115476668e+07
2.151772182776274905e+07
2.151635143302911520e+07
2.151503148535252362e+07
2.151376050034662336e+07
2.151253686457396299e+07
2.151135822053891420e+07
2.151022255555515736e+07
2.150912852777839452e+07
2.150807451512013748e+07
2.150705851695563644e+07
2.150607897907923907e+07
2.150513473971829936e+07
2.150422434656303748e+07
2.150334620737627894e+07
2.150249910425780714e+07
2.150168195516342670e+07
2.150089343980804086e+07
2.150013228476039320e+07
2.149939751529752463e+07
2.149868815981250256e+07
2.149800309976803884e+07
2.149734133666406572e+07
2.149670204139420390e+07
2.149608431947365403e+07
2.149548723423521966e+07
2.149490999822767079e+07
2.149435190211336315e+07
2.149381217114767432e+07
2.149329005636005849e+07
2.149278491945435107e+07
2.149229612889803946e+07
2.149182302091500163e+07
2.149136499800012261e+07
2.149092152962194383e+07
2.149049206748354807e+07
2.149007606731872633e+07
2.148967304658072442e+07
2.148928254403061420e+07
2.148890408514380828e+07
2.148853722754678503e+07
2.148818157296434045e+07
2.148783672353039309e+07
2.148750228469508886e+07
2.148717789679230750e+07
2.148686321838646382e+07
2.148655790551277250e+07
2.148626163297090307e+07
2.148597410235137865e+07
2.148569501981750876e+07
2.148542409628329426e+07
2.148516106336351484e+07
2.148490566494329274e+07
2.148465764672280103e+07
2.148441676717044786e+07
2.148418280085522681e+07
2.148395552696415037e+07
2.148373473019108176e+07
2.148352020829889178e+07
2.148331176684302837e+07
2.148310921470675617e+07
2.148291237008614093e+07
2.148272106084781885e+07
2.148253511863602698e+07
2.148235438036051393e+07
2.148217869130632654e+07
2.148200790163584799e+07
2.148184186509762704e+07
2.148168044221447408e+07
2.148152349933156371e+07
2.148137090589285642e+07
2.148122253591479361e+07
2.148107826880063862e+07
2.148093798722241074e+07
2.148080157725873962e+07
2.148066892979855835e+07
2.148053993933699280e+07
2.148041450302923843e+07
2.148029252170343325e+07
2.148017389964639023e+07
2.148005854358480871e+07
2.147994636322077736e+07
2.147983727155968547e+07
2.147973118401971459e+07
2.147962801835092902e+07
2.147952769508245587e+07
2.147943013705575094e+07
2.147933526914005727e+07
2.147924301863201708e+07
2.147915331508198380e+07
2.147906608986017853e+07
2.147898127632482350e+07
2.147889880985206366e+07
2.147881862750541419e+07
2.147874066808706149e+07
2.147866487225826085e+07
2.147859118228313327e+07
2.147851954192964733e+07
2.147844989657517895e+07
2.147838219307447225e+07
2.147831637964681908e+07
2.147825240596527606e+07
2.147819022309382260e+07
2.147812978334264085e+07
2.147807104029243067e+07
2.147801394877993315e+07
2.147795846479150280e+07
2.147790454546921700e+07
2.147785214912027121e+07
2.147780123512384295e+07
2.147775176389700174e+07
2.147770369690365344e+07
2.147765699659587815e+07
2.147761162638125569e+07
2.147756755063427985e+07
2.147752473465251178e+07
2.147748314460992068e+07
2.147744274755506217e+07
2.147740351138401777e+07
2.147736540480411053e+07
2.147732839733173698e+07
2.147729245927317441e+07
2.147725756168648601e+07
2.147722367636903003e+07
2.147719077584321052e+07
2.147715883332831413e+07
2.147712782272958755e+07
2.147709771862734854e+07
2.147706849625030160e+07
2.147704013145907968e+07
2.147701260073547438e+07
2.147698588116221130e+07
2.147695995040938258e+07
2.147693478672527149e+07
2.147691036891776323e+07
2.147688667633847892e+07
2.147686368887258694e+07
2.147684138692390919e+07
2.147681975140189379e+07
2.147679876371261477e+07
2.147677840574506670e+07
2.147675865985739976e+07
2.147673950886710733e+07
2.147672093603929877e+07
2.147670292507519573e+07
2.147668546010345221e+07
2.147666852566919848e+07
2.147665210672254115e+07
2.147663618860940635e+07
2.147662075706183165e+07
2.147660579818806052e+07
2.147659129846443236e+07
2.147657724472627044e+07
2.147656362415820360e+07
2.147655042428595945e+07
2.147653763296800852e+07
2.147652523838713020e+07
2.147651322904301435e+07
2.147650159374444187e+07
2.147649032160111889e+07
2.147647940201641619e+07
2.147646882468009740e+07
2.147645857956109196e+07
2.147644865690086782e+07
2.147643904720664769e+07
2.147642974124448001e+07
2.147642073003282771e+07
2.147641200483625010e+07
2.147640355715917796e+07
2.147639537874003500e+07
2.147638746154534817e+07
2.147637979776376858e+07
2.147637237980053201e+07
2.147636520027189702e+07
