1.489664609407927692e+08
1.357775071927562952e+08
1.232605704178224057e+08
1.114410602320480794e+08
1.003422371666762531e+08
8.998469893726825714e+07
8.038581755540463328e+07
7.155913147425849736e+07
6.351370085824491084e+07
5.625343917966240644e+07
4.977644076335939765e+07
4.407433156802967191e+07
3.913167910996077210e+07
3.492550634891486168e+07
3.142496244378498942e+07
2.859120897950334474e+07
2.637758138220060244e+07
2.473007969501875341e+07
2.358822847821975872e+07
2.288632139029309154e+07
2.255503256724782288e+07
2.252333717274092138e+07
2.272064272721648961e+07
2.307899802462087199e+07
2.353522481881069392e+07
2.403281450308682770e+07
2.452344974722691253e+07
2.496804721552938968e+07
2.533726593266952783e+07
2.561147824964713678e+07
2.578024834438372403e+07
2.584140037667364627e+07
2.579978145957579091e+07
2.566583327381683886e+07
2.545408257502320409e+07
2.518164843570934981e+07
2.486684646831763163e+07
2.452795064029120281e+07
2.418215391893148795e+07
2.384475128949335217e+07
2.352855336041729897e+07
2.324352599021794647e+07
2.299664105118364096e+07
2.279191539382132143e+07
2.263060910739281029e+07
2.251155015318007022e+07
2.243155029718045145e+07
2.238587692762826756e+07
2.236874672848427668e+07
2.237381015101177245e+07
2.239459995561850443e+07
2.242492247116206586e+07
2.245917625381844491e+07
2.249258909941024333e+07
2.252137045217184722e+07
2.254278178387082741e+07
2.255513219157996029e+07
2.255771007880678400e+07
2.255066424458331615e+07
2.253484900595475733e+07
2.251164819864776731e+07
2.248279217561753467e+07
2.245018042894554138e+07
2.241572039161250368e+07
2.238119053032176942e+07
2.234813320984578133e+07
2.231778016941877455e+07
2.229101095843182877e+07
2.226834246399811655e+07
2.224994583148114383e+07
2.223568570530035347e+07
2.222517584321507812e+07
2.221784479096269235e+07
2.221300542021498084e+07
2.220992267500792071e+07
2.220787475783784688e+07
2.220620411555365846e+07
2.220435584626705199e+07
2.220190243084164709e+07
2.219855489431359246e+07
2.219416153907115757e+07
2.218869620075873286e+07
2.218223852347618714e+07
2.217494902286925912e+07
2.216704171809178218e+07
2.215875690015467629e+07
2.215033621306600794e+07
2.214200171200048923e+07
2.213393998853613436e+07
2.212629187285586074e+07
2.211914768555851653e+07
2.211254755579549819e+07
2.210648597410672158e+07
2.210091952114024758e+07
2.209577660890683159e+07
2.209096808033496886e+07
2.208639761835594103e+07
2.208197109458608180e+07
2.207760421396529302e+07
2.207322805919719860e+07
2.206879238319317997e+07
2.206426671836594492e+07
2.205963955293358862e+07
2.205491595638759434e+07
2.205011411464610696e+07
2.204526126113159955e+07
2.204038946851859987e+07
2.203553170600795373e+07
2.203071847966201603e+07
2.202597527043382078e+07
2.202132087762166187e+07
2.201676667488785088e+07
2.201231669998627901e+07
2.200796843373703957e+07
2.200371408166796342e+07
2.199954215359757468e+07
2.199543914043935388e+07
2.199139111001503468e+07
2.198738507979137450e+07
2.198341006871375814e+07
2.197945777721921355e+07
2.197552288912283257e+07
2.197160302737497538e+07
2.196769842487377673e+07
2.196381139008734375e+07
2.195994565496189520e+07
2.195610569034918398e+07
2.195229606372621283e+07
2.194852089761453867e+07
2.194478346739798039e+07
2.194108595670251921e+07
2.193742936936162040e+07
2.193381358098927140e+07
2.193023750147781894e+07
2.192669931287023425e+07
2.192319674498341233e+07
2.191972735334886611e+07
2.191628876959429309e+07
2.191287890220362693e+07
2.190949607448814809e+07
2.190613909546592087e+07
2.190280726724539697e+07
2.189950033875057474e+07
2.189621841980298609e+07
2.189296187156566978e+07
2.188973118928661942e+07
2.188652689148683101e+07
2.188334942668823525e+07
2.188019910500252619e+07
2.187707605793263018e+07
2.187398022604210675e+07
2.187091137109174579e+07
2.186786910706350952e+07
2.186485294329477847e+07
2.186186233270785213e+07
2.185889671871415153e+07
2.185595557560030371e+07
2.185303843882177025e+07
2.185014492339345813e+07
2.184727473024862260e+07
2.184442764185864478e+07
2.184160350944343209e+07
2.183880223469779640e+07
2.183602374911455810e+07
2.183326799375315383e+07
2.183053490177364647e+07
2.182782438533937186e+07
2.182513632770305127e+07
2.182247058053572476e+07
2.181982696591947973e+07
2.181720528196168318e+07
2.181460531072627753e+07
2.181202682904981449e+07
2.180946960933018476e+07
2.180693343858724833e+07
2.180441811583714187e+07
2.180192345707941800e+07
2.179944929600008950e+07
2.179699548268109933e+07
2.179456188080633059e+07
2.179214836395695806e+07
2.178975481160114706e+07
2.178738110531794652e+07
2.178502712567372993e+07
2.178269275001620129e+07
2.178037785128994659e+07
2.177808229783089831e+07
2.177580595398042351e+07
2.177354868128312379e+07
2.177131033999906108e+07
2.176909079066794366e+07
2.176688989550194889e+07
2.176470751944572106e+07
2.176254353081395477e+07
2.176039780148852989e+07
2.175827020671886206e+07
2.175616062461467087e+07
2.175406893544638157e+07
2.175199502087473124e+07
2.174993876322034746e+07
2.174790004486035928e+07
2.174587874780756980e+07
2.174387475349424779e+07
2.174188794275159389e+07
2.173991819595139101e+07
2.173796539326027781e+07
2.173602941495051235e+07
2.173411014171291143e+07
2.173220745492672920e+07
2.173032123685476184e+07
2.172845137074748799e+07
2.172659774085520580e+07
2.172476023235983774e+07
2.172293873124710470e+07
2.172113312414428592e+07
2.171934329814925045e+07
2.171756914067330211e+07
2.171581053931455687e+07
2.171406738177160174e+07
2.171233955580003560e+07
2.171062694920818508e+07
2.170892944988368079e+07
2.170724694583998621e+07
2.170557932527112588e+07
2.170392647660430521e+07
2.170228828854221106e+07
2.170066465009020641e+07
2.169905545056670159e+07
2.169746057959808037e+07
2.169587992710177600e+07
2.169431338326230645e+07
2.169276083850548044e+07
2.169122218347566947e+07
2.168969730901949853e+07
2.168818610617836937e+07
2.168668846619015187e+07
2.168520428049943596e+07
2.168373344077426568e+07
2.168227583892698586e+07
2.168083136713647842e+07
2.167939991786938161e+07
2.167798138389844820e+07
2.167657565831692889e+07
2.167518263454859331e+07
2.167380220635371655e+07
2.167243426783193275e+07
2.167107871342308819e+07
2.166973543790732324e+07
2.166840433640552312e+07
2.166708530438108742e+07
2.166577823764342815e+07
2.166448303235347942e+07
2.166319958503107727e+07
2.166192779256376624e+07
2.166066755221657827e+07
2.165941876164227352e+07
2.165818131889145821e+07
2.165695512242228538e+07
2.165574007110957056e+07
2.165453606425311416e+07
2.165334300158549845e+07
2.165216078327939287e+07
2.165098930995465070e+07
2.164982848268541694e+07
2.164867820300735533e+07
2.164753837292520702e+07
2.164640889492062852e+07
2.164528967196025699e+07
2.164418060750399530e+07
2.164308160551325604e+07
2.164199257045910135e+07
2.164091340733009577e+07
2.163984402163979784e+07
2.163878431943378225e+07
2.163773420729620755e+07
2.163669359235595539e+07
2.163566238229230046e+07
2.163464048534034193e+07
2.163362781029607728e+07
2.163262426652134955e+07
2.163162976394860819e+07
2.163064421308559924e+07
2.162966752501990646e+07
2.162869961142346263e+07
2.162774038455690444e+07
2.162678975727380812e+07
2.162584764302476496e+07
2.162491395586132258e+07
2.162398861043964326e+07
2.162307152202410996e+07
2.162216260649059340e+07
2.162126178032962605e+07
2.162036896064935997e+07
2.161948406517837197e+07
2.161860701226828247e+07
2.161773772089624777e+07
2.161687611066726595e+07
2.161602210181631893e+07
2.161517561521039903e+07
2.161433657235026360e+07
