1.376666866661086120e+07
1.308611292595077306e+07
1.289331569448248297e+07
1.301504879565135017e+07
1.314436365255956538e+07
1.313672047540985793e+07
1.302880930537895299e+07
1.290254939594374597e+07
1.281995115429140255e+07
1.280326605548661947e+07
1.283444673817000166e+07
1.287302046545943245e+07
1.288496974443512969e+07
1.286107133693796396e+07
1.281477086129363999e+07
1.276887372949208692e+07
1.274204454431197233e+07
1.274026771559019387e+07
1.275555818273995258e+07
1.277226144911918975e+07
1.277713995854029432e+07
1.276649005903033726e+07
1.274632029140575230e+07
1.272709107990712672e+07
1.271714055844311602e+07
1.271837788460501470e+07
1.272612178998198360e+07
1.273275032945608720e+07
1.273261626915941387e+07
1.272504356929107569e+07
1.271387468567028455e+07
1.270444372891579568e+07
1.270016063548837416e+07
1.270073140125795826e+07
1.270287684199474379e+07
1.270283597310562804e+07
1.269883761953167431e+07
1.269192798413604684e+07
1.268485839940660447e+07
1.268004872876679152e+07
1.267806986740882136e+07
1.267755544129877724e+07
1.267641441170277074e+07
1.267335761434868909e+07
1.266865236392255314e+07
1.266369730935029685e+07
1.265988145989554562e+07
1.265761715997151658e+07
1.265619847200615704e+07
1.265447604222302139e+07
1.265175274354834855e+07
1.264821580144482478e+07
1.264465450088090450e+07
1.264177679742378369e+07
1.263969042478235625e+07
1.263791221386884153e+07
1.263582268571227603e+07
1.263315571549914405e+07
1.263014275822769478e+07
1.262725179568836652e+07
1.262478406819090247e+07
1.262266489556752890e+07
1.262056480550396442e+07
1.261820544333808124e+07
1.261557655902542360e+07
1.261290160971727781e+07
1.261041825159232691e+07
1.260818184759337828e+07
1.260605036903725564e+07
1.260383544243135490e+07
1.260146799143830687e+07
1.259903717534409091e+07
1.259668941252058744e+07
1.259449501366404258e+07
1.259240145240700245e+07
1.259029994234143011e+07
1.258812979924556054e+07
1.258592348002970964e+07
1.258376208646629751e+07
1.258169487138974294e+07
1.257970005567989685e+07
1.257771552181970514e+07
1.257570084862990677e+07
1.257366979270480946e+07
1.257166849487499706e+07
1.256972795153628290e+07
1.256783840829236433e+07
1.256596569555325061e+07
1.256408750885820016e+07
1.256221247866464779e+07
1.256036687406349368e+07
1.255856673100794293e+07
1.255680423857983947e+07
1.255505910195082799e+07
1.255332000095115602e+07
1.255159389247447252e+07
1.254989615203662217e+07
1.254823423858017661e+07
1.254660184919739142e+07
1.254498753390665725e+07
1.254338686080159806e+07
1.254180546820622310e+07
1.254025146765551344e+07
1.253872658215552010e+07
1.253722517779760435e+07
1.253574090599428676e+07
1.253427299530839734e+07
1.253282585845662653e+07
1.253140352141627111e+07
1.253000543887493201e+07
1.252862775561223552e+07
1.252726777023588493e+07
1.252592639820412919e+07
1.252460638503622636e+07
1.252330886399541236e+07
1.252203218303775415e+07
1.252077388328495435e+07
1.251953321316483803e+07
1.251831141234849766e+07
1.251710983443902619e+07
1.251592828284711391e+07
1.251476530814149231e+07
1.251361979966178164e+07
1.251249190983448550e+07
1.251138241115699708e+07
1.251029146263132058e+07
1.250921825606382266e+07
1.250816179651882686e+07
1.250712176733308285e+07
1.250609850555982441e+07
1.250509226532618888e+07
1.250410271193963848e+07
1.250312917003902048e+07
1.250217120933025703e+07
1.250122884066239372e+07
1.250030216492445394e+07
1.249939097308700345e+07
1.249849477038263530e+07
1.249761312981819734e+07
1.249674591377180442e+07
1.249589313025014848e+07
1.249505465215164423e+07
1.249423014758371562e+07
1.249341926280519739e+07
1.249262179620057344e+07
1.249183765835569799e+07
1.249106670333782956e+07
1.249030865648029372e+07
1.248956321132983081e+07
1.248883015322890878e+07
1.248810935787805170e+07
1.248740068788918667e+07
1.248670392837507837e+07
1.248601883078305796e+07
1.248534519106477126e+07
1.248468285984867252e+07
1.248403168402791396e+07
1.248339146440591291e+07
1.248276198030127399e+07
1.248214304050243460e+07
1.248153449364854023e+07
1.248093619215388037e+07
1.248034796199486591e+07
1.247976961403338611e+07
1.247920097442935407e+07
1.247864189196872339e+07
1.247809221708883345e+07
1.247755178461872414e+07
1.247702042231095582e+07
1.247649797056512535e+07
1.247598428664051555e+07
1.247547923065816797e+07
1.247498265414522216e+07
1.247449440482474864e+07
1.247401433805486001e+07
1.247354231860285439e+07
1.247307821213064715e+07
1.247262187955338508e+07
1.247217318154129572e+07
1.247173198584958538e+07
1.247129816752536967e+07
1.247087160290024057e+07
1.247045216612660512e+07
1.247003973204569146e+07
1.246963418015984818e+07
1.246923539406470209e+07
1.246884325791413337e+07
1.246845765532676876e+07
1.246807847197528556e+07
1.246770559787913412e+07
1.246733892639503442e+07
1.246697835175602883e+07
1.246662376856229082e+07
1.246627507335796952e+07
1.246593216561011039e+07
1.246559494678300060e+07
1.246526331913346983e+07
1.246493718601224758e+07
1.246461645307599753e+07
1.246430102861559391e+07
1.246399082267037034e+07
1.246368574627351016e+07
1.246338571172197722e+07
1.246309063318782300e+07
1.246280042667265795e+07
1.246251500945783593e+07
1.246223429992969334e+07
1.246195821799455956e+07
1.246168668541420996e+07
1.246141962558584288e+07
1.246115696312086843e+07
1.246089862377257273e+07
1.246064453466455266e+07
1.246039462436867878e+07
1.246014882270670310e+07
1.245990706059760973e+07
1.245966927016664483e+07
1.245943538491457142e+07
1.245920533967692591e+07
1.245897907043132372e+07
1.245875651420276426e+07
1.245853760912424698e+07
1.245832229448108375e+07
1.245811051063820906e+07
1.245790219895679131e+07
1.245769730181495473e+07
1.245749576267522760e+07
1.245729752607415989e+07
1.245710253753356263e+07
1.245691074349776097e+07
1.245672209133969620e+07
1.245653652937233448e+07
1.245635400681463629e+07
1.245617447374894284e+07
1.245599788112031296e+07
1.245582418075802177e+07
1.245565332536530122e+07
1.245548526847353950e+07
1.245531996440509520e+07
1.245515736826534569e+07
1.245499743593880162e+07
1.245484012406800129e+07
1.245468539003026858e+07
1.245453319193250686e+07
1.245438348861391097e+07
1.245423623963377997e+07
1.245409140524444357e+07
1.245394894636860490e+07
1.245380882458907366e+07
1.245367100213976949e+07
1.245353544189050421e+07
1.245340210733283311e+07
1.245327096257381514e+07
1.245314197233150154e+07
1.245301510192280263e+07
1.245289031724573672e+07
1.245276758476469480e+07
1.245264687150076777e+07
1.245252814502217993e+07
1.245241137343291007e+07
1.245229652536300570e+07
1.245218356996224262e+07
1.245207247689320520e+07
1.245196321632055938e+07
1.245185575889870524e+07
1.245175007576135173e+07
1.245164613851310872e+07
1.245154391922095418e+07
1.245144339040556550e+07
1.245134452503404766e+07
1.245124729651369154e+07
1.245115167868479341e+07
1.245105764581174031e+07
1.245096517257401347e+07
1.245087423405829817e+07
1.245078480575133860e+07
1.245069686353282258e+07
1.245061038366863690e+07
1.245052534280491993e+07
1.245044171796219051e+07
1.245035948652873188e+07
1.245027862625346333e+07
1.245019911523905396e+07
1.245012093193567172e+07
1.245004405513498560e+07
1.244996846396438032e+07
1.244989413788152672e+07
1.244982105666925758e+07
1.244974920043025166e+07
1.244967854958134890e+07
1.244960908484784700e+07
1.244954078725808486e+07
1.244947363813829795e+07
1.244940761910767853e+07
1.244934271207363904e+07
1.244927889922728203e+07
1.244921616303891316e+07
1.244915448625339754e+07
1.244909385188543051e+07
1.244903424321492389e+07
