7.503015830197040737e+07
6.707548935700757802e+07
5.970133115498804301e+07
5.291226642049880326e+07
4.670992241252247244e+07
4.109260967485812306e+07
3.605496417252824455e+07
3.158760746269731969e+07
2.767684351261832193e+07
2.430441539013914019e+07
2.144734918218317628e+07
1.907791553271743283e+07
1.716374011316404119e+07
1.566809198162714951e+07
1.455037216856586188e+07
1.376681303809400648e+07
1.327138241363083571e+07
1.301686597557922080e+07
1.295607964692898467e+07
1.304314398925519362e+07
1.323473885286535323e+07
1.349125196962393075e+07
1.377774153612238914e+07
1.406464959372362494e+07
1.432822743188006803e+07
1.455066206913672201e+07
1.471991948838581145e+07
1.482934190667426586e+07
1.487705070360232890e+07
1.486521323498964310e+07
1.479923157793532684e+07
1.468690608802807704e+07
1.453761851987663843e+07
1.436157014937757701e+07
1.416910113900293782e+07
1.397010907330331020e+07
1.377357747448484041e+07
1.358721918254433945e+07
1.341723456960955076e+07
1.326818041549697891e+07
1.314294169197338447e+07
1.304279535836666077e+07
1.296755253337469138e+07
1.291576314416646212e+07
1.288496549915245175e+07
1.287196234768982045e+07
1.287310502240697481e+07
1.288456828990519419e+07
1.290260055207861401e+07
1.292373692503781244e+07
1.294496625774087384e+07
1.296384704633118026e+07
1.297857112645266578e+07
1.298797766661905125e+07
1.299152307094935700e+07
1.298921473516709730e+07
1.298151808159575239e+07
1.296924691251677461e+07
1.295344693010017276e+07
1.293528139748586342e+07
1.291592651905072853e+07
1.289648237452249043e+07
1.287790332649979740e+07
1.286094989497603849e+07
1.284616229322651029e+07
1.283385425577778928e+07
1.282412453871154599e+07
1.281688258111780323e+07
1.281188429950241372e+07
1.280877383199177869e+07
1.280712722004388273e+07
1.280649445703112334e+07
1.280643697751237452e+07
1.280655843362420052e+07
1.280652743082004786e+07
1.280609170461820811e+07
1.280508395371608064e+07
1.280342015701420791e+07
1.280109166247630492e+07
1.279815262988955528e+07
1.279470453791521490e+07
1.279087944158525579e+07
1.278682351289729774e+07
1.278268214453926682e+07
1.277858757879736461e+07
1.277464967465909012e+07
1.277095007813982852e+07
1.276753974169957638e+07
1.276443947008064948e+07
1.276164296687346324e+07
1.275912172624368221e+07
1.275683105818630010e+07
1.275471654787335917e+07
1.275272031960426271e+07
1.275078658951904625e+07
1.274886613268101215e+07
1.274691944318248332e+07
1.274491851555286720e+07
1.274284730927425064e+07
1.274070106612947583e+07
1.273848472652210481e+07
1.273621073357550800e+07
1.273389652386494726e+07
1.273156198498854227e+07
1.272922711881896108e+07
1.272691009239026718e+07
1.272462579353369586e+07
1.272238494277576357e+07
1.272019375285354815e+07
1.271805407726178132e+07
1.271596395263542980e+07
1.271391841788640060e+07
1.271191048565610871e+07
1.270993214727628790e+07
1.270797530850933120e+07
1.270603257671556063e+07
1.270409784739780612e+07
1.270216666606568545e+07
1.270023636723131873e+07
1.269830601391471177e+07
1.269637617686950043e+07
1.269444860218359530e+07
1.269252581903422996e+07
1.269061073686239496e+07
1.268870627420996875e+07
1.268681505133924261e+07
1.268493916702818871e+07
1.268308006803569198e+07
1.268123850888695940e+07
1.267941459077387303e+07
1.267760786208658852e+07
1.267581745962662064e+07
1.267404226880968735e+07
1.267228108279411495e+07
1.267053274392284825e+07
1.266879625549517572e+07
1.266707085701664165e+07
1.266535606109326892e+07
1.266365165452820063e+07
1.266195766958009452e+07
1.266027433355063945e+07
1.265860200583868101e+07
1.265694111142639816e+07
1.265529207865064777e+07
1.265365528733194061e+07
1.265203103118557483e+07
1.265041949621674791e+07
1.264882075475914776e+07
1.264723477314854972e+07
1.264566142985212058e+07
1.264410054024853185e+07
1.264255188415416330e+07
1.264101523254214972e+07
1.263949037059079669e+07
1.263797711509417742e+07
1.263647532523562387e+07
1.263498490664471686e+07
1.263350580943333730e+07
1.263203802147344872e+07
1.263058155850747414e+07
1.262913645277384482e+07
1.262770274171358906e+07
1.262628045804684237e+07
1.262486962212865427e+07
1.262347023707279935e+07
1.262208228672560863e+07
1.262070573622415960e+07
1.261934053461542726e+07
1.261798661886033416e+07
1.261664391849949956e+07
1.261531236030400544e+07
1.261399187235353887e+07
1.261268238714951649e+07
1.261138384355508350e+07
1.261009618753177673e+07
1.260881937179413065e+07
1.260755335461447760e+07
1.260629809807423875e+07
1.260505356607516482e+07
1.260381972239990532e+07
1.260259652905588225e+07
1.260138394506162032e+07
1.260018192575298622e+07
1.259899042260931432e+07
1.259780938353478536e+07
1.259663875348503329e+07
1.259547847530450672e+07
1.259432849063678458e+07
1.259318874078414962e+07
1.259205916742013022e+07
1.259093971309328265e+07
1.258983032149711996e+07
1.258873093751442432e+07
1.258764150707107037e+07
1.258656197685209289e+07
1.258549229394093715e+07
1.258443240544163436e+07
1.258338225813543238e+07
1.258234179820965603e+07
1.258131097108079679e+07
1.258028972131770849e+07
1.257927799265676923e+07
1.257827572809060290e+07
1.257728287000549212e+07
1.257629936034095287e+07
1.257532514074670896e+07
1.257436015271729976e+07
1.257340433769107983e+07
1.257245763710764423e+07
1.257151999242452532e+07
1.257059134509927593e+07
1.256967163654704019e+07
1.256876080808506161e+07
1.256785880087569356e+07
1.256696555587758496e+07
1.256608101381201483e+07
1.256520511514816619e+07
1.256433780010783300e+07
1.256347900868735835e+07
1.256262868069255352e+07
1.256178675578135625e+07
1.256095317350864410e+07
1.256012787336827815e+07
1.255931079482865334e+07
1.255850187735935301e+07
1.255770106044818461e+07
1.255690828360911086e+07
1.255612348638282530e+07
1.255534660833219811e+07
1.255457758903517760e+07
1.255381636807757989e+07
1.255306288504767604e+07
1.255231707953391969e+07
1.255157889112650976e+07
1.255084825942267850e+07
1.255012512403524667e+07
1.254940942460353673e+07
1.254870110080556199e+07
1.254800009237050638e+07
1.254730633909063414e+07
1.254661978083202243e+07
1.254594035754379258e+07
1.254526800926590711e+07
1.254460267613567784e+07
1.254394429839340225e+07
1.254329281638759933e+07
1.254264817058024369e+07
1.254201030155239627e+07
1.254137915001044795e+07
1.254075465679306909e+07
1.254013676287883148e+07
1.253952540939434245e+07
1.253892053762267530e+07
1.253832208901183680e+07
1.253773000518300384e+07
1.253714422793838382e+07
1.253656469926849380e+07
1.253599136135883629e+07
1.253542415659596957e+07
1.253486302757303789e+07
1.253430791709485650e+07
1.253375876818267070e+07
1.253321552407876961e+07
1.253267812825094536e+07
1.253214652439701743e+07
1.253162065644936264e+07
1.253110046857952140e+07
1.253058590520283766e+07
1.253007691098313034e+07
1.252957343083732948e+07
1.252907540994008258e+07
1.252858279372821189e+07
1.252809552790508419e+07
1.252761355844484642e+07
1.252713683159650117e+07
1.252666529388787784e+07
1.252619889212947339e+07
1.252573757341820374e+07
1.252528128514106013e+07
1.252482997497870959e+07
1.252438359090899676e+07
1.252394208121037483e+07
1.252350539446527138e+07
1.252307347956333682e+07
1.252264628570456803e+07
1.252222376240235195e+07
1.252180585948630422e+07
1.252139252710504085e+07
1.252098371572872438e+07
1.252057937615152448e+07
1.252017945949390903e+07
1.251978391720478982e+07
1.251939270106358267e+07
1.251900576318209991e+07
1.251862305600638315e+07
1.251824453231840581e+07
1.251787014523771033e+07
1.251749984822291695e+07
1.251713359507318959e+07
1.251677133992959186e+07
