1.498555662935260236e+08
1.400497514039248824e+08
1.305671741527947187e+08
1.214209570474884361e+08
1.126236536874966770e+08
1.041871212723794729e+08
9.612238511243899167e+07
8.843949593166023493e+07
8.114738105750082433e+07
7.425369095048187673e+07
6.776464294981463253e+07
6.168486456568678468e+07
5.601723921381962299e+07
5.076275782462523878e+07
4.592038038631749898e+07
4.148691207659787685e+07
3.745689920620001853e+07
3.382255067695906758e+07
3.057369098468873277e+07
2.769775089789089933e+07
2.517980173496189341e+07
2.300263856288832426e+07
2.114691657546363026e+07
1.959134335051741451e+07
1.831292754941960424e+07
1.728728212460513785e+07
1.648897710560503229e+07
1.589193396238426305e+07
1.546985048650739715e+07
1.519664243838603608e+07
1.504688616658604518e+07
1.499624528365368582e+07
1.502186447684644721e+07
1.510271472452580556e+07
1.521987652931023762e+07
1.535675108335844055e+07
1.549919325467113033e+07
1.563556456253215298e+07
1.575670851473819092e+07
1.585585446322629414e+07
1.592845922789015993e+07
1.597199797060137801e+07
1.598571710834475234e+07
1.597036246686602384e+07
1.592789549892992154e+07
1.586120937585181370e+07
1.577385527990871668e+07
1.566978745005252212e+07
1.555313361891176552e+07
1.542799555453388207e+07
1.529828258566990122e+07
1.516757931614439189e+07
1.503904726829004660e+07
1.491535896314168535e+07
1.479866195559237525e+07
1.469056959365653619e+07
1.459217475155771151e+07
1.450408247989888117e+07
1.442645740201683342e+07
1.435908174038774148e+07
1.430142005545896851e+07
1.425268709526835941e+07
1.421191556097269803e+07
1.417802106444185972e+07
1.414986206376100518e+07
1.412629308676298894e+07
1.410621006975574419e+07
1.408858712939921394e+07
1.407250453448494151e+07
1.405716803901762888e+07
1.404192007002525404e+07
1.402624352809757739e+07
1.400975915432946011e+07
1.399221754571210034e+07
1.397348696621210128e+07
1.395353810897577740e+07
1.393242692394940369e+07
1.391027654331990518e+07
1.388725922362493351e+07
1.386357908725166507e+07
1.383945629610060900e+07
1.381511313455986977e+07
1.379076232488347031e+07
1.376659775183734670e+07
1.374278764018321037e+07
1.371947011214767396e+07
1.369675095521502942e+07
1.367470335777759552e+07
1.365336929664545134e+07
1.363276228672511689e+07
1.361287109192010574e+07
1.359366409993624501e+07
1.357509402467177436e+07
1.355710265215359628e+07
1.353962538472536765e+07
1.352259538563638926e+07
1.350594717640545964e+07
1.348961958951134980e+07
1.347355802662538737e+07
1.345771601572909951e+07
1.344205609752179682e+07
1.342655010149871744e+07
1.341117889445012435e+07
1.339593169883728400e+07
1.338080508589148521e+07
1.336580174903984554e+07
1.335092915832264721e+07
1.333619818693677522e+07
1.332162178810948133e+07
1.330721378537737578e+07
1.329298782316217199e+07
1.327895650833026506e+07
1.326513075808049738e+07
1.325151935572737828e+07
1.323812870424940065e+07
1.322496275817650929e+07
1.321202310763918608e+07
1.319930918417393416e+07
1.318681855601975694e+07
1.317454728088283539e+07
1.316249028615098260e+07
1.315064174991806969e+07
1.313899546052584611e+07
1.312754513724897429e+07
1.311628469986998290e+07
1.310520847988991812e+07
1.309431137073196657e+07
1.308358891831428930e+07
1.307303735665772110e+07
1.306265359567738697e+07
1.305243516996885091e+07
1.304238015827135742e+07
1.303248708344739117e+07
1.302275480236306600e+07
1.301318239411193132e+07
1.300376905372845754e+07
1.299451399702078104e+07
1.298541638054100238e+07
1.297647523911734670e+07
1.296768944188972190e+07
1.295905766649073176e+07
1.295057838994821906e+07
1.294224989408096299e+07
1.293407028262406215e+07
1.292603750704469159e+07
1.291814939796820469e+07
1.291040369929369166e+07
1.290279810243933462e+07
1.289533027828533575e+07
1.288799790577051044e+07
1.288079869516176358e+07
1.287373040596130863e+07
1.286679085903667100e+07
1.285997794323848933e+07
1.285328961705284566e+07
1.284672390606700256e+07
1.284027889717039838e+07
1.283395273047136888e+07
1.282774358989487588e+07
1.282164969334959611e+07
1.281566928323023207e+07
1.280980061786746979e+07
1.280404196436945722e+07
1.279839159312857315e+07
1.279284777410674281e+07
1.278740877487182058e+07
1.278207286024156958e+07
1.277683829330541566e+07
1.277170333753760904e+07
1.276666625968805514e+07
1.276172533313578181e+07
1.275687884141058102e+07
1.275212508162591048e+07
1.274746236761487834e+07
1.274288903261664137e+07
1.273840343141674809e+07
1.273400394189898670e+07
1.272968896601378545e+07
1.272545693020764366e+07
1.272130628538749740e+07
1.271723550651325285e+07
1.271324309192118049e+07
1.270932756248131767e+07
1.270548746068520844e+07
1.270172134974749945e+07
1.269802781278856844e+07
1.269440545214677975e+07
1.269085288885001093e+07
1.268736876225844398e+07
1.268395172987487167e+07
1.268060046730622649e+07
1.267731366835065559e+07
1.267409004517887533e+07
1.267092832857593521e+07
1.266782726821020618e+07
1.266478563289923780e+07
1.266180221084704809e+07
1.265887580983307026e+07
1.265600525733963773e+07
1.265318940061099268e+07
1.265042710664284229e+07
1.264771726210619882e+07
1.264505877321328782e+07
1.264245056553578377e+07
1.263989158378711529e+07
1.263738079158087075e+07
1.263491717117666826e+07
1.263249972322352976e+07
1.263012746650874242e+07
1.262779943771822937e+07
1.262551469121196121e+07
1.262327229881600291e+07
1.262107134963079169e+07
1.261891094985378906e+07
1.261679022261360288e+07
1.261470830781191774e+07
1.261266436196941882e+07
1.261065755807198584e+07
1.260868708541385271e+07
1.260675214943495207e+07
1.260485197155061737e+07
1.260298578897232190e+07
1.260115285451914370e+07
1.259935243642015196e+07
1.259758381810857356e+07
1.259584629800891504e+07
1.259413918931857683e+07
1.259246181978549622e+07
1.259081353148343042e+07
1.258919368058625609e+07
1.258760163714255579e+07
1.258603678485140949e+07
1.258449852084011771e+07
1.258298625544421375e+07
1.258149941198996641e+07
1.258003742657933012e+07
1.257859974787714891e+07
1.257718583690032922e+07
1.257579516680865549e+07
1.257442722269693762e+07
1.257308150138816237e+07
1.257175751122748852e+07
1.257045477187690511e+07
1.256917281411053054e+07
1.256791117961058021e+07
1.256666942076411471e+07
1.256544710046076216e+07
1.256424379189158976e+07
1.256305907834939659e+07
1.256189255303061754e+07
1.256074381883912347e+07
1.255961248819200136e+07
1.255849818282762170e+07
1.255740053361594677e+07
1.255631918037131056e+07
1.255525377166757919e+07
1.255420396465583146e+07
1.255316942488440685e+07
1.255214982612142339e+07
1.255114485017961264e+07
1.255015418674352206e+07
1.254917753319895267e+07
1.254821459446470067e+07
1.254726508282647654e+07
1.254632871777310222e+07
1.254540522583489306e+07
1.254449434042430669e+07
1.254359580167884752e+07
1.254270935630626418e+07
1.254183475743209198e+07
1.254097176444953494e+07
1.254012014287175611e+07
1.253927966418658569e+07
1.253845010571364872e+07
1.253763125046399236e+07
1.253682288700212538e+07
1.253602480931056291e+07
1.253523681665681861e+07
1.253445871346284077e+07
1.253369030917690694e+07
1.253293141814792529e+07
1.253218185950216278e+07
1.253144145702232793e+07
1.253071003902905807e+07
1.252998743826472573e+07
1.252927349177958444e+07
1.252856804082021303e+07
1.252787093072025292e+07
1.252718201079340652e+07
1.252650113422868587e+07
1.252582815798788331e+07
1.252516294270523079e+07
1.252450535258925892e+07
1.252385525532677770e+07
1.252321252198901586e+07
1.252257702693983912e+07
1.252194864774603583e+07
1.252132726508964598e+07
1.252071276268231496e+07
1.252010502718159743e+07
