1.096284136916242391e+08
9.622563689459435642e+07
8.409413178497686982e+07
7.326671720632357895e+07
6.376619162641791254e+07
5.615104596639266610e+07
5.002949865216843784e+07
4.490350868935613334e+07
4.073634583666376024e+07
3.747782481717018038e+07
3.506295314283672720e+07
3.341156480258320644e+07
3.242913814863042533e+07
3.200899065116024390e+07
3.203591838088748604e+07
3.239112740564829856e+07
3.295803764086767286e+07
3.362830731169370562e+07
3.430731436782389134e+07
3.491839252663122863e+07
3.540534325633119792e+07
3.573305939516716450e+07
3.588640410255632550e+07
3.586771196441082656e+07
3.569338416480181366e+07
3.539004807726873457e+07
3.499068021751175821e+07
3.453099073465485126e+07
3.404626787981425226e+07
3.356879834185437858e+07
3.312591824391836673e+07
3.273870693740276992e+07
3.242130552570363134e+07
3.218081834257224947e+07
3.201773417875397205e+07
3.192678311986738071e+07
3.189812508013499901e+07
3.191874999261876196e+07
3.197396050237854198e+07
3.204880891006061435e+07
3.212937258419705927e+07
3.220377553239640966e+07
3.226289557637371495e+07
3.230073235706391186e+07
3.231444642309213430e+07
3.230410967771055549e+07
3.227222952215505391e+07
3.222312179108631611e+07
3.216221116464319080e+07
3.209533337583154067e+07
3.202810301640325412e+07
3.196539606019055843e+07
3.191097926092386246e+07
3.186730102283878997e+07
3.183544163602404296e+07
3.181520614473322034e+07
3.180533158491016179e+07
3.180377263538711518e+07
3.180802629403793812e+07
3.181545703421124816e+07
3.182358860275999457e+07
3.183033636916289479e+07
3.183416380189649761e+07
3.183415696213513613e+07
3.183002062703237683e+07
3.182200774353506044e+07
3.181079964339893684e+07
3.179735746801655740e+07
3.178276557196145505e+07
3.176808562270227820e+07
3.175423624293840677e+07
3.174190803272178024e+07
3.173151837687908113e+07
3.172320525738181919e+07
3.171685490523426980e+07
3.171215493820700794e+07
3.170866285151975602e+07
3.170587938318398595e+07
3.170331721876303852e+07
3.170055745137184858e+07
3.169728880462597683e+07
3.169332745954384655e+07
3.168861802266565338e+07
3.168321841915871948e+07
3.167727307551347464e+07
3.167097956722811982e+07
3.166455395337469876e+07
3.165819940273343027e+07
3.165208160557415336e+07
3.164631307062467188e+07
3.164094694553897157e+07
3.163597966790611297e+07
3.163136070627394319e+07
3.162700698343285918e+07
3.162281932154106349e+07
3.161869838576239347e+07
3.161455805678716302e+07
3.161033482732091844e+07
3.160599257366951555e+07
3.160152278522831202e+07
3.159694094558573514e+07
3.159228018265381455e+07
3.158758351046084240e+07
3.158289597541746497e+07
3.157825782791703567e+07
3.157369951978009194e+07
3.156923894340675697e+07
3.156488094355522096e+07
3.156061880225112662e+07
3.155643716060086340e+07
3.155231571828880161e+07
3.154823304305028170e+07
3.154416991250094771e+07
3.154011177141381428e+07
3.153605008466685936e+07
3.153198256508609280e+07
3.152791242652726173e+07
3.152384693453306705e+07
3.151979558898719773e+07
3.151576827514539286e+07
3.151177367012119666e+07
3.150781810664336756e+07
3.150390499317439646e+07
3.150003478769447654e+07
3.149620543713063747e+07
3.149241313621219993e+07
3.148865323332637548e+07
3.148492111589195579e+07
3.148121293827339262e+07
3.147752610256212577e+07
3.147385945656121522e+07
3.147021322439569235e+07
3.146658872562853247e+07
3.146298796376087517e+07
3.145941317292057723e+07
3.145586640378846601e+07
3.145234921009255946e+07
3.144886247041626647e+07
3.144540635205091536e+07
3.144198039901175350e+07
3.143858370865756273e+07
3.143521515244477615e+07
3.143187359630303830e+07
3.142855808354435861e+07
3.142526795568036661e+07
3.142200290112155676e+07
3.141876293566078693e+07
3.141554832963943481e+07
3.141235950335417688e+07
3.140919691413594782e+07
3.140606095606523752e+07
3.140295188759810105e+07
3.139986979496913031e+07
3.139681459167196602e+07
3.139378604794208333e+07
3.139078383990467340e+07
3.138780760631124675e+07
3.138485700147284195e+07
3.138193173559181392e+07
3.137903159742913768e+07
3.137615645826803520e+07
3.137330625968054682e+07
3.137048099011062458e+07
3.136768065647301823e+07
3.136490525683002919e+07
3.136215475898973644e+07
3.135942908796650916e+07
3.135672812311801314e+07
3.135405170384909585e+07
3.135139964137342572e+07
3.134877173332167417e+07
3.134616777799643576e+07
3.134358758568084240e+07
3.134103098539768904e+07
3.133849782664327696e+07
3.133598797664722055e+07
3.133350131446271390e+07
3.133103772357053682e+07
3.132859708467659354e+07
3.132617927005888522e+07
3.132378414029150456e+07
3.132141154357436299e+07
3.131906131735570729e+07
3.131673329154408723e+07
3.131442729241847247e+07
3.131214314636212960e+07
3.130988068273081258e+07
3.130763973545399308e+07
3.130542014328701794e+07
3.130322174891213328e+07
3.130104439728129283e+07
3.129888793367627263e+07
3.129675220193672553e+07
3.129463704319525510e+07
3.129254229529857635e+07
3.129046779292453080e+07
3.128841336826235801e+07
3.128637885203182325e+07
3.128436407458627969e+07
3.128236886687083542e+07
3.128039306107531115e+07
3.127843649091123417e+07
3.127649899153083563e+07
3.127458039917622879e+07
3.127268055068711936e+07
3.127079928300193697e+07
3.126893643276541680e+07
3.126709183611354232e+07
3.126526532865742967e+07
3.126345674564234540e+07
3.126166592222527042e+07
3.125989269379920512e+07
3.125813689629492536e+07
3.125639836640784889e+07
3.125467694172191620e+07
3.125297246072980016e+07
3.125128476277023554e+07
3.124961368791756779e+07
3.124795907686229795e+07
3.124632077081651613e+07
3.124469861146670580e+07
3.124309244098165631e+07
3.124150210207019746e+07
3.123992743807286024e+07
3.123836829306681082e+07
3.123682451196417212e+07
3.123529594058798254e+07
3.123378242571794242e+07
3.123228381510571763e+07
3.123079995746598765e+07
3.122933070245391130e+07
3.122787590064011514e+07
3.122643540349331498e+07
3.122500906337659061e+07
3.122359673355944455e+07
3.122219826824342459e+07
3.122081352259643003e+07
3.121944235278969258e+07
3.121808461603145674e+07
3.121674017059326172e+07
3.121540887582683191e+07
3.121409059217209741e+07
3.121278518115836754e+07
3.121149250540193915e+07
3.121021242860367522e+07
3.120894481554873288e+07
3.120768953211038932e+07
3.120644644525775686e+07
3.120521542306673899e+07
3.120399633473241329e+07
3.120278905058109388e+07
3.120159344208054617e+07
3.120040938184734061e+07
3.119923674365108460e+07
3.119807540241600946e+07
3.119692523422070593e+07
3.119578611629699916e+07
3.119465792702904344e+07
3.119354054595303908e+07
3.119243385375806317e+07
3.119133773228769004e+07
3.119025206454206258e+07
3.118917673467990011e+07
3.118811162801988423e+07
3.118705663104098290e+07
3.118601163138175383e+07
3.118497651783847809e+07
3.118395118036239594e+07
3.118293551005648077e+07
3.118192939917182922e+07
3.118093274110418558e+07
3.117994543039041013e+07
3.117896736270520836e+07
3.117799843485774100e+07
3.117703854478816688e+07
3.117608759156387299e+07
3.117514547537524253e+07
3.117421209753103554e+07
3.117328736045318842e+07
3.117237116767135262e+07
3.117146342381700501e+07
3.117056403461742774e+07
3.116967290688957274e+07
3.116878994853377342e+07
3.116791506852747500e+07
3.116704817691884562e+07
3.116618918482019752e+07
3.116533800440133736e+07
3.116449454888258502e+07
3.116365873252763227e+07
3.116283047063620761e+07
3.116200967953646183e+07
3.116119627657726780e+07
3.116039018012035638e+07
3.115959130953238532e+07
3.115879958517687395e+07
3.115801492840620130e+07
3.115723726155336201e+07
3.115646650792381167e+07
3.115570259178702533e+07
