2.034020887716138363e+07
1.813379818030972034e+07
1.640178576584402844e+07
1.514727205352880992e+07
1.435413290953642875e+07
1.397683101237183250e+07
1.393214003898620233e+07
1.410195661613687687e+07
1.435476166255423427e+07
1.457812563699667156e+07
1.470204206251693144e+07
1.470228793381525576e+07
1.458968641662674211e+07
1.439554155633765832e+07
1.415911158911654353e+07
1.391861565196021646e+07
1.370537274977723509e+07
1.354036765783880651e+07
1.343279793247051351e+07
1.338043571120089665e+07
1.337170350538988225e+07
1.338916084236814082e+07
1.341373968152574450e+07
1.342879408105449937e+07
1.342306563826061413e+07
1.339203430068127811e+07
1.333763158195695654e+07
1.326669864773048088e+07
1.318875570265112817e+07
1.311364040967954695e+07
1.304946456087692641e+07
1.300120285681723803e+07
1.297009053361397237e+07
1.295386224853126332e+07
1.294770922298732400e+07
1.294568549713690393e+07
1.294220062823409401e+07
1.293323631742338091e+07
1.291702610770910420e+07
1.289410450204014033e+07
1.286680405933004431e+07
1.283840336789360642e+07
1.281218066933359951e+07
1.279061055319588631e+07
1.277487322267160192e+07
1.276475022117313743e+07
1.275887980660104379e+07
1.275526097517449036e+07
1.275184606150665879e+07
1.274705847794979066e+07
1.274011229525971413e+07
1.273107877984279394e+07
1.272071917628675327e+07
1.271016169827653095e+07
1.270053048100092635e+07
1.269263182510283962e+07
1.268677366195983998e+07
1.268274862157852575e+07
1.267996278889986500e+07
1.267765421574205905e+07
1.267512707798751816e+07
1.267193245215902291e+07
1.266795126225942187e+07
1.266336952737795189e+07
1.265856898734084517e+07
1.265397779014631175e+07
1.264993127198719420e+07
1.264658261761943437e+07
1.264388255025944673e+07
1.264162371251474693e+07
1.263952647355526686e+07
1.263733365921024606e+07
1.263488370666544512e+07
1.263214288490313292e+07
1.262919279949317127e+07
1.262618393899313547e+07
1.262327510581953824e+07
1.262058010611351952e+07
1.261813760610956699e+07
1.261591028303012997e+07
1.261380901663450897e+07
1.261173032391818985e+07
1.260959262843896076e+07
1.260735948541143164e+07
1.260504401673229039e+07
1.260269598895331658e+07
1.260037861590982787e+07
1.259814458119365387e+07
1.259601959177569859e+07
1.259399791602470167e+07
1.259204954160367511e+07
1.259013461682556383e+07
1.258821897140892595e+07
1.258628509612441622e+07
1.258433543327767774e+07
1.258238804225075990e+07
1.258046740826568007e+07
1.257859446853029355e+07
1.257677957492269762e+07
1.257502046778072044e+07
1.257330518632829189e+07
1.257161804568011314e+07
1.256994597560634837e+07
1.256828280935921147e+07
1.256663025627954118e+07
1.256499573491838202e+07
1.256338839742400125e+07
1.256181514865884557e+07
1.256027817837898247e+07
1.255877470515779033e+07
1.255729867128078640e+07
1.255584341844861768e+07
1.255440415030799434e+07
1.255297926204668544e+07
1.255157020656417310e+07
1.255018019249507785e+07
1.254881242047670484e+07
1.254746863153204322e+07
1.254614849154048041e+07
1.254484991688657552e+07
1.254357005206062831e+07
1.254230639479437470e+07
1.254105758729345351e+07
1.253982360691033676e+07
1.253860537879090756e+07
1.253740406667050533e+07
1.253622038878001086e+07
1.253505423870164715e+07
1.253390471860072017e+07
1.253277050280968659e+07
1.253165032499712333e+07
1.253054336414638907e+07
1.252944938399016857e+07
1.252836860846734792e+07
1.252730143034158647e+07
1.252624810479075834e+07
1.252520856077419221e+07
1.252418239021424204e+07
1.252316898838021047e+07
1.252216775796647184e+07
1.252117827647398040e+07
1.252020035951892659e+07
1.251923400978120044e+07
1.251827929353093915e+07
1.251733621180284768e+07
1.251640462457364425e+07
1.251548425305545703e+07
1.251457474619971402e+07
1.251367577107018605e+07
1.251278708270436898e+07
1.251190854563852586e+07
1.251104010563226230e+07
1.251018173279312253e+07
1.250933336660054885e+07
1.250849488721806556e+07
1.250766612127764896e+07
1.250684687310320139e+07
1.250603696219525114e+07
1.250523624824296311e+07
1.250444463400813192e+07
1.250366204848586023e+07
1.250288842165956646e+07
1.250212366426694952e+07
1.250136766140690260e+07
1.250062028080211952e+07
1.249988138944159076e+07
1.249915086937442422e+07
1.249842862534015626e+07
1.249771458199469931e+07
1.249700867378557473e+07
1.249631083347851783e+07
1.249562098491623625e+07
1.249493904256595857e+07
1.249426491668245569e+07
1.249359852040425315e+07
1.249293977482735738e+07
1.249228860981804691e+07
1.249164496085379459e+07
1.249100876413474604e+07
1.249037995271417312e+07
1.248975845544267073e+07
1.248914419882255048e+07
1.248853711039600894e+07
1.248793712174249068e+07
1.248734416966107860e+07
1.248675819524063915e+07
1.248617914160663448e+07
1.248560695164235681e+07
1.248504156675572321e+07
1.248448292704107426e+07
1.248393097241880558e+07
1.248338564392132498e+07
1.248284688438190892e+07
1.248231463824089803e+07
1.248178885070980527e+07
1.248126946684297919e+07
1.248075643103271723e+07
1.248024968714150786e+07
1.247974917911665700e+07
1.247925485170206241e+07
1.247876665086802840e+07
1.247828452378164232e+07
1.247780841840030998e+07
1.247733828294476122e+07
1.247687406551945768e+07
1.247641571402000822e+07
1.247596317629120126e+07
1.247551640037662163e+07
1.247507533468722925e+07
1.247463992799899727e+07
1.247421012930649146e+07
1.247378588764059916e+07
1.247336715196496621e+07
1.247295387120665051e+07
1.247254599439432286e+07
1.247214347082156315e+07
1.247174625014935061e+07
1.247135428240524977e+07
1.247096751789551601e+07
1.247058590708697587e+07
1.247020940051912516e+07
1.246983794877827168e+07
1.246947150252612680e+07
1.246911001254845038e+07
1.246875342978746630e+07
1.246840170534097031e+07
1.246805479043653235e+07
1.246771263640481979e+07
1.246737519467475638e+07
1.246704241679788195e+07
1.246671425449157506e+07
1.246639065968070924e+07
1.246607158451996371e+07
1.246575698139095679e+07
1.246544680288155004e+07
1.246514100176183321e+07
1.246483953096956760e+07
1.246454234360982478e+07
1.246424939296500012e+07
1.246396063250700571e+07
1.246367601590514183e+07
1.246339549702817760e+07
1.246311902994427644e+07
1.246284656892402470e+07
1.246257806844977289e+07
1.246231348323023319e+07
1.246205276821612008e+07
1.246179587861198932e+07
1.246154276988151856e+07
1.246129339774690568e+07
1.246104771818549931e+07
1.246080568742726371e+07
1.246056726195515320e+07
1.246033239850846305e+07
1.246010105408763885e+07
1.245987318595887721e+07
1.245964875165788271e+07
1.245942770899320021e+07
1.245921001605015621e+07
1.245899563119616732e+07
1.245878451308713481e+07
1.245857662067390978e+07
1.245837191320759244e+07
1.245817035024290904e+07
1.245797189163973182e+07
1.245777649756350741e+07
1.245758412848558649e+07
1.245739474518407136e+07
1.245720830874536745e+07
1.245702478056617454e+07
1.245684412235553935e+07
1.245666629613687657e+07
1.245649126424991526e+07
1.245631898935287818e+07
1.245614943442486413e+07
1.245598256276836619e+07
1.245581833801157027e+07
1.245565672411015257e+07
1.245549768534837104e+07
1.245534118633954227e+07
1.245518719202612340e+07
1.245503566767965816e+07
1.245488657890082151e+07
1.245473989161956683e+07
1.245459557209536992e+07
1.245445358691748604e+07
1.245431390300522186e+07
1.245417648760817945e+07
1.245404130830654316e+07
1.245390833301134408e+07
1.245377752996464446e+07
1.245364886773955077e+07
1.245352231523996592e+07
1.245339784170005098e+07
1.245327541668347642e+07
1.245315501008250751e+07
1.245303659211703017e+07
1.245292013333356753e+07
1.245280560460427403e+07
1.245269297712595388e+07
