2.045435026073548198e+07
1.850387178756562620e+07
1.697789140365788713e+07
1.587953948184619658e+07
1.519354073936900869e+07
1.487610373751674965e+07
1.484577057549303770e+07
1.495222075947208516e+07
1.510670329639156535e+07
1.523744031470847502e+07
1.530114284815641679e+07
1.528272943580767512e+07
1.518814763975149766e+07
1.503583777661791816e+07
1.484958586304089986e+07
1.465334865916886181e+07
1.446779360899449512e+07
1.430817510216093995e+07
1.418328227395218238e+07
1.409532116692377627e+07
1.404065008316264115e+07
1.401124869822299108e+07
1.399669204666531086e+07
1.398628298969036527e+07
1.397094730975867063e+07
1.394455885306246206e+07
1.390451989180416428e+07
1.385160853552833386e+07
1.378925223474854231e+07
1.372246089970594458e+07
1.365666083493160829e+07
1.359663695705423504e+07
1.354573896338481829e+07
1.350544885218166560e+07
1.347534455630211532e+07
1.345342799203168601e+07
1.343672167358850129e+07
1.342198950306904688e+07
1.340641957707734406e+07
1.338812787121023051e+07
1.336639611362747848e+07
1.334162772081145458e+07
1.331507112640278973e+07
1.328840398952090368e+07
1.326328792215740681e+07
1.324099344136799313e+07
1.322216578806200624e+07
1.320676281891993061e+07
1.319415521527990699e+07
1.318334491974282637e+07
1.317323660649099573e+07
1.316289282953577489e+07
1.315171592134457827e+07
1.313952421102380753e+07
1.312651939048342407e+07
1.311316812796010822e+07
1.310003834177173860e+07
1.308763598535418138e+07
1.307628203413850069e+07
1.306605445381916687e+07
1.305680073902612552e+07
1.304820818344013579e+07
1.303990588287004642e+07
1.303156748717056774e+07
1.302298746421004646e+07
1.301411423567556031e+07
1.300503734402199090e+07
1.299593863228804059e+07
1.298702584615807608e+07
1.297846934335372038e+07
1.297035889285723865e+07
1.296268965428271145e+07
1.295537705175933242e+07
1.294829218191304058e+07
1.294130472417500243e+07
1.293431996379627474e+07
1.292730007239603437e+07
1.292026571927263029e+07
1.291328038423766196e+07
1.290642451361877099e+07
1.289976868575587682e+07
1.289335397126392461e+07
1.288718435475736484e+07
1.288123172270204499e+07
1.287544998021063767e+07
1.286979250643262267e+07
1.286422693370687962e+07
1.285874294469242916e+07
1.285335163374708965e+07
1.284807790947602876e+07
1.284294946520595998e+07
1.283798646092321910e+07
1.283319523113421351e+07
1.282856752302403376e+07
1.282408470870549604e+07
1.281972482557281852e+07
1.281546965195229836e+07
1.281130941524785012e+07
1.280724388571094349e+07
1.280328003182808682e+07
1.279942757576159947e+07
1.279569432012517750e+07
1.279208291919750348e+07
1.278859000752820447e+07
1.278520762317619659e+07
1.278192604993771203e+07
1.277873682331467792e+07
1.277563477653061040e+07
1.277261852654371783e+07
1.276968946831315011e+07
1.276684989072798379e+07
1.276410106376009993e+07
1.276144202861707844e+07
1.275886944542838633e+07
1.275637839614633657e+07
1.275396368945350684e+07
1.275162108909839019e+07
1.274934800350916758e+07
1.274714345314934105e+07
1.274500744110050052e+07
1.274294006636283919e+07
1.274094076777976379e+07
1.273900797414266318e+07
1.273713923104823381e+07
1.273533167406378314e+07
1.273358259270425886e+07
1.273188985196112655e+07
1.273025200514441356e+07
1.272866811402806453e+07
1.272713739434292912e+07
1.272565886490768939e+07
1.272423114834262244e+07
1.272285248430489749e+07
1.272152091671680287e+07
1.272023454847987741e+07
1.271899174487622455e+07
1.271779120718295872e+07
1.271663190580625832e+07
1.271551292418280803e+07
1.271443329491127096e+07
1.271339189975981414e+07
1.271238746572564170e+07
1.271141864202708565e+07
1.271048410980837792e+07
1.270958266988170333e+07
1.270871327276095748e+07
1.270787498714869097e+07
1.270706693156180345e+07
1.270628820655864291e+07
1.270553785870280489e+07
1.270481488781500235e+07
1.270411828724898398e+07
1.270344709326270223e+07
1.270280041909308359e+07
1.270217746025777981e+07
1.270157747306621447e+07
1.270099974041217566e+07
1.270044354251252674e+07
1.269990814499844983e+07
1.269939280653180368e+07
1.269889679854046553e+07
1.269841942518979125e+07
1.269796003365144320e+07
1.269751801113141328e+07
1.269709277217236720e+07
1.269668374392747134e+07
1.269629035683725774e+07
1.269591204426761903e+07
1.269554824966271594e+07
1.269519843627660349e+07
1.269486209405748732e+07
1.269453874053627625e+07
1.269422791604642197e+07
1.269392917635387927e+07
1.269364208654660359e+07
1.269336621875558794e+07
1.269310115392724797e+07
1.269284648580028489e+07
1.269260182445807382e+07
1.269236679751522653e+07
1.269214104856118187e+07
1.269192423397639394e+07
1.269171601990068331e+07
1.269151608076005802e+07
1.269132409971191734e+07
1.269113977030385286e+07
1.269096279811883345e+07
1.269079290138559416e+07
1.269062981024189666e+07
1.269047326509589329e+07
1.269032301492952928e+07
1.269017881627637334e+07
1.269004043312733993e+07
1.268990763748681545e+07
1.268978021001023799e+07
1.268965794021778367e+07
1.268954062610345706e+07
1.268942807332503237e+07
1.268932009436254948e+07
1.268921650798844546e+07
1.268911713916632347e+07
1.268902181924233958e+07
1.268893038615617529e+07
1.268884268443495035e+07
1.268875856489392743e+07
1.268867788414414413e+07
1.268860050409868360e+07
1.268852629163970798e+07
1.268845511849417537e+07
1.268838686124543846e+07
1.268832140134880506e+07
1.268825862504444271e+07
1.268819842314187810e+07
1.268814069073158130e+07
1.268808532691431791e+07
1.268803223461613059e+07
1.268798132049842179e+07
1.268793249491859972e+07
1.268788567187700421e+07
1.268784076890660450e+07
1.268779770690393075e+07
1.268775640993590839e+07
1.268771680506711081e+07
1.268767882223458961e+07
1.268764239416739345e+07
1.268760745632498898e+07
1.268757394682456553e+07
1.268754180634180084e+07
1.268751097799018398e+07
1.268748140719812736e+07
1.268745304160306044e+07
1.268742583097015694e+07
1.268739972712903656e+07
1.268737468391384371e+07
1.268735065709408745e+07
1.268732760429288819e+07
1.268730548489885777e+07
1.268728425998203456e+07
1.268726389222169295e+07
1.268724434584667347e+07
1.268722558658290282e+07
1.268720758160082996e+07
1.268719029945836961e+07
1.268717371003994346e+07
1.268715778449587151e+07
1.268714249518669955e+07
1.268712781563449651e+07
1.268711372047958151e+07
1.268710018543922901e+07
1.268708718726527691e+07
1.268707470369986817e+07
1.268706271343073808e+07
1.268705119604864344e+07
1.268704013200854510e+07
1.268702950259457529e+07
1.268701928988744318e+07
1.268700947673241049e+07
1.268700004670702480e+07
1.268699098408884369e+07
1.268698227382421121e+07
1.268697390149910375e+07
1.268696585331230797e+07
1.268695811605038121e+07
1.268695067706344649e+07
1.268694352424129471e+07
1.268693664598961733e+07
1.268693003120692447e+07
1.268692366926267743e+07
1.268691754997686297e+07
1.268691166360092536e+07
1.268690600079958700e+07
1.268690055263312533e+07
1.268689531054006889e+07
1.268689026632040367e+07
1.268688541211954318e+07
1.268688074041328579e+07
1.268687624399360269e+07
1.268687191595515609e+07
1.268686774968223274e+07
1.268686373883605376e+07
1.268685987734249234e+07
1.268685615938030928e+07
1.268685257937005349e+07
1.268684913196353242e+07
1.268684581203386560e+07
1.268684261466588452e+07
1.268683953514690511e+07
1.268683656895782053e+07
1.268683371176457964e+07
1.268683095941010863e+07
1.268682830790665932e+07
1.268682575342851132e+07
1.268682329230498895e+07
1.268682092101373896e+07
1.268681863617427275e+07
1.268681643454177305e+07
1.268681431300121918e+07
1.268681226856179535e+07
1.268681029835159332e+07
1.268680839961251803e+07
