2.010536415089805052e+07
1.916457729145362228e+07
1.866355135299567133e+07
1.839860009589596838e+07
1.819359654787281901e+07
1.799182769208775833e+07
1.777027292961538583e+07
1.752073125015949458e+07
1.724703772667394578e+07
1.696084973895110562e+07
1.667650596559783258e+07
1.640662695049724355e+07
1.615919939637660049e+07
1.593637135801850818e+07
1.573496659849923849e+07
1.554843187170411646e+07
1.536951003057551011e+07
1.519267008792321011e+07
1.501550476034277305e+07
1.483883960117376409e+07
1.466581721713779122e+07
1.450047184843346849e+07
1.434630812470659986e+07
1.420527357900513895e+07
1.407735255663422868e+07
1.396082781563933939e+07
1.385306275423286855e+07
1.375149369837680086e+07
1.365445978790768608e+07
1.356158283932315931e+07
1.347360834333806857e+07
1.339183534310876951e+07
1.331740406451309100e+07
1.325073329875034839e+07
1.319131243505327590e+07
1.313789502611866221e+07
1.308897267004498094e+07
1.304330002966524661e+07
1.300024247881367803e+07
1.295982106969522499e+07
1.292247621255839616e+07
1.288868902068290114e+07
1.285864186083525792e+07
1.283206109533670545e+07
1.280829041125597991e+07
1.278653559098480456e+07
1.276614858010655455e+07
1.274681288730967417e+07
1.272855362779952213e+07
1.271158898659954965e+07
1.269611576143028215e+07
1.268214349231371656e+07
1.266945388064877316e+07
1.265768950534764677e+07
1.264650871480534226e+07
1.263571664925181121e+07
1.262530605415213853e+07
1.261539774658328667e+07
1.260612540567814931e+07
1.259753369631469250e+07
1.258954315161680803e+07
1.258199232384550758e+07
1.257472349585946836e+07
1.256765751602201909e+07
1.256081591897448525e+07
1.255428403013460338e+07
1.254814404295687377e+07
1.254242114069272578e+07
1.253707248587793484e+07
1.253201932072721422e+07
1.252719629968399927e+07
1.252258512992798164e+07
1.251821376996318623e+07
1.251412648632422835e+07
1.251034773492253013e+07
1.250686373373416252e+07
1.250363112690087408e+07
1.250060338101428933e+07
1.249775520471231639e+07
1.249508920602473430e+07
1.249262292817504704e+07
1.249036778657139093e+07
1.248831528649265319e+07
1.248643880382128805e+07
1.248470741114654765e+07
1.248310046038413793e+07
1.248161275273378566e+07
1.248024818486831151e+07
1.247900817442038655e+07
1.247788394063482061e+07
1.247685762771971896e+07
1.247591015989602916e+07
1.247502914316170849e+07
1.247421106980611011e+07
1.247345709729242325e+07
1.247276650384878367e+07
1.247213301478357241e+07
1.247154626093924977e+07
1.247099644183519296e+07
1.247047815219547600e+07
1.246999059024802223e+07
1.246953455136072636e+07
1.246910900575302541e+07
1.246870993986660615e+07
1.246833196942592971e+07
1.246797099739334546e+07
1.246762564569971710e+07
1.246729651103558764e+07
1.246698416121317819e+07
1.246668764024721086e+07
1.246640456409303844e+07
1.246613244696837291e+07
1.246586997202830762e+07
1.246561717622755654e+07
1.246537456805822253e+07
1.246514206393193826e+07
1.246491863503386639e+07
1.246470283017737418e+07
1.246449359302777424e+07
1.246429064461642876e+07
1.246409418292081356e+07
1.246390426150765270e+07
1.246372041841085628e+07
1.246354182240003906e+07
1.246336772396832332e+07
1.246319777635467798e+07
1.246303197511319630e+07
1.246287033242501877e+07
1.246271261052420735e+07
1.246255833397668228e+07
1.246240702330621518e+07
1.246225841010418162e+07
1.246211244946423918e+07
1.246196915265781060e+07
1.246182841606266424e+07
1.246168999589371681e+07
1.246155362459001690e+07
1.246141914016995579e+07
1.246128651015500724e+07
1.246115574570445344e+07
1.246102680066373385e+07
1.246089954793328978e+07
1.246077384044166468e+07
1.246064958634868637e+07
1.246052676702989265e+07
1.246040539042501710e+07
1.246028543251598626e+07
1.246016682165416330e+07
1.246004947192766704e+07
1.245993332567870617e+07
1.245981836377720349e+07
1.245970457937588543e+07
1.245959194573772699e+07
1.245948040917730704e+07
1.245936990942685306e+07
1.245926040359912813e+07
1.245915187056956440e+07
1.245904429502517357e+07
1.245893764980574325e+07
1.245883189359425753e+07
1.245872698346380517e+07
1.245862288768227398e+07
1.245851958646450192e+07
1.245841706211245432e+07
1.245831529001392797e+07
1.245821423918088526e+07
1.245811388023612089e+07
1.245801419182345644e+07
1.245791515946315415e+07
1.245781676926453412e+07
1.245771900351586938e+07
1.245762184209316224e+07
1.245752526719075255e+07
1.245742926601864956e+07
1.245733382907136157e+07
1.245723894642072916e+07
1.245714460605264828e+07
1.245705079552869126e+07
1.245695750468337722e+07
1.245686472640764341e+07
1.245677245500253886e+07
1.245668068413141370e+07
1.245658940645178780e+07
1.245649861493601277e+07
1.245640830416869372e+07
1.245631847024214268e+07
1.245622910956705362e+07
1.245614021799286082e+07
1.245605179107853584e+07
1.245596382501842827e+07
1.245587631712988019e+07
1.245578926545076072e+07
1.245570266799813136e+07
1.245561652249455452e+07
1.245553082673569769e+07
1.245544557906927913e+07
1.245536077843525261e+07
1.245527642398438975e+07
1.245519251474344917e+07
1.245510904966791905e+07
1.245502602795099653e+07
1.245494344920407794e+07
1.245486131332527846e+07
1.245477962023603916e+07
1.245469836977384612e+07
1.245461756180896051e+07
1.245453719639972039e+07
1.245445727379463799e+07
1.245437779429417476e+07
1.245429875813999772e+07
1.245422016554279998e+07
1.245414201678918302e+07
1.245406431229078025e+07
1.245398705252470821e+07
1.245391023794167116e+07
1.245383386893921718e+07
1.245375794590816274e+07
1.245368246927854046e+07
1.245360743950708024e+07
1.245353285702642985e+07
1.245345872221794538e+07
1.245338503543386981e+07
1.245331179703474045e+07
1.245323900739601627e+07
1.245316666687952727e+07
1.245309477580491640e+07
1.245302333444933966e+07
1.245295234306648374e+07
1.245288180189629644e+07
1.245281171115374193e+07
1.245274207101229206e+07
1.245267288160232827e+07
1.245260414302410744e+07
1.245253585535811819e+07
1.245246801866097376e+07
1.245240063295304403e+07
1.245233369821191579e+07
1.245226721437619627e+07
1.245220118135153130e+07
1.245213559901013598e+07
1.245207046718512475e+07
1.245200578566747159e+07
1.245194155420948006e+07
1.245187777253019437e+07
1.245181444031652808e+07
1.245175155721952021e+07
1.245168912285060808e+07
1.245162713678167760e+07
1.245156559854744747e+07
1.245150450764651038e+07
1.245144386354008690e+07
1.245138366565083340e+07
1.245132391336396895e+07
1.245126460602981783e+07
1.245120574296518415e+07
1.245114732345262915e+07
1.245108934673903883e+07
1.245103181203539670e+07
1.245097471851768345e+07
1.245091806532769650e+07
1.245086185157305561e+07
1.245080607632707059e+07
1.245075073862942494e+07
1.245069583748747222e+07
1.245064137187721580e+07
1.245058734074340388e+07
1.245053374299919605e+07
1.245048057752617076e+07
1.245042784317482635e+07
1.245037553876515292e+07
1.245032366308695823e+07
1.245027221490016766e+07
1.245022119293542951e+07
1.245017059589495137e+07
1.245012042245320417e+07
1.245007067125725560e+07
1.245002134092689306e+07
1.244997243005485646e+07
1.244992393720725924e+07
1.244987586092407629e+07
1.244982819971957058e+07
1.244978095208273642e+07
1.244973411647787318e+07
1.244968769134523347e+07
1.244964167510159127e+07
1.244959606614062190e+07
1.244955086283323169e+07
1.244950606352788955e+07
1.244946166655105352e+07
1.244941767020762712e+07
1.244937407278141379e+07
1.244933087253559381e+07
1.244928806771324575e+07
1.244924565653791837e+07
1.244920363721409068e+07
1.244916200792760774e+07
1.244912076684603468e+07
1.244907991211905703e+07
1.244903944187891670e+07
1.244899935424082726e+07
