9.250717889013379812e+06
3.420438161060445942e+06
5.359229202169917990e+05
5.604650254233865999e+05
1.848685918138435343e+06
2.669673855289535597e+06
2.459606402643509675e+06
1.646559403241005959e+06
8.082982160533610731e+05
3.186205050038314075e+05
2.745448985782914096e+05
5.448214039055674803e+05
8.936577583825355396e+05
1.116320581406991929e+06
1.117530737770464970e+06
9.172806262535295682e+05
6.136497698609228246e+05
3.321055840178801445e+05
1.750832809499764990e+05
1.808181593937046127e+05
3.066282493533812230e+05
4.528067789979284862e+05
5.214925530916529242e+05
4.726575037374584936e+05
3.384147216124534025e+05
1.927385572072177893e+05
1.038752136058958713e+05
9.893784608501099865e+04
1.564671692480336060e+05
2.259582226138782862e+05
2.596764363388985512e+05
2.377297748825237795e+05
1.744028351837413502e+05
1.056463470268806850e+05
6.646421107992704492e+04
7.062175420373705856e+04
1.040474405386852595e+05
1.362373709286750527e+05
1.419782431017998606e+05
1.175593645086852193e+05
8.027642387586343102e+04
5.361578662162169348e+04
5.044129128593485802e+04
6.591885050830463297e+04
8.350423361264054256e+04
8.801277491907367948e+04
7.583487533440929838e+04
5.572998115651038825e+04
4.092063538710360444e+04
3.900486192326153832e+04
4.710344464012658864e+04
5.538428465957692242e+04
5.553049842881462973e+04
4.698429404749756213e+04
3.623017193744021642e+04
3.059923178174581335e+04
3.231697443042891973e+04
3.751316843870434968e+04
4.026650869472888007e+04
3.770190782275766105e+04
3.186058863570172252e+04
2.726536426519227825e+04
2.676497601854392997e+04
2.935809824677486904e+04
3.161345178407993444e+04
3.101287349583697505e+04
2.802233478679029213e+04
2.521092434477358620e+04
2.461689633180767851e+04
2.598651612916542945e+04
2.735804216768054903e+04
2.712053730107740921e+04
2.544259269667542321e+04
2.383585979454173139e+04
2.352377636934660404e+04
2.432324252590859760e+04
2.503866932174504109e+04
2.477893390885976623e+04
2.377973340411418030e+04
2.298989386889482194e+04
2.301241102138592032e+04
2.355468973115606059e+04
2.386577873783704126e+04
2.357033136925263170e+04
2.298935702350892097e+04
2.269523658460584556e+04
2.287603322038523038e+04
2.320046102386491839e+04
2.325026386636846291e+04
2.297631910150009935e+04
2.268858461471766350e+04
2.266285070262092631e+04
2.284827614451450427e+04
2.297682454636498369e+04
2.289168150608510041e+04
2.270012391395972372e+04
2.261046483529688703e+04
2.268395183027277380e+04
2.279137569461851308e+04
2.279015693669323082e+04
2.268708898853740538e+04
2.260492107226028384e+04
2.262269159128266620e+04
2.269278509061038130e+04
2.271723960627726774e+04
2.266919122015007451e+04
2.261151131425899439e+04
2.260795053325550543e+04
2.264829211234942341e+04
2.267301175683730980e+04
2.265192678763687582e+04
2.261476746102373727e+04
2.260530817270581247e+04
2.262657098383147604e+04
2.264428686335354723e+04
2.263468953404137937e+04
2.261144149902580830e+04
2.260251056646745565e+04
2.261356764661278066e+04
2.262495520435539947e+04
2.262030945183230506e+04
2.260619351498387186e+04
2.259993523079428269e+04
2.260616458643153237e+04
2.261325000424573955e+04
2.261072636210008204e+04
2.260223953155697382e+04
2.259843394670823909e+04
2.260220376944831878e+04
2.260636084119489169e+04
2.260458245587044803e+04
2.259935278007452871e+04
2.259720263144044293e+04
2.259955929850098619e+04
2.260180101783284044e+04
2.260033679753017350e+04
2.259710799699840209e+04
2.259606779564474709e+04
2.259763485479693918e+04
2.259877011712312378e+04
2.259760777400471125e+04
2.259571900634131453e+04
2.259540656729410694e+04
2.259649644470895873e+04
2.259700720302803893e+04
2.259612885620499583e+04
2.259510060306643936e+04
2.259516519797526416e+04
2.259587843332538978e+04
2.259601097916610888e+04
2.259536366383600762e+04
2.259485407871089774e+04
2.259505526259248290e+04
2.259546679716314247e+04
2.259539762324066396e+04
2.259495763367925974e+04
2.259476130320300945e+04
2.259498014990931915e+04
2.259518167575103871e+04
2.259504372775471711e+04
2.259478733138186362e+04
2.259476658844130361e+04
2.259494270583939942e+04
2.259500858887116920e+04
2.259487326590683006e+04
2.259475216763973731e+04
2.259480295582361214e+04
2.259490894178489543e+04
2.259489599306229502e+04
2.259479405355436029e+04
2.259475695728771825e+04
2.259481672016691300e+04
2.259485886412837135e+04
2.259481600460375194e+04
2.259475811454832728e+04
2.259476512846184414e+04
2.259480751413677353e+04
2.259480959293760679e+04
2.259476983602216205e+04
2.259474970664172724e+04
2.259477076764898084e+04
2.259478961983120826e+04
2.259477444651634141e+04
2.259475055412600341e+04
2.259475194348168225e+04
2.259476843949902104e+04
2.259476902243159566e+04
2.259475258669534014e+04
2.259474422168039382e+04
2.259475228737096768e+04
2.259475869994610548e+04
2.259475141438993523e+04
2.259474182994466173e+04
2.259474302453651762e+04
2.259474928803151124e+04
2.259474834263656157e+04
2.259474154041705697e+04
2.259473927298440685e+04
2.259474313048802651e+04
2.259474499032896711e+04
2.259474146083981759e+04
2.259473832056310130e+04
2.259473975524780690e+04
2.259474203976790523e+04
2.259474084777173994e+04
2.259473820344884007e+04
2.259473811454316092e+04
2.259473983832170779e+04
2.259473992773514328e+04
2.259473822804672091e+04
2.259473752422086545e+04
2.259473853458945086e+04
2.259473912707974887e+04
2.259473826882540379e+04
2.259473748884462839e+04
2.259473793055665010e+04
2.259473856116725074e+04
2.259473824233786218e+04
2.259473760051275167e+04
2.259473767954399227e+04
2.259473815433966229e+04
2.259473811256827685e+04
2.259473766111523219e+04
2.259473756458163552e+04
2.259473786381853279e+04
2.259473794092733442e+04
2.259473766414993224e+04
2.259473751827967862e+04
2.259473768509915681e+04
2.259473779510553140e+04
2.259473764523157661e+04
2.259473750796814784e+04
2.259473758655291022e+04
2.259473768523772014e+04
2.259473761159676360e+04
2.259473750056127028e+04
2.259473752615820194e+04
2.259473759931551831e+04
2.259473756738059456e+04
2.259473748577417064e+04
2.259473748563680056e+04
2.259473753606742684e+04
2.259473752681129554e+04
2.259473747199224454e+04
2.259473746305334498e+04
2.259473749701611814e+04
2.259473749874483838e+04
2.259473746387410574e+04
2.259473745322381728e+04
2.259473747513196213e+04
2.259473748041770159e+04
2.259473745847851387e+04
2.259473744864297623e+04
2.259473746219310851e+04
2.259473746770791331e+04
2.259473745402813074e+04
2.259473744616499607e+04
2.259473745460809005e+04
2.259473745946933923e+04
2.259473745120337844e+04
2.259473744558735780e+04
2.259473745103374677e+04
2.259473745493363458e+04
2.259473744991952481e+04
2.259473744600230566e+04
2.259473744944978171e+04
2.259473745222324214e+04
2.259473744900532256e+04
2.259473744624490791e+04
2.259473744838237690e+04
2.259473745021088325e+04
2.259473744805852402e+04
2.259473744615769101e+04
2.259473744752777930e+04
2.259473744872093448e+04
2.259473744728539168e+04
2.259473744604835520e+04
2.259473744698012888e+04
2.259473744774232546e+04
2.259473744675582930e+04
2.259473744595302560e+04
2.259473744657796851e+04
2.259473744702200202e+04
2.259473744631561567e+04
2.259473744580179118e+04
2.259473744622746744e+04
2.259473744646930572e+04
2.259473744596481265e+04
2.259473744565606830e+04
2.259473744596025426e+04
2.259473744608907873e+04
2.259473744574363809e+04
2.259473744558224644e+04
2.259473744580801576e+04
2.259473744586831162e+04
2.259473744563122091e+04
2.259473744555424855e+04
2.259473744571268981e+04
2.259473744572699070e+04
2.259473744556525708e+04
