1.373913921760541853e+06
4.150197172534354031e+05
8.905705733291208744e+05
6.860203280499482062e+05
3.088534395551747293e+05
2.154799143032189750e+05
3.934103941269762581e+05
5.062771423356463201e+05
4.044330817378127831e+05
2.323953658281695680e+05
1.671414961584430130e+05
2.361834597499148222e+05
3.237822749375619460e+05
3.225917449964446132e+05
2.415574040861994727e+05
1.679080185510097654e+05
1.674340417629260046e+05
2.215037422875702032e+05
2.563857555553642451e+05
2.323540740562510327e+05
1.809042977533739759e+05
1.571483611890798493e+05
1.773451282805683149e+05
2.080006902499062417e+05
2.103411501615705492e+05
1.832649960834557423e+05
1.579435073093985848e+05
1.589206035862885183e+05
1.777552280438177404e+05
1.870188595924955152e+05
1.750274487568403711e+05
1.570052667709385569e+05
1.528152031778304372e+05
1.629984014569037245e+05
1.713143133220950549e+05
1.667180029472434835e+05
1.556074738192738150e+05
1.513548423298867419e+05
1.570111729891850555e+05
1.629924296804233454e+05
1.609369808700238937e+05
1.540987150427589077e+05
1.513243295333840651e+05
1.548182949156159884e+05
1.583774157169635873e+05
1.567755111561484518e+05
1.524135312066812767e+05
1.509607214365805849e+05
1.533069774762378074e+05
1.550782883638041967e+05
1.534204755382990115e+05
1.507073929911929590e+05
1.504146716014850826e+05
1.520891275878250599e+05
1.526235481922387844e+05
1.510832400656985119e+05
1.496888615888390341e+05
1.501168161041049170e+05
1.511405621811118326e+05
1.508849302911004052e+05
1.497056745442997781e+05
1.492918707320725080e+05
1.499074002604039269e+05
1.502257081083869271e+05
1.496044799116827489e+05
1.489520649122845498e+05
1.490745794055760489e+05
1.494422168063804274e+05
1.492368053291488905e+05
1.486880727263443405e+05
1.485356792701626546e+05
1.487674531481203157e+05
1.487666732725217007e+05
1.484053681563563587e+05
1.481684133159156772e+05
1.482615299826127011e+05
1.483204578631931799e+05
1.481061133456628886e+05
1.478789232694374514e+05
1.478792081157827051e+05
1.479273250165286881e+05
1.477966685692655738e+05
1.476042782092606940e+05
1.475531354941734171e+05
1.475702937819871586e+05
1.474794834898422123e+05
1.473242564649776905e+05
1.472549941964237369e+05
1.472477178248229320e+05
1.471761164770013420e+05
1.470521839863767091e+05
1.469813301839091000e+05
1.469583514507921645e+05
1.468957748554376885e+05
1.467957750272455160e+05
1.467306456867229426e+05
1.466987230631787097e+05
1.466398911442438548e+05
1.465559527045980212e+05
1.464965018205522792e+05
1.464586648022858426e+05
1.464016269823035109e+05
1.463297469931683154e+05
1.462765394887625589e+05
1.462362586889297527e+05
1.461816140339060803e+05
1.461195120039102912e+05
1.460719037823834224e+05
1.460310299344621308e+05
1.459796242328044318e+05
1.459260348959589319e+05
1.458834347379225946e+05
1.458431464135523420e+05
1.457954006533957145e+05
1.457487008515583875e+05
1.457097882502986467e+05
1.456705882078806171e+05
1.456269291305292281e+05
1.455862074458016432e+05
1.455504779390142648e+05
1.455132222607876756e+05
1.454740242968837265e+05
1.454383330572663399e+05
1.454053307407302200e+05
1.453707241389426927e+05
1.453361701730899513e+05
1.453047774249694776e+05
1.452743708168411977e+05
1.452428928868653893e+05
1.452126312954925233e+05
1.451846454002231185e+05
1.451567511204630136e+05
1.451286815009277780e+05
1.451022864707741246e+05
1.450772023627244926e+05
1.450519831961468735e+05
1.450273478431135300e+05
1.450042342040412477e+05
1.449817297494395752e+05
1.449593487171567976e+05
1.449379785496885306e+05
1.449176742849567381e+05
1.448976473625222570e+05
1.448781004293588921e+05
1.448595752396636235e+05
1.448416770080801216e+05
1.448240857739457279e+05
1.448072207903875969e+05
1.447911457224728947e+05
1.447754559523633798e+05
1.447602315587612393e+05
1.447457421928363328e+05
1.447317819569958956e+05
1.447181910319799208e+05
1.447051781625008734e+05
1.446927494823343586e+05
1.446806971542204265e+05
1.446690780225408380e+05
1.446580061365885776e+05
1.446473532044395979e+05
1.446370582459615835e+05
1.446272262234496884e+05
1.446178254305029986e+05
1.446087549262905377e+05
1.446000618291185237e+05
1.445917774739025044e+05
1.445838206967930601e+05
1.445761812763137277e+05
1.445689038150546839e+05
1.445619453870796424e+05
1.445552651825529174e+05
1.445488942472416675e+05
1.445428239345002803e+05
1.445370093013955920e+05
1.445314584567456914e+05
1.445261794392236625e+05
1.445211370864752098e+05
1.445163218911584408e+05
1.445117458991982567e+05
1.445073883733375696e+05
1.445032308888220578e+05
1.444992808004956460e+05
1.444955282500672620e+05
1.444919532141798409e+05
1.444885567635828047e+05
1.444853360007818264e+05
1.444822738972666557e+05
1.444793660945706943e+05
1.444766121217234177e+05
1.444739990718750341e+05
1.444715195105367166e+05
1.444691732878003968e+05
1.444669516058727750e+05
1.444648459786802705e+05
1.444628552231090725e+05
1.444609733781852119e+05
1.444591922308642534e+05
1.444575095661625382e+05
1.444559214110565954e+05
1.444544206030931964e+05
1.444530040897917061e+05
1.444516689212461933e+05
1.444504091255016101e+05
1.444492212648396962e+05
1.444481030020332546e+05
1.444470495576281101e+05
1.444460574309048825e+05
1.444451245316766435e+05
1.444442470257044188e+05
1.444434215921497089e+05
1.444426463189659116e+05
1.444419181620901218e+05
1.444412341189967119e+05
1.444405923872081912e+05
1.444399904982252046e+05
1.444397451326834271e+05
1.444398231673893169e+05
1.444395439565402339e+05
1.444393490726407035e+05
1.444394866347411589e+05
1.444394531290180748e+05
1.444392969598501222e+05
1.444393899587353517e+05
1.444394808053133602e+05
1.444393905355253664e+05
1.444394125514025218e+05
1.444395243500574143e+05
1.444394928387957043e+05
1.444394618386760121e+05
1.444395374536724412e+05
1.444395400113529759e+05
1.444394843681719503e+05
1.444395084791147674e+05
1.444395209939023480e+05
1.444394640861821244e+05
1.444394483184813580e+05
1.444394578165165440e+05
1.444394144112942158e+05
1.444393805446524930e+05
1.444393845907542272e+05
1.444393603279673553e+05
1.444393267389292305e+05
1.444393271914772340e+05
1.444393198478009435e+05
1.444392956517481362e+05
1.444392942629435565e+05
1.444392975447630743e+05
1.444392841357804136e+05
1.444392818636710290e+05
1.444392894888817973e+05
1.444392844210336334e+05
1.444392817593456712e+05
1.444392893739017309e+05
1.444392891723317443e+05
1.444392862607475545e+05
1.444392915323597263e+05
1.444392931283106154e+05
1.444392899253181240e+05
1.444392921807745006e+05
1.444392936998259975e+05
1.444392903890510788e+05
1.444392902088281699e+05
1.444392910768582951e+05
1.444392881239282142e+05
1.444392866544515709e+05
1.444392870531067892e+05
1.444392848785003880e+05
1.444392831290383474e+05
1.444392833671885310e+05
1.444392820892916061e+05
1.444392806162245106e+05
1.444392808598033735e+05
1.444392803419196862e+05
1.444392793258484162e+05
1.444392796138548583e+05
1.444392796149600763e+05
1.444392790170213266e+05
1.444392793099757982e+05
1.444392795742545277e+05
1.444392792507254344e+05
1.444392794725828280e+05
1.444392797836504178e+05
1.444392795788572112e+05
1.444392796730167756e+05
1.444392799052025366e+05
1.444392797275788907e+05
1.444392796996412217e+05
1.444392798279209819e+05
1.444392796584930911e+05
1.444392795581463433e+05
1.444392796135773242e+05
1.444392794672726595e+05
1.444392793480628752e+05
1.444392793700405746e+05
1.444392792610565957e+05
1.444392791572189890e+05
1.444392791727972508e+05
1.444392791058638250e+05
1.444392790330895805e+05
1.444392790557310509e+05
