1.547330592901563970e+06
1.518470574872783851e+06
1.490010973383373348e+06
1.461959019811841194e+06
1.434321657196574612e+06
1.407105515663676895e+06
1.380316889022415038e+06
1.353961712698055897e+06
1.328045543156443862e+06
1.302573538957325509e+06
1.277550443554520141e+06
1.252980569941004971e+06
1.228867787216112250e+06
1.205215509130989667e+06
1.182026684647355229e+06
1.159303790524058277e+06
1.137048825926148798e+06
1.115263309032575693e+06
1.093948275601299480e+06
1.073104279435036471e+06
1.052731394676887896e+06
1.032829219853122137e+06
1.013396883570240461e+06
9.944330517652885756e+05
9.759359364021128276e+05
9.579033055017958395e+05
9.403324943624095758e+05
9.232204180380367907e+05
9.065635844888846623e+05
8.903581089316825382e+05
8.745997287874263711e+05
8.592838193199667148e+05
8.444054098282832419e+05
8.299592002945346758e+05
8.159395783954405924e+05
8.023406367902907077e+05
7.891561906048741657e+05
7.763797950365995057e+05
7.640047630120278336e+05
7.520241828339064959e+05
7.404309357603513636e+05
7.292177134642786114e+05
7.183770353261912242e+05
7.079012655181806767e+05
6.977826298413913464e+05
6.880132322832205100e+05
6.785850712642089929e+05
6.694900555478606839e+05
6.607200197896375321e+05
6.522667397040134529e+05
6.441219468308715150e+05
6.362773428845598828e+05
6.287246136708221165e+05
6.214554425584274577e+05
6.144615234937729547e+05
6.077345735480072908e+05
6.012663449873896316e+05
5.950486368586656172e+05
5.890733060821343679e+05
5.833322780461020302e+05
5.778175566971666412e+05
5.725212341217200737e+05
5.674354996148254722e+05
5.625526482335220790e+05
5.578650888324307743e+05
5.533653515804652125e+05
5.490460949583050096e+05
5.449001122373162070e+05
5.409203374414911959e+05
5.370998507950890344e+05
5.334318836596147157e+05
5.299098229649025016e+05
5.265272151401273441e+05
5.232777695516775129e+05
5.201553614559319103e+05
5.171540344760737498e+05
5.142680026131928316e+05
5.114916518029639265e+05
5.088195410302734235e+05
5.062464030151268817e+05
5.037671444841586635e+05
5.013768460429547122e+05
4.990707616652364959e+05
4.968443178157052607e+05
4.946931122240878176e+05
4.926129123284528614e+05
4.905996534064757871e+05
4.886494364136753138e+05
4.867585255480684573e+05
4.849233455608588993e+05
4.831404788329766598e+05
4.814066622373173595e+05
4.797187838064907119e+05
4.780738792257824098e+05
4.764691281707766466e+05
4.749018505088356324e+05
4.733695023832110455e+05
4.718696721981165465e+05
4.704000765226187650e+05
4.689585559305070783e+05
4.675430707927942858e+05
4.661516970386853791e+05
4.647826219002099824e+05
4.634341396548665361e+05
4.621046473798776278e+05
4.607926407307811314e+05
4.594967097562714480e+05
4.582155347603344126e+05
4.569478822218399146e+05
4.556926007809314178e+05
4.544486173006544122e+05
4.532149330114559270e+05
4.519906197453235509e+05
4.507748162655498018e+05
4.495667246973020956e+05
4.483656070634322823e+05
4.471707819291925989e+05
4.459816211588865845e+05
4.447975467867366970e+05
4.436180280037142802e+05
4.424425782613774645e+05
4.412707524932959350e+05
4.401021444540833472e+05
4.389363841755610192e+05
4.377731355391844409e+05
4.366120939634119859e+05
4.354529842043578392e+05
4.342955582677363418e+05
4.331395934298046632e+05
4.319848903647609986e+05
4.308312713758223108e+05
4.296785787270263536e+05
4.285266730726115638e+05
4.273754319807395805e+05
4.262247485481611802e+05
4.250745301024030196e+05
4.239246969879476819e+05
4.227751814328699838e+05
4.216259264923864393e+05
4.204768850657253060e+05
4.193280189828264993e+05
4.181792981573503930e+05
4.170306998025295325e+05
4.158822077065184712e+05
4.147338115638883319e+05
4.135855063600495923e+05
4.124372918054613401e+05
4.112891718165771454e+05
4.101411540405766573e+05
4.089932494210572913e+05
4.078454718019696302e+05
4.066978375671363901e+05
4.055503653129203012e+05
4.044030755516066565e+05
4.032559904432541225e+05
4.021091335538651911e+05
4.009625296378189232e+05
3.998162044426606153e+05
3.986701845344144385e+05
3.975244971458370565e+05
3.963791700210545096e+05
3.952342313180241035e+05
3.940897094828890986e+05
3.929456331586235319e+05
3.918020311012307648e+05
3.906589321065783151e+05
3.895163649468607036e+05
3.883743583157008979e+05
3.872329407810099656e+05
3.860921407447777456e+05
3.849519864090539049e+05
3.838125057474098285e+05
3.826737264812721405e+05
3.815356760605536983e+05
3.803983816480391542e+05
3.792618701070811367e+05
3.781261679921714240e+05
3.769913015419869917e+05
3.758572966745962622e+05
3.747241789844851592e+05
3.735919737411593087e+05
3.724607058890439803e+05
3.713304000484895660e+05
3.702010805176853901e+05
3.690727712753035594e+05
3.679454959837406641e+05
3.668192779928129166e+05
3.656941403438116540e+05
3.645701057738070376e+05
3.634471967201398220e+05
3.623254353249958367e+05
3.612048434400542174e+05
3.600854426311186398e+05
3.589672541827197419e+05
3.578502991026343079e+05
3.567345981263248832e+05
3.556201717212509247e+05
3.545070400910539320e+05
3.533952231796067790e+05
3.522847406749101356e+05
3.511756120128482580e+05
3.500678563807813334e+05
3.489614927210051101e+05
3.478565397340498748e+05
3.467530158818407217e+05
3.456509393907347112e+05
3.445503282544059330e+05
3.434512002366239903e+05
3.423535728739082697e+05
3.412574634780744091e+05
3.401628891386800678e+05
3.390698667253772728e+05
3.379784128901674994e+05
3.368885440695960424e+05
3.358002764868493541e+05
3.347136261538040126e+05
3.336286088730028132e+05
3.325452402395776007e+05
3.314635356431234395e+05
3.303835102695228998e+05
3.293051791027369909e+05
3.282285569265433587e+05
3.271536583262586500e+05
3.260804976904180367e+05
3.250090892124287784e+05
3.239394468922006199e+05
3.228715845377602382e+05
3.218055157668283209e+05
3.207412540083922213e+05
3.196788125042603351e+05
3.186182043105905177e+05
3.175594422994127381e+05
3.165025391601393349e+05
3.154475074010506505e+05
3.143943593507817714e+05
3.133431071597897680e+05
3.122937628018087707e+05
3.112463380753051606e+05
3.102008446049011545e+05
3.091572938428104389e+05
3.081156970702498220e+05
3.070760653988448903e+05
3.060384097720222198e+05
3.050027409663971630e+05
3.039690695931491209e+05
3.029374060993816238e+05
3.019077607694828184e+05
3.008801437264659908e+05
2.998545649333057227e+05
2.988310341942607192e+05
2.978095611561900005e+05
2.967901553098564036e+05
2.957728259912182111e+05
2.947575823827183922e+05
2.937444335145549849e+05
2.927333882659447845e+05
2.917244553663778352e+05
2.907176433968647616e+05
2.897129607911644853e+05
2.887104158370135119e+05
2.877100166773409001e+05
2.867117713114678045e+05
2.857156875963086495e+05
2.847217732475526282e+05
2.837300358408415341e+05
2.827404828129385132e+05
2.817531214628807502e+05
2.807679589531326201e+05
2.797850023107236484e+05
2.788042584283784381e+05
2.778257340656376909e+05
2.768494358499728842e+05
2.758753702778881416e+05
2.749035437160201254e+05
2.739339624022203498e+05
2.729666324466362130e+05
2.720015598327843472e+05
2.710387504186083097e+05
2.700782099375373218e+05
2.691199439995296998e+05
2.681639580921175657e+05
2.672102575814299053e+05
2.662588477132221451e+05
2.653097336138908286e+05
2.643629202914810739e+05
2.634184126366887940e+05
2.624762154238543590e+05
2.615363333119475574e+05
2.605987708455518004e+05
2.596635324558323191e+05
2.587306224615024403e+05
2.578000450697838678e+05
2.568718043773579411e+05
2.559459043713087449e+05
2.550223489300653455e+05
2.541011418243284570e+05
2.531822867179995228e+05
2.522657871690996981e+05
2.513516466306798393e+05
2.504398684517238871e+05
