5.811686584378535626e+05
5.666248802133502904e+05
5.525112461342627648e+05
5.388354018419755157e+05
5.256042886590084527e+05
5.128240766319126706e+05
5.005000986591650289e+05
4.886367863413869636e+05
4.772376082310512429e+05
4.663050111975105829e+05
4.558403650916491169e+05
4.458439148852558574e+05
4.363147326914346777e+05
4.272506816494769882e+05
4.186483842375680688e+05
4.105031991813138593e+05
4.028092072786865174e+05
3.955592069877610193e+05
3.887447205835303757e+05
3.823560116261945805e+05
3.763821143917723093e+05
3.708108757930112188e+05
3.656290101616332540e+05
3.608221670702398987e+05
3.563750121435820474e+05
3.522713205464361818e+05
3.484940825433428399e+05
3.450256202111835009e+05
3.418477140588994953e+05
3.389417379821771756e+05
3.362888006695412332e+05
3.338698912961983588e+05
3.316660271100060199e+05
3.296584003460453823e+05
3.278285218162226956e+05
3.261583585186301498e+05
3.246304627035835874e+05
3.232280900198908057e+05
3.219353046402949840e+05
3.207370696182346437e+05
3.196193211430156371e+05
3.185690258174575865e+05
3.175742205590853700e+05
3.166240352005051100e+05
3.157086983152989415e+05
3.148195272037668619e+05
3.139489033230833011e+05
3.130902347281730035e+05
3.122379072969109984e+05
3.113872266446780413e+05
3.105343526914682589e+05
3.096762288356800564e+05
3.088105076208063401e+05
3.079354746645918349e+05
3.070499724655234604e+05
3.061533255196269602e+05
3.052452679815558949e+05
3.043258748971530003e+05
3.033954978278940544e+05
3.024547054874334135e+05
3.015042298219908844e+05
3.005449177932208404e+05
2.995776889671591343e+05
2.986034988771758508e+05
2.976233080132693867e+05
2.966380561943396460e+05
2.956486420035597403e+05
2.946559069085916854e+05
2.936606236466903356e+05
2.926634884282051353e+05
2.916651164988529054e+05
2.906660405998048373e+05
2.896667118732295930e+05
2.886675027779737720e+05
2.876687116038399981e+05
2.866705682020258391e+05
2.856732405822856817e+05
2.846768420631025219e+05
2.836814386983530712e+05
2.826870567417516140e+05
2.816936899477651459e+05
2.807013065440458595e+05
2.797098557450295193e+05
2.787192737087370479e+05
2.777294888685765909e+05
2.767404265987674007e+05
2.757520131957489648e+05
2.747641791784643428e+05
2.737768619277023245e+05
2.727900076988551882e+05
2.718035730535384500e+05
2.708175257637843024e+05
2.698318452481171698e+05
2.688465226020331029e+05
2.678615602864880930e+05
2.668769715372476494e+05
2.658927795556549099e+05
2.649090165378189995e+05
2.639257225946777035e+05
2.629429446101562935e+05
2.619607350789056509e+05
2.609791509591454524e+05
2.599982525701143313e+05
2.590181025577281544e+05
2.580387649464126735e+05
2.570603042898043932e+05
2.560827849282209354e+05
2.551062703565206320e+05
2.541308227022709907e+05
2.531565023110053153e+05
2.521833674328096095e+05
2.512114745925834286e+05
2.502408760867567034e+05
2.492716234851769987e+05
2.483037652507675230e+05
2.473373473923847487e+05
2.463724135624375194e+05
2.454090051867572183e+05
2.444471616173775692e+05
2.434869202997486282e+05
2.425283169469110726e+05
2.415713857141899061e+05
2.406161593690550944e+05
2.396626694518481963e+05
2.387109464241014502e+05
2.377610198021170509e+05
2.368129182743498823e+05
2.358666698019021132e+05
2.349223017020988336e+05
2.339798407156683097e+05
2.330393130584936589e+05
2.321007444592416286e+05
2.311641601844126126e+05
2.302295850525084534e+05
2.292970434390795126e+05
2.283665592744125170e+05
2.274381560355699039e+05
2.265118567343757895e+05
2.255876839028075919e+05
2.246656595770944841e+05
2.237458052816261479e+05
2.228281420136094093e+05
2.219126902292007871e+05
2.209994698316791037e+05
2.200885001620444236e+05
2.191797999922779272e+05
2.182733875213612628e+05
2.173692803740384406e+05
2.164674956022023398e+05
2.155680496887227055e+05
2.146709585534629878e+05
2.137762375611992320e+05
2.128839015311446856e+05
2.119939647477496474e+05
2.111064409724808356e+05
2.102213434562777693e+05
2.093386849524128484e+05
2.084584777295150561e+05
2.075807335845474154e+05
2.067054638555517013e+05
2.058326794340299966e+05
2.049623907768476056e+05
2.040946079175799387e+05
2.032293404772656213e+05
2.023665976745346561e+05
2.015063883351218246e+05
2.006487209007776110e+05
1.997936034376235039e+05
1.989410436439855548e+05
1.980910488577648066e+05
1.972436260634068458e+05
1.963987818985185295e+05
1.955565226602014736e+05
1.947168543111481704e+05
1.938797824855567887e+05
1.930453124949097983e+05
1.922134493336488376e+05
1.913841976847863989e+05
1.905575619254771154e+05
1.897335461325636716e+05
1.889121540881178807e+05
1.880933892849794938e+05
1.872772549322987907e+05
1.864637539610830427e+05
1.856528890297357575e+05
1.848446625295977865e+05
1.840390765904622385e+05
1.832361330860723974e+05
1.824358336395794468e+05
1.816381796289613703e+05
1.808431721923835576e+05
1.800508122334992222e+05
1.792611004266843665e+05
1.784740372221907892e+05
1.776896228512236848e+05
1.769078573309323983e+05
1.761287404693159333e+05
1.753522718700377154e+05
1.745784509371540044e+05
1.738072768797527533e+05
1.730387487165045750e+05
1.722728652801298012e+05
1.715096252217820438e+05
1.707490270153471211e+05
1.699910689616723685e+05
1.692357491927124502e+05
1.684830656756051758e+05
1.677330162166800583e+05
1.669855984653947526e+05
1.662408099182086880e+05
1.654986479223931674e+05
1.647591096797771461e+05
1.640221922504349495e+05
1.632878925563142984e+05
1.625562073848026339e+05
1.618271333922402991e+05
1.611006671073728940e+05
1.603768049347496126e+05
1.596555431580615405e+05
1.589368779434268363e+05
1.582208053426194238e+05
1.575073212962404359e+05
1.567964216368349735e+05
1.560881020919563307e+05
1.553823582871675608e+05
1.546791857489984250e+05
1.539785799078411947e+05
1.532805361007937754e+05
1.525850495744534128e+05
1.518921154876523651e+05
1.512017289141456713e+05
1.505138848452472594e+05
1.498285781924136390e+05
1.491458037897784088e+05
1.484655563966418267e+05
1.477878306999047054e+05
1.471126213164621149e+05
1.464399227955474344e+05
1.457697296210303903e+05
1.451020362136712065e+05
1.444368369333304290e+05
1.437741260811352113e+05
1.431138979016036028e+05
1.424561465847262007e+05
1.418008662680052803e+05
1.411480510384577210e+05
1.404976949345726171e+05
1.398497919482332945e+05
1.392043360265996016e+05
1.385613210739494825e+05
1.379207409534892649e+05
1.372825894891200005e+05
1.366468604671697831e+05
1.360135476380928594e+05
1.353826447181281401e+05
1.347541453909274423e+05
1.341280433091446757e+05
1.335043320959962439e+05
1.328830053467808757e+05
1.322640566303742526e+05
1.316474794906827156e+05
1.310332674480734131e+05
1.304214140007629903e+05
1.298119126261839265e+05
1.292047567823128775e+05
1.285999399089729413e+05
1.279974554291045206e+05
1.273972967500043160e+05
1.267994572645366134e+05
1.262039303523199924e+05
1.256107093808758073e+05
1.250197877067566442e+05
1.244311586766450491e+05
1.238448156284239521e+05
1.232607518922191230e+05
1.226789607914191001e+05
1.220994356436641974e+05
1.215221697618130856e+05
1.209471564548836614e+05
1.203743890289657866e+05
1.198038607881146600e+05
1.192355650352149678e+05
1.186694950728251279e+05
1.181056442039939575e+05
1.175440057330586424e+05
1.169845729664176179e+05
1.164273392132802692e+05
1.158722977863971028e+05
1.153194420027657470e+05
1.147687651843179774e+05
1.142202606585848698e+05
1.136739217593409703e+05
1.131297418272283539e+05
1.125877142103630322e+05
1.120478322649178881e+05
1.115100893556909577e+05
1.109744788566518400e+05
1.104409941514715319e+05
1.099096286340320366e+05
1.093803757089215942e+05
