3.999029948256917996e+05
1.341211602733817883e+06
3.214803453424375621e+05
2.905264834857151727e+05
6.332851943579178769e+05
4.362963176348297857e+05
9.509736323967845237e+04
9.538040451528887206e+04
3.146081480112146237e+05
3.176161254933464807e+05
1.288730343752355257e+05
3.877875648439109500e+04
1.307298074131067260e+05
2.245942112714621180e+05
1.815965923663252615e+05
7.190746182808149024e+04
3.513742000268587435e+04
9.280310874389266246e+04
1.366601290228651196e+05
9.810827114698768128e+04
3.336213727614971867e+04
2.213308931996260799e+04
6.033218052628554869e+04
8.226800509233810590e+04
5.726425530344674189e+04
2.150724714434072666e+04
1.977222975766507079e+04
4.551837663520675414e+04
5.636488747451017116e+04
3.748217171793972375e+04
1.742124140801338217e+04
2.127635526497164392e+04
3.680682272141199792e+04
3.764758476709558454e+04
2.222228582717910831e+04
1.213795558619708390e+04
1.828959445936715565e+04
2.642393303958007891e+04
2.172156156605410069e+04
1.131922016477118450e+04
1.012584415452476605e+04
1.684869981175350404e+04
1.852258342258415360e+04
1.229889700361249925e+04
8.252440505097651112e+03
1.150153770034152876e+04
1.463346500779039707e+04
1.159425544099068793e+04
7.455035578851427999e+03
8.247187448658485664e+03
1.080858964241299509e+04
9.598855657583355423e+03
6.400588146093465184e+03
6.150323926851999204e+03
8.015562377535503401e+03
7.737913207660566513e+03
5.613251877362605228e+03
5.214428430455694979e+03
6.514303123453917578e+03
6.513290327563997380e+03
5.064460616335764826e+03
4.657943287030349893e+03
5.473017525173941067e+03
5.416283835243677458e+03
4.362197284037075406e+03
4.071749500699811961e+03
4.589444285143288653e+03
4.452808804092551327e+03
3.716841017696968265e+03
3.600890590999096275e+03
3.951833008792418241e+03
3.759994267613469674e+03
3.266949328298253477e+03
3.276470478043160711e+03
3.467435317307149035e+03
3.217254439916550382e+03
2.892056230004256577e+03
2.945518236038377836e+03
2.989796308452981975e+03
2.728959670312138769e+03
2.551353988856787055e+03
2.616622704751140191e+03
2.566233141816168427e+03
2.354892439228648072e+03
2.290011084739258877e+03
2.326325241787159030e+03
2.219983626365959935e+03
2.077277161533456365e+03
2.066606526783854861e+03
2.046905811133862699e+03
1.923672918572225626e+03
1.845118640185530012e+03
1.840014715988655553e+03
1.776491128085257060e+03
1.679129983659293885e+03
1.647981629430092653e+03
1.624233117546218409e+03
1.547788990361497781e+03
1.490675998881916712e+03
1.472218411008886051e+03
1.424251763427952483e+03
1.359992557791881154e+03
1.329652714440060890e+03
1.299590832732581248e+03
1.243999154013415591e+03
1.202926644866603056e+03
1.178684896027275954e+03
1.137307449080865354e+03
1.093850633710096645e+03
1.068481261596251898e+03
1.038100553463517826e+03
9.979464174087639776e+02
9.693491239502143344e+02
9.445029932978444549e+02
9.100963234149396612e+02
8.800073784276311244e+02
8.572729500557638858e+02
8.287344373855592039e+02
7.996422976672275809e+02
7.776968734268214121e+02
7.539016215913499082e+02
7.273822448881367109e+02
7.059740370330242740e+02
6.853277452657052891e+02
6.616610730518889341e+02
6.409026955823474054e+02
6.222268236070175362e+02
6.012942469124798208e+02
5.816887489775472204e+02
5.645189194912813946e+02
5.460503299216063624e+02
5.279329814824652658e+02
5.120332721272328627e+02
4.956287754754703201e+02
4.790953991249722890e+02
4.643337331048083456e+02
4.495793850003099692e+02
4.345330539295034669e+02
4.208328714400251442e+02
4.074645775452903536e+02
3.938452510974731808e+02
3.812362610453161551e+02
3.691042513940423646e+02
3.568023556667992580e+02
3.452476452401841698e+02
3.342030101105706308e+02
3.230777002172137031e+02
3.125161117419150401e+02
3.024395221133747782e+02
2.923557848561330843e+02
2.827165683267081704e+02
2.735238139062701066e+02
2.643882747141392997e+02
2.556224895713571641e+02
2.472512438813424183e+02
2.389715608448890976e+02
2.310042976879399248e+02
2.233790490100021771e+02
2.158677185546693522e+02
2.086306073103322092e+02
2.016888896258631689e+02
1.948727036994102093e+02
1.883029415317656401e+02
1.819905770565994771e+02
1.758109299871838402e+02
1.698555799433147513e+02
1.641225668968426135e+02
1.585211194243231034e+02
1.531226411942398897e+02
1.479168479029137302e+02
1.428406668034859592e+02
1.379496954286743176e+02
1.332266528956041611e+02
1.286292327061145784e+02
1.242002863110764110e+02
1.199188903414184324e+02
1.157586666858865101e+02
1.117507926832398937e+02
1.078723675769483776e+02
1.041089413261766907e+02
1.004823490795419190e+02
9.697078926347239758e+01
9.356856377765099353e+01
9.028902069629856442e+01
8.711247129067575656e+01
8.403881864603255281e+01
8.107458849450830485e+01
7.820356003534773492e+01
7.542866531621707793e+01
7.275087374971818122e+01
7.015781923144251664e+01
6.765362514956731843e+01
6.523569290780808672e+01
6.289567684160375904e+01
6.063725835660435592e+01
5.845557571977654732e+01
5.634565011012234947e+01
5.430986762195681905e+01
5.234267725212101396e+01
5.044169455896466303e+01
4.860756333103585547e+01
4.683504773562849977e+01
4.512340960271613000e+01
4.347178558620039723e+01
4.187600615847452445e+01
4.033600147947986159e+01
3.884973675436163632e+01
3.741427549004941255e+01
3.602952318198286719e+01
3.469294655417667173e+01
3.340274643358180384e+01
3.215836982558229806e+01
3.095730524537263761e+01
2.979852953728743614e+01
2.868098459012500712e+01
2.760258695236496607e+01
2.656264642630785033e+01
2.555971442066175214e+01
2.459224988513396681e+01
2.365957330512214796e+01
2.276014736646509107e+01
2.189291072921346171e+01
2.105701264427873554e+01
2.025105409056096661e+01
1.947426017993500835e+01
1.872562902175872779e+01
1.800403725916563147e+01
1.730878944261142394e+01
1.663883107978625731e+01
1.599330609106850609e+01
1.537149088239525341e+01
1.477242070103662996e+01
1.419541566911090769e+01
1.363970143605149410e+01
1.310447095509589666e+01
1.258911531577288656e+01
1.209287074927810579e+01
1.161508596307091246e+01
1.115515475438501802e+01
1.071238575381657654e+01
1.028623046816823816e+01
9.876087256693377725e+00
9.481371916644981468e+00
9.101579272742030824e+00
8.736141326521661199e+00
8.384566849109678088e+00
8.046368931174807670e+00
7.721046364114482863e+00
7.408164716967830188e+00
7.107259822602429722e+00
6.817902432139420377e+00
6.539688322857891478e+00
6.272197407665869306e+00
6.015055290731387672e+00
5.767880112161580364e+00
5.530304783239775368e+00
5.301988973824009577e+00
5.082583125046195249e+00
4.871766814235096277e+00
4.669223121273389232e+00
4.474642325970089374e+00
4.287736972328093366e+00
4.108216651322850410e+00
3.935809694200086639e+00
3.770251750468291529e+00
3.611283393792147578e+00
3.458662155325057608e+00
3.312146504135844438e+00
3.171507707292172906e+00
3.036524848122195142e+00
2.906981512493388209e+00
2.782673954487330015e+00
2.663401274275079444e+00
2.548971956746375334e+00
2.439201493122093556e+00
2.333909790867141787e+00
2.232926275005481465e+00
2.136083913103003162e+00
2.043222989837585324e+00
1.954189695325315057e+00
1.868834497056191646e+00
1.787015128354891402e+00
1.708592924925621759e+00
1.633435127383648489e+00
1.561413823674755674e+00
1.492405102158669949e+00
1.426290683783784763e+00
1.362955675986720738e+00
1.302290037825775570e+00
1.244187689981097966e+00
1.188546187954166777e+00
1.135267504001913785e+00
1.084256672524821052e+00
1.035422724508246795e+00
9.886779366768209121e-01
9.439378084264575808e-01
9.011213333059833186e-01
8.601502230642589231e-01
8.209494723685013540e-01
7.834467569764724804e-01
