1.834718036850045435e+06
1.834718115099116461e+06
1.834718108149410924e+06
1.834718083141497569e+06
1.834718185918146279e+06
1.834718085527498741e+06
4.185387007007273287e+07
4.185386982234430313e+07
4.185386993753129989e+07
4.185386983677677810e+07
4.185386963589061052e+07
4.185386978807097673e+07
1.264584907563952293e+05
1.264584917360320687e+05
1.264584880444683949e+05
1.264584923601677001e+05
1.264585067631921265e+05
1.264584940614985680e+05
1.085794246010248899e+05
1.085794209693919111e+05
1.085794180538212240e+05
1.085794233702070051e+05
1.085794319618327281e+05
1.085794248501931434e+05
8.615721833087285631e+04
8.615721140181283408e+04
8.615720960534020560e+04
8.615721493488938722e+04
8.615721825916260423e+04
8.615721623287686089e+04
4.674710970375665056e+04
4.674710118860078364e+04
4.674710153901129524e+04
4.674710492546856403e+04
4.674710253852490132e+04
4.674710612324679096e+04
1.993986757768396274e+04
1.993986381290906502e+04
1.993986565607141529e+04
1.993986505951898653e+04
1.993986350391270753e+04
1.993986616976810910e+04
1.677292752944644599e+04
1.677292644918320366e+04
1.677292824728932464e+04
1.677292645822092891e+04
1.677292693078643788e+04
1.677292748475079861e+04
1.591289627964554893e+04
1.591289635197394091e+04
1.591289794063612680e+04
1.591289587318802842e+04
1.591289748748746570e+04
1.591289686435798467e+04
1.494070243428248978e+04
1.494070334005583572e+04
1.494070465589957530e+04
1.494070253951907398e+04
1.494070500921651546e+04
1.494070349803534009e+04
1.274885270669157217e+04
1.274885452561405509e+04
1.274885532035435972e+04
1.274885343593623838e+04
1.274885669909088756e+04
1.274885432868572025e+04
9.507369817561322634e+03
9.507371720150684268e+03
9.507371758388298986e+03
9.507370745372480087e+03
9.507373515519715511e+03
9.507371532595150711e+03
6.326267696250177323e+03
6.326268401549155897e+03
6.326267981203889576e+03
6.326267929484718479e+03
6.326268476468359950e+03
6.326268517873671954e+03
5.291872592328158134e+03
5.291872178643910047e+03
5.291871696350564889e+03
5.291872106201401948e+03
5.291871152763459577e+03
5.291872528735672859e+03
4.851062485720394761e+03
4.851061674002588916e+03
4.851061373932846436e+03
4.851061732310115985e+03
4.851060496861248794e+03
4.851062085576348181e+03
4.327503544539586983e+03
4.327502548153308453e+03
4.327502304434136022e+03
4.327502676978313502e+03
4.327501645358284804e+03
4.327502949442106001e+03
9.727194194961142784e+03
9.727194735517899971e+03
9.727196699834616084e+03
9.727194004204153316e+03
9.727193092588413492e+03
9.727193880182798239e+03
4.152665580288951787e+03
4.152664834309374783e+03
4.152664934808830367e+03
4.152664833120436015e+03
4.152663860828904035e+03
4.152665046779096883e+03
3.571134575994599800e+03
3.571134170975737106e+03
3.571134155681357697e+03
3.571134055576806077e+03
3.571133689191226495e+03
3.571134196571259054e+03
3.291952313359704021e+03
3.291952488293169154e+03
3.291952357073720123e+03
3.291952169692411644e+03
3.291952442409646210e+03
3.291952281811310513e+03
3.256297334860134470e+03
3.256297633902401230e+03
3.256297476192075010e+03
3.256297272141926896e+03
3.256297641880523770e+03
3.256297363038356252e+03
3.187346073971058104e+03
3.187346535895367197e+03
3.187346383733985022e+03
3.187346117066525039e+03
3.187346720659575112e+03
3.187346210851952947e+03
2.983869171114792152e+03
2.983869805194006403e+03
2.983869637329004945e+03
2.983869332249072158e+03
2.983870149811928968e+03
2.983869392867864917e+03
2.450116873151746859e+03
2.450117711749125192e+03
2.450117528021045473e+03
2.450117188033174898e+03
2.450118342977414613e+03
2.450117219203954392e+03
1.408521639423923716e+03
1.408522203842451290e+03
1.408521976792380428e+03
1.408521882352694547e+03
1.408522958107971135e+03
1.408521809322846366e+03
7.020721729837207022e+03
7.020723714435218426e+03
7.020722524527021051e+03
7.020723383745859792e+03
7.020726754208296370e+03
7.020723831089211671e+03
1.212341848276434803e+03
1.212343318403331295e+03
1.212342947979597511e+03
1.212342668597466172e+03
1.212344645510117971e+03
1.212342789629084564e+03
7.520428621831691771e+02
7.520426911738899207e+02
7.520426748680761193e+02
7.520428762259392670e+02
7.520434181867649386e+02
7.520427698101345868e+02
2.299566002050322595e+02
2.299569146541541045e+02
2.299570568055643207e+02
2.299567222073275161e+02
2.299570847287868673e+02
2.299566541070313974e+02
2.785790673977896859e+01
2.785801794198386716e+01
2.785802691773845652e+01
2.785794793940444336e+01
2.785816672580854103e+01
2.785796514599827134e+01
1.197668348201271993e+00
1.197653335574961453e+00
1.197672406110187104e+00
1.197654236965852270e+00
1.197644914701669450e+00
1.197660269505817388e+00
2.344065136782404885e-02
2.344516540343122291e-02
2.344536872481439715e-02
2.344348267028454474e-02
2.344950658740385663e-02
2.344498754568126453e-02
2.982949561074215231e-03
2.984413564912254124e-03
2.984606815188442248e-03
2.983889211889747921e-03
2.985793616749068957e-03
2.984357817283167340e-03
1.226831691201261091e-06
1.172528853328377468e-06
1.178650643271772678e-06
1.200993452804998287e-06
1.180199014135230891e-06
1.197642087789503180e-06
1.285282904018175452e-07
1.108407012104745653e-07
1.131657309298605758e-07
1.199860066983669605e-07
1.125689885687077442e-07
1.190853223973353741e-07
4.418117890322429161e-09
4.413367009461946877e-09
4.413501858709038784e-09
4.414977482119429392e-09
4.415260622003300939e-09
4.417902037769191293e-09
4.430320365469491929e-09
4.430315089173483930e-09
4.430166441155164423e-09
4.430328635745669162e-09
4.430487668486147222e-09
4.430410516689410238e-09
4.418150379195557473e-09
4.413412370854850604e-09
4.413546564439398012e-09
4.415018521212626868e-09
4.415301356480410293e-09
4.417935441532157388e-09
4.418117955492618863e-09
4.413367123677968042e-09
4.413502030986294858e-09
4.414977545970893020e-09
4.415260701851925588e-09
4.417902183494115967e-09
4.418117890322429161e-09
4.413367009461946877e-09
4.413501858709038784e-09
4.414977482119429392e-09
4.415260622003300939e-09
4.417902037769191293e-09
