7.952216467762597500e+14
7.533852766177262500e+14
7.134852455547092500e+14
6.754681689406095000e+14
6.392385973965053750e+14
6.047121099117197500e+14
5.718153488964698750e+14
5.404794501013070625e+14
5.106358389974505625e+14
4.822155425461293125e+14
4.551523195808961875e+14
4.293862314573163125e+14
4.048649336548310000e+14
3.815422738503023750e+14
3.593761946597626875e+14
3.383276356004705000e+14
3.183603307107923750e+14
2.994407429501385000e+14
2.815372387608745000e+14
2.646188159998277812e+14
2.486540419232776562e+14
2.336099499671488125e+14
2.194508636322967812e+14
2.061379551339995312e+14
1.936301284201720000e+14
1.818857863711672812e+14
1.708642899145125938e+14
1.605265261418022500e+14
1.508350665050011875e+14
1.417544313686027500e+14
1.332513320559793438e+14
1.252945398540574688e+14
1.178544454560113281e+14
1.109026645979113438e+14
1.044118268125500312e+14
9.835545505763106250e+13
9.270790346398581250e+13
8.744435731053726562e+13
8.254082826194764062e+13
7.797412705843209375e+13
7.372188975360929688e+13
6.976266954763778906e+13
6.607602008936963281e+13
6.264256799988941406e+13
5.944412634500466406e+13
5.646377507286910156e+13
5.368579968629369531e+13
5.109557111142284375e+13
4.867951740908635156e+13
4.642512574390529688e+13
4.432080809197300781e+13
4.235567126166961719e+13
4.051937744483127344e+13
3.880214363268656250e+13
3.719478698841697656e+13
3.568875843793306250e+13
3.427615498092363281e+13
3.294969325253854688e+13
3.170265919126034766e+13
3.052888347509475000e+13
2.942275101677837109e+13
2.837920790509118750e+13
2.739373619484929688e+13
2.646228233777586719e+13
2.558115407981395703e+13
2.474694112964932031e+13
2.395648660532102344e+13
2.320686972447014453e+13
2.249537782117571875e+13
2.181949939888327344e+13
2.117694305918442969e+13
2.056564435621611719e+13
1.998374736884993750e+13
1.942957353948260156e+13
1.890158089152603125e+13
1.839832312753287109e+13
1.791842861969866406e+13
1.746060008345039648e+13
1.702361985169754102e+13
1.660635100926440039e+13
1.620773136442573242e+13
1.582676473528710156e+13
1.546251582334116211e+13
1.511410395850147656e+13
1.478069287894484180e+13
1.446148647846171680e+13
1.415573262179387500e+13
1.386272566639940039e+13
1.358180643352238086e+13
1.331236203807250391e+13
1.305382188278301758e+13
1.280565033902264844e+13
1.256734143891523633e+13
1.233841626486394922e+13
1.211842186992073047e+13
1.190693159232471680e+13
1.170354541326631250e+13
1.150788919398794727e+13
1.131961186715594531e+13
1.113838062646285547e+13
1.096387745324969141e+13
1.079579863277616602e+13
1.063385474740159375e+13
1.047777036530785156e+13
1.032728410639964648e+13
1.018214806810875195e+13
1.004212679634762500e+13
9.906996934644849609e+12
9.776546884070406250e+12
9.650575915626013672e+12
9.528893228836041016e+12
9.411317205858197266e+12
9.297674871407722656e+12
9.187801277821541016e+12
9.081538755445552734e+12
8.978736481043029297e+12
8.879250150961375000e+12
8.782941459216096680e+12
8.689677756282393555e+12
8.599331797549435547e+12
8.511781400848042969e+12
8.426909366785904297e+12
8.344603546038975586e+12
8.264756703359714844e+12
8.187266274519268555e+12
8.112034132000542969e+12
8.038966377139002930e+12
7.967973136747589844e+12
7.898968342268706055e+12
7.831869582375624023e+12
7.766597992577790039e+12
7.703078129882087891e+12
7.641237899621541016e+12
7.581008444535918945e+12
7.522323969262989258e+12
7.465121627791018555e+12
7.409341425992871094e+12
7.354926077799849609e+12
7.301820862109884766e+12
7.249973481353925781e+12
7.199333921233324219e+12
7.149854328571998047e+12
7.101488927788639648e+12
7.054193976390995117e+12
7.007927706583780273e+12
6.962650239668330078e+12
6.918323481730273438e+12
6.874911001990083008e+12
6.832377939287251953e+12
6.790690936150927734e+12
6.749818061774128906e+12
6.709728738911582031e+12
6.670393687879111328e+12
6.631784877348994141e+12
6.593875473040964844e+12
6.556639781278238281e+12
6.520053195602855469e+12
6.484092146579512695e+12
6.448734053783394531e+12
6.413957278671272461e+12
6.379741074254468750e+12
6.346065543777206055e+12
6.312911609450564453e+12
6.280260979875199219e+12
6.248096119552869141e+12
6.216400221251424805e+12
6.185157176748027344e+12
6.154351545043926758e+12
6.123968519474120117e+12
6.093993897899780273e+12
6.064414057177931641e+12
6.035215931154518555e+12
6.006386988788253906e+12
5.977915210202230469e+12
5.949789064122651367e+12
5.921997486411341797e+12
5.894529859155110352e+12
5.867375992118766602e+12
5.840526105179408203e+12
5.813970811204927734e+12
5.787701100013627930e+12
5.761708323473582031e+12
5.735984181124358398e+12
5.710520705535653320e+12
5.685310247744280273e+12
5.660345463098689453e+12
5.635619298435141602e+12
5.611124980456214844e+12
5.586856004135791992e+12
5.562806121627267578e+12
5.538969331755130859e+12
5.515339869691774414e+12
5.491912196972455078e+12
5.468680991994296875e+12
5.445641141122162109e+12
5.422787730198862305e+12
5.400116036278438477e+12
5.377621519498048828e+12
5.355299815357612305e+12
5.333146727574964844e+12
