1.675487089918322802e+09
1.120613312721252441e+01
2.056632900238037109e+01
2.988393735885620117e+01
3.919276452064514160e+01
4.850264048576354980e+01
5.783027410507202148e+01
6.714407038688659668e+01
7.647443389892578125e+01
8.584440732002258301e+01
9.537544465065002441e+01
1.053851447105407715e+02
1.163616755008697510e+02
1.268840620517730713e+02
1.376228590011596680e+02
1.486416518688201904e+02
1.596330876350402832e+02
1.704004969596862793e+02
1.810798349380493164e+02
1.920673415660858154e+02
2.024918334484100342e+02
2.134367570877075195e+02
2.243354933261871338e+02
2.351032156944274902e+02
2.456664354801177979e+02
2.564246335029602051e+02
2.672452101707458496e+02
2.779969251155853271e+02
2.887755136489868164e+02
2.995251808166503906e+02
3.101342217922210693e+02
3.207623898983001709e+02
3.315142560005187988e+02
3.423139314651489258e+02
3.532963395118713379e+02
3.639396407604217529e+02
3.746686861515045166e+02
3.856944925785064697e+02
3.965884375572204590e+02
4.074368631839752197e+02
4.184596703052520752e+02
4.288473134040832520e+02
4.384894642829895020e+02
4.481303961277008057e+02
4.577876846790313721e+02
4.674565932750701904e+02
4.770998342037200928e+02
4.867415261268615723e+02
4.963881504535675049e+02
5.060124857425689697e+02
5.156667411327362061e+02
5.253218617439270020e+02
5.349587557315826416e+02
5.445869312286376953e+02
5.542261903285980225e+02
5.638619976043701172e+02
5.734844594001770020e+02
5.831151216030120850e+02
5.927463665008544922e+02
6.023626747131347656e+02
6.119056010246276855e+02
6.211954095363616943e+02
6.304713125228881836e+02
6.417810578346252441e+02
6.547559857368469238e+02
6.640342648029327393e+02
6.733147878646850586e+02
6.825899283885955811e+02
6.943713514804840088e+02
7.078218686580657959e+02
7.212835834026336670e+02
7.347145442962646484e+02
7.481623229980468750e+02
7.616143262386322021e+02
7.748673777580261230e+02
7.883111262321472168e+02
8.017141816616058350e+02
8.149413118362426758e+02
8.257644162178039551e+02
8.350790536403656006e+02
8.447027435302734375e+02
8.540197205543518066e+02
8.634262506961822510e+02
8.728115961551666260e+02
8.821176729202270508e+02
8.914330875873565674e+02
9.007483909130096436e+02
9.100446343421936035e+02
9.193686270713806152e+02
9.286711292266845703e+02
9.379976701736450195e+02
9.473061668872833252e+02
9.566067481040954590e+02
9.658978271484375000e+02
9.751895790100097656e+02
9.885132150650024414e+02
1.001971465110778809e+03
1.012861635446548462e+03
1.022164909124374390e+03
1.031446976661682129e+03
1.040742749214172363e+03
1.050033740282058716e+03
1.059321264266967773e+03
1.068599954843521118e+03
1.081423597812652588e+03
1.094864590883255005e+03
1.108319420337677002e+03
1.121763574600219727e+03
1.135212834119796753e+03
1.146227350711822510e+03
1.155504222154617310e+03
1.164771137475967407e+03
1.174051345586776733e+03
1.183321693897247314e+03
1.192597198724746704e+03
1.201871061801910400e+03
1.211153466701507568e+03
1.220435443162918091e+03
1.229710434913635254e+03
1.238989102840423584e+03
1.248268265724182129e+03
1.257556081771850586e+03
1.266843965053558350e+03
1.276142092704772949e+03
1.285439072608947754e+03
1.294730649709701538e+03
1.304030966997146606e+03
1.313322715044021606e+03
1.322632174253463745e+03
1.331927774906158447e+03
1.341230116844177246e+03
1.350520625352859497e+03
1.359832409381866455e+03
1.369127438068389893e+03
1.378451333999633789e+03
1.387775071620941162e+03
1.397091036081314087e+03
1.406621518373489380e+03
1.420093378305435181e+03
1.433543349981307983e+03
1.447013422727584839e+03
1.460481379747390747e+03
1.471358323335647583e+03
1.480642522811889648e+03
1.489961470603942871e+03
1.499232278585433960e+03
1.512593688964843750e+03
1.526047113418579102e+03
1.536854386568069458e+03
1.546162711381912231e+03
1.555476930618286133e+03
1.564797099590301514e+03
1.574118145227432251e+03
1.583427597522735596e+03
1.592744438886642456e+03
1.602051121950149536e+03
1.611371781349182129e+03
1.620711743354797363e+03
1.630029974460601807e+03
1.639344131708145142e+03
1.648620146274566650e+03
1.657882341623306274e+03
1.667165244817733765e+03
1.676434938430786133e+03
1.685702372312545776e+03
1.694970257043838501e+03
1.708257876157760620e+03
1.721701530218124390e+03
1.735136206626892090e+03
1.748514513254165649e+03
1.761975283145904541e+03
1.775418548583984375e+03
1.788877399921417236e+03
1.802338693380355835e+03
1.815797246456146240e+03
1.829269123792648315e+03
1.842662534952163696e+03
1.856129126548767090e+03
1.869607088327407837e+03
1.883078562974929810e+03
1.896538875579833984e+03
1.909753598213195801e+03
1.923216506242752075e+03
1.936282030820846558e+03
1.947701886415481567e+03
1.956969670057296753e+03
1.966255837917327881e+03
1.975543205976486206e+03
1.984828133821487427e+03
1.994111160993576050e+03
2.003390906333923340e+03
2.012672205448150635e+03
2.021950511455535889e+03
2.031224836349487305e+03
2.040507257223129272e+03
2.049777972221374512e+03
2.059063799142837524e+03
2.068328877210617065e+03
2.077607355356216431e+03
2.086879411935806274e+03
2.096163935184478760e+03
