6.230392214460381250e+14
5.917726151515285000e+14
5.618384995400698125e+14
5.332311113374114375e+14
5.059060282480286875e+14
4.798244752556875000e+14
4.549500354125656875e+14
4.312408228176350625e+14
4.086470812039511875e+14
3.871144032725563125e+14
3.665892777886023750e+14
3.470235042067128125e+14
3.283760117733750625e+14
3.106120589122643750e+14
2.937015247196224375e+14
2.776177086553625000e+14
2.623365283231019375e+14
2.478355912461462188e+14
2.340926539464810312e+14
2.210841864624361562e+14
2.087848311669479375e+14
1.971672705801165000e+14
1.862020462259660000e+14
1.758577724983388750e+14
1.661021925796936875e+14
1.569037237891974062e+14
1.482324999164195000e+14
1.400605014707273438e+14
1.323613387743060156e+14
1.251102172011992812e+14
1.182839550745020781e+14
1.118607276551065781e+14
1.058196361528249531e+14
1.001404596500356875e+14
9.480366988182996875e+13
8.979052216948650000e+13
8.508311035856539062e+13
8.066436593166100000e+13
7.651796212602490625e+13
7.262814936080923438e+13
6.897963160401985156e+13
6.555752076825851562e+13
6.234732365887893750e+13
5.933499093379887500e+13
5.650709607885571094e+13
5.385105237363434375e+13
5.135520918239909375e+13
4.900885483925553906e+13
4.680224475161253906e+13
4.472659588847109375e+13
4.277390710621669531e+13
4.093667384429428906e+13
3.920770020688176562e+13
3.758006419717605469e+13
3.604714888914485156e+13
3.460268624405936719e+13
3.324079962715133594e+13
3.195601079714272656e+13
3.074320762477805078e+13
2.959761816522229297e+13
2.851481407574576562e+13
2.749072611344353906e+13
2.652164809634405859e+13
2.560420400087162891e+13
2.473527713137438281e+13
2.391194975581431250e+13
2.313148419172951562e+13
2.239131213170584766e+13
2.168901154363367578e+13
2.102230044504714062e+13
2.038905295562140234e+13
1.978730583736416797e+13
1.921524887433291406e+13
1.867121147822630078e+13
1.815364114565403516e+13
1.766107516950504297e+13
1.719212332229405859e+13
1.674546555737584766e+13
1.631985364243112109e+13
1.591410887968185547e+13
1.552711391847915625e+13
1.515780494296941406e+13
1.480517200515782031e+13
1.446826170824038672e+13
1.414617563433165234e+13
1.383807060838195117e+13
1.354316175416070312e+13
1.326072090818292188e+13
1.299007216159956055e+13
1.273058890517399023e+13
1.248168899899202148e+13
1.224282795521594727e+13
1.201349454062390625e+13
1.179320854745928711e+13
1.158151903941882617e+13
1.137800333573425977e+13
1.118226645764844922e+13
1.099394058785653906e+13
1.081268331619976758e+13
1.063817382610017969e+13
1.047010970786666016e+13
1.030820592854405469e+13
1.015219362943125391e+13
1.000181827593054102e+13
9.856838281790132812e+12
9.717023583880242188e+12
9.582154580715822266e+12
9.452022281679847656e+12
9.326428409896939453e+12
9.205184550073146484e+12
9.088110987437296875e+12
8.975035830054644531e+12
8.865794532708251953e+12
8.760229417309766602e+12
8.658189059939668945e+12
8.559528060814896484e+12
8.464107000268967773e+12
8.371792157482254883e+12
8.282455239327805664e+12
8.195973039235768555e+12
8.112226961490570312e+12
8.031102850522431641e+12
7.952491012406373047e+12
7.876286066370133789e+12
7.802386750866234375e+12
7.730695821254699219e+12
7.661120010798775391e+12
7.593569957963665039e+12
7.527960053820706055e+12
7.464208331281376953e+12
7.402236388792624023e+12
7.341969296970433594e+12
7.283335543166884766e+12
7.226266914623562500e+12
7.170698291799640625e+12
7.116567492750348633e+12
7.063815148060300781e+12
7.012384567468855469e+12
6.962221641751382812e+12
6.913274751815989258e+12
6.865494655193094727e+12
6.818834359458211914e+12
6.773249013355899414e+12
6.728695827126635742e+12
6.685133978213667969e+12
6.642524500854293945e+12
6.600830175378259766e+12
6.560015412157295898e+12
6.520046163349699219e+12
6.480889858091416016e+12
6.442515326988037109e+12
6.404892732808908203e+12
6.367993516390458008e+12
6.331790344693657227e+12
6.296257055787170898e+12
6.261368602432662109e+12
6.227101001414608398e+12
6.193431284469145508e+12
6.160337449135011719e+12
6.127798411160502930e+12
6.095793955851563477e+12
6.064304699228754883e+12
6.033312058493893555e+12
6.002798219903589844e+12
5.972746107410528320e+12
5.943139353408600586e+12
5.913962268606904297e+12
5.885199811591649414e+12
5.856837559414046875e+12
5.828861681694707031e+12
5.801258917749581055e+12
5.774016555574631836e+12
5.747122409898311523e+12
5.720564797959561523e+12
5.694332517151958984e+12
5.668414824315208984e+12
5.642801415567090820e+12
5.617482408047013672e+12
5.592448322443026367e+12
5.567690066179910156e+12
5.543198917817189453e+12
5.518966512353091797e+12
5.494984826775754883e+12
5.471246165343804688e+12
5.447743145045450195e+12
5.424468681433956055e+12
5.401415975741363281e+12
5.378578503278119141e+12
5.355950001955650391e+12
5.333524461284721680e+12
5.311296111917712891e+12
5.289259415434740234e+12
5.267409054529883789e+12
5.245739923651886719e+12
5.224247120216175781e+12
5.202925936283712891e+12
5.181771850563623047e+12
5.160780520568962891e+12
5.139947775101657227e+12
5.119269607226136719e+12
