2.956669897172659375e+14
2.790015094812160625e+14
2.629990373616564688e+14
2.476599804042282500e+14
2.329631731811342500e+14
2.188930759284724688e+14
2.054405651943734062e+14
1.925972568704198125e+14
1.803527937487374062e+14
1.686944222895094062e+14
1.576097791347817188e+14
1.470882911485208438e+14
1.371199285880793281e+14
1.276932184268939219e+14
1.187941841344582188e+14
1.104066136690322812e+14
1.025127781061540000e+14
9.509404118127885938e+13
8.813128086794637500e+13
8.160523081456296875e+13
7.549671450792173438e+13
6.978647801481203125e+13
6.445476874105659375e+13
5.948122275324138281e+13
5.484534586749682812e+13
5.052732127276383594e+13
4.650859534279250781e+13
4.277198805034741406e+13
3.930152876848834375e+13
3.608232803982389844e+13
3.310053255625237500e+13
3.034314557550117969e+13
2.779764464916479297e+13
2.545164364015483594e+13
2.329285011574675000e+13
2.130927676541933984e+13
1.948945279398203906e+13
1.782247905192332031e+13
1.629797691372954688e+13
1.490603137903648047e+13
1.363713331250806641e+13
1.248208837616318164e+13
1.143195005921379102e+13
1.047806889589081055e+13
9.612237876841511719e+12
8.826810965418792969e+12
8.114732811358513672e+12
7.469543320584929688e+12
6.885415368442543945e+12
6.357168155311311523e+12
5.880168234202113281e+12
5.450147869535865234e+12
5.063066723432239258e+12
4.715086212582542969e+12
4.402608186412674805e+12
4.122302969911565918e+12
3.871108533341013672e+12
3.646215261146365234e+12
3.445039215534777832e+12
3.265190970581214355e+12
3.104467397811577637e+12
2.960873934380103516e+12
2.832639099049324707e+12
2.718187120792034668e+12
2.616089890952392090e+12
2.525041592460928223e+12
2.443858666274518066e+12
2.371474460766796875e+12
2.306919548989470703e+12
2.249308807305810547e+12
2.197846151050806396e+12
2.151833258069559814e+12
2.110669221821319336e+12
2.073840871390395264e+12
2.040904227901944336e+12
2.011457826241912354e+12
1.985119759338156006e+12
1.961522050929606445e+12
1.940318200276468262e+12
1.921188549893872070e+12
1.903839420352621826e+12
1.888003271679904785e+12
1.873441124955190186e+12
1.859941564292398438e+12
1.847316613868085693e+12
1.835400136411138184e+12
1.824048981693922363e+12
1.813142657916867920e+12
1.802581095372830078e+12
1.792282563338185059e+12
1.782181071697738281e+12
1.772222555719221436e+12
1.762362202805705078e+12
1.752564046285025146e+12
1.742800451808776123e+12
1.733050435559325928e+12
1.723298684714266357e+12
1.713535545820523682e+12
1.703756011368306885e+12
1.693957808352271484e+12
1.684140706302848389e+12
1.674307176283885986e+12
1.664462667705364502e+12
1.654614953947826416e+12
1.644773146951639893e+12
1.634946668684488770e+12
1.625144595795593750e+12
1.615375918420878906e+12
1.605650120932433838e+12
1.595977030745206055e+12
1.586366182083578613e+12
1.576826514686392090e+12
1.567366197974988037e+12
1.557992086378884766e+12
1.548709198383323486e+12
1.539520730686500244e+12
1.530428439520247559e+12
1.521433076436753174e+12
1.512534743952313232e+12
1.503733006687466309e+12
1.495026809165895752e+12
1.486414534842798584e+12
1.477894233456797607e+12
1.469463707960736084e+12
1.461120448300203369e+12
1.452861654832955322e+12
1.444684351290519531e+12
1.436585462124423828e+12
1.428561893380605713e+12
1.420610645200656738e+12
1.412728879480467285e+12
1.404913941620114746e+12
1.397163373952019531e+12
1.389474890453853760e+12
1.381846333793352539e+12
1.374275691927941895e+12
1.366761147773569580e+12
1.359301092475540771e+12
1.351894122196165527e+12
1.344539038747606201e+12
1.337234819948462158e+12
1.329980572439667236e+12
1.322775513460386475e+12
1.315618971216538574e+12
1.308510375657154541e+12
1.301449242349054932e+12
1.294435149971214111e+12
1.287467714867885742e+12
1.280546582958273438e+12
1.273671433894099854e+12
1.266841974291874756e+12
1.260057928398448975e+12
1.253319040705197021e+12
1.246625076258367432e+12
1.239975809712116211e+12
1.233371014726507568e+12
1.226810458465742188e+12
1.220293898582025879e+12
1.213821082217842041e+12
1.207391742928199219e+12
1.201005596202429932e+12
1.194662342252359375e+12
1.188361673835397217e+12
1.182103279035845703e+12
1.175886840128509766e+12
1.169712033791257568e+12
1.163578531443788818e+12
1.157485999437988037e+12
1.151434100716036621e+12
1.145422496848402588e+12
1.139450850177213867e+12
1.133518826042397949e+12
1.127626092778177002e+12
1.121772319926762451e+12
1.115957177515678711e+12
1.110180336000447510e+12
1.104441465848201172e+12
1.098740237756786255e+12
1.093076323251921143e+12
1.087449394836975586e+12
1.081859126339534302e+12
1.076305193502231079e+12
1.070787274252704224e+12
1.065305048866046997e+12
1.059858199940797974e+12
1.054446412100827637e+12
1.049069372056986694e+12
1.043726768887953003e+12
1.038418293931730957e+12
1.033143640651791748e+12
1.027902504747738037e+12
1.022694584143773438e+12
1.017519578881897217e+12
1.012377191120497437e+12
1.007267125210111572e+12
1.002189087852585815e+12
9.971427881696313477e+11
9.921279375527705078e+11
9.871442496035715332e+11
9.821914402654663086e+11
