5.542351147432875000e+14
2.789434528941555312e+14
1.347601412360515000e+14
8.081980518531467188e+13
7.366075573721671875e+13
8.321603639797028125e+13
9.426392305344984375e+13
1.001849724015699219e+14
9.842064100783406250e+13
8.916685973562475000e+13
7.527734074145451562e+13
6.057637966258095312e+13
4.776860223362043750e+13
3.790559430139342969e+13
3.107603463883535156e+13
2.708492554414568359e+13
2.556478146409810547e+13
2.577554206890862891e+13
2.659204443931157422e+13
2.688889453236724219e+13
2.601790827314709766e+13
2.393907242910834375e+13
2.099356017298119922e+13
1.766058146930564453e+13
1.450388888286692578e+13
1.209853903313813086e+13
1.075634415588603711e+13
1.028799057928159180e+13
1.013976182278338867e+13
9.819622311618396484e+12
9.183916192985632812e+12
8.378051472517038086e+12
7.604623242935521484e+12
6.961881943622438477e+12
6.418203591322298828e+12
5.876488057825577148e+12
5.270053493414353516e+12
4.627735933192031250e+12
4.057869582156638672e+12
3.662482707580824219e+12
3.458457480777377930e+12
3.372103718301473145e+12
3.294785673408205566e+12
3.139794192116324707e+12
2.875601625873166992e+12
2.540738789120317383e+12
2.224239880619757812e+12
2.004842358445797119e+12
1.898751469474561279e+12
1.863062438118959473e+12
1.834474466692391113e+12
1.762155816963513428e+12
1.629409579898255615e+12
1.464004094981373047e+12
1.318580838225511963e+12
1.227328676331155273e+12
1.182189931040423584e+12
1.150575162789660889e+12
1.106291371375209473e+12
1.041604371543730957e+12
9.636003517837471924e+11
8.893448741013566895e+11
8.359310353716000977e+11
8.039797518480832520e+11
7.765469064508370361e+11
7.410152395122818604e+11
7.019879031162327881e+11
6.677482262413107910e+11
6.383687605055479736e+11
6.114534986466534424e+11
5.862108529153604736e+11
5.607899897999102783e+11
5.349722210573426514e+11
5.123546198324315796e+11
4.946714780684644165e+11
4.789792674541145630e+11
4.623169962923378906e+11
4.447698692134537354e+11
4.278771460839365234e+11
4.127497405161651001e+11
3.994706093476748047e+11
3.873119034591293945e+11
3.756417313472068481e+11
3.642200141696340332e+11
3.526952290376719360e+11
3.410947466772916260e+11
3.305192975057001343e+11
3.219299546905122681e+11
3.146630889737243042e+11
3.070717493765730591e+11
2.983422192475625610e+11
2.892200232971364746e+11
2.810160636591175537e+11
2.743748121261578674e+11
2.689453010670926514e+11
2.636892954487420654e+11
2.577336357276384583e+11
2.511124352870419312e+11
2.444861529549664307e+11
2.385270085626810608e+11
2.335512832818341675e+11
2.292624776941400452e+11
2.250250564789492493e+11
2.204786445451454163e+11
2.157145713887387695e+11
2.110492707960578918e+11
2.067663713849300842e+11
2.029083848342804260e+11
1.992740937484997253e+11
1.956934026347690735e+11
1.921801796589506531e+11
1.887527315493111267e+11
1.853612768671653442e+11
1.820336270564953003e+11
1.788628752582797852e+11
1.758851735053928833e+11
1.730702274323358765e+11
1.703506159096134033e+11
1.676581058491587219e+11
1.649940325540831909e+11
1.624027686789129639e+11
1.599150781122039185e+11
1.575448237279897461e+11
1.552678460809992371e+11
1.530384972294631348e+11
1.508505439662231445e+11
1.487339585915292358e+11
1.467015293451317749e+11
1.447337865463456421e+11
1.428143218319458008e+11
1.409468114758238831e+11
1.391363456488662415e+11
1.373795250452509918e+11
1.356709416837229614e+11
1.340103976242935486e+11
1.324008811038796844e+11
1.308412355484832306e+11
1.293293628862768250e+11
1.278614997252308502e+11
1.264295474694558868e+11
1.250295815813875732e+11
1.236641239788976135e+11
1.223381645116874084e+11
1.210574319855404510e+11
1.198194265720169525e+11
1.186127147207386932e+11
1.174294992695210571e+11
1.162712017512896576e+11
1.151440932836381683e+11
1.140519188500376282e+11
1.129926747953049316e+11
1.119612152894539185e+11
1.109537830763132172e+11
1.099691995883451385e+11
1.090081373295129700e+11
1.080727201811277313e+11
1.071621562987458801e+11
1.062746155712946930e+11
1.054091467386916199e+11
1.045643456234515228e+11
1.037389303549963837e+11
1.029326555134282532e+11
1.021454273460283356e+11
1.013773763371350250e+11
1.006280406469580383e+11
9.989597550611772156e+10
9.918007064787754822e+10
9.848003180679988098e+10
9.779583945199211121e+10
9.712716240091519165e+10
9.647330856303735352e+10
9.583365912712382507e+10
9.520791313232952881e+10
9.459567191506285095e+10
9.399640070069174194e+10
9.340972121350003052e+10
9.283521061391412354e+10
9.227250133698902893e+10
9.172136198719889832e+10
9.118141406928912354e+10
9.065224748368679810e+10
9.013349167153027344e+10
8.962480627911485291e+10
8.912596130501805115e+10
8.863668936041992188e+10
8.815669515151635742e+10
8.768568646947570801e+10
8.722333667902882385e+10
8.676937854780914307e+10
8.632362700125331116e+10
8.588584893695353699e+10
8.545575941840187073e+10
8.503311857032458496e+10
8.461772431523266602e+10
8.420938320234541321e+10
8.380788550047908020e+10
8.341301666778512573e+10
8.302458285612001038e+10
8.264239464240905762e+10
8.226626188851849365e+10
8.189601636409352112e+10
8.153150925128402710e+10
8.117257470945227051e+10
8.081904394995724487e+10
8.047075154239329529e+10
8.012754822391253662e+10
7.978929273440307617e+10
7.945585333846803284e+10
7.912710308857572937e+10
7.880290601714776611e+10
7.848312650614927673e+10
7.816763846883563232e+10
7.785632773728930664e+10
7.754908435216197205e+10
7.724579952888240051e+10
7.694636529676174927e+10
7.665067391285302734e+10
7.635862394221633911e+10
7.607014523460160828e+10
7.578512511069091797e+10
7.550346646487873840e+10
7.522509204502212524e+10
7.494995062209986877e+10
7.467791377539387512e+10
7.440890174003376770e+10
7.414282867260711670e+10
7.387963420027398682e+10
7.361923798735552979e+10
7.336157148742285156e+10
7.310656754307423401e+10
7.285415939449459839e+10
7.260428273113851929e+10
7.235687574610076904e+10
7.211187886618209839e+10
7.186923492175386047e+10
7.162888819840483093e+10
7.139078420094265747e+10
7.115487018642362976e+10
7.092109502783511353e+10
7.068940944446952820e+10
7.045976616230651855e+10
7.023211910792291260e+10
7.000642346452790833e+10
6.978263565720283508e+10
6.956071344999661255e+10
6.934061621277038574e+10
6.912230462184362793e+10
6.890574053210610962e+10
6.869088693402243805e+10
6.847770779529293823e+10
6.826616825126837158e+10
6.805623454168131256e+10
6.784787397447184753e+10
6.764105491476580811e+10
6.743574662336240387e+10
6.723191925471273804e+10
6.702954385769788361e+10
6.682859238949476624e+10
6.662903766237893677e+10
6.643085330047663879e+10
6.623401372103700256e+10
6.603849408718815613e+10
6.584427028089590454e+10
6.565131890982928467e+10
6.545961728671253204e+10
6.526914338231888580e+10
6.507987579961652374e+10
6.489179376941007996e+10
6.470487712675678253e+10
6.451910629084913635e+10
6.433446224146746063e+10
6.415092649836396027e+10
6.396848111690891266e+10
6.378710865436072540e+10
6.360679215198799133e+10
6.342751512958912659e+10
6.324926157700139618e+10
6.307201592852409363e+10
6.289576304076164246e+10
6.272048819012721252e+10
6.254617705636949158e+10
6.237281570236910248e+10
6.220039057009321594e+10
6.202888846555966187e+10
6.185829654881289673e+10
6.168860232052851868e+10
6.151979360902108002e+10
6.135185856168872833e+10
6.118478563351181793e+10
6.101856357745005035e+10
6.085318143570916748e+10
6.068862853041307068e+10
6.052489445388217926e+10
6.036196905821913147e+10
6.019984244805207825e+10
6.003850497358605957e+10
5.987794722252683258e+10
5.971816001111279297e+10
5.955913437657785034e+10
5.940086157145930481e+10
5.924333305696179199e+10
5.908654049509716034e+10
5.893047574300713348e+10
5.877513084654841614e+10
5.862049803416445923e+10
5.846656971136332703e+10
5.831333845487036133e+10
5.816079700691888428e+10
5.800893827064736938e+10
5.785775530512049866e+10
5.770724132052547455e+10
5.755738967337020874e+10
5.740819386183817291e+10
5.725964752164123535e+10
5.711174442163432312e+10
5.696447845959922028e+10
5.681784365826997375e+10
5.667183416165804291e+10
5.652644423143119812e+10
5.638166824339216614e+10
5.623750068422266388e+10
5.609393614805283356e+10
5.595096933308562469e+10
5.580859503843659210e+10
5.566680816132917786e+10
5.552560369431852722e+10
5.538497672244293976e+10
5.524492242039529419e+10
5.510543604992121887e+10
5.496651295737642670e+10
5.482814857136164856e+10
5.469033840036972809e+10
5.455307803041748047e+10
5.441636312283895111e+10
5.428018941229615021e+10
5.414455270476867676e+10
5.400944887545959473e+10
5.387487386684719849e+10
5.374082368692905426e+10
5.360729440750622559e+10
5.347428216232454681e+10
5.334178314532630157e+10
5.320979360911688995e+10
5.307830986353162384e+10
5.294732827411368561e+10
5.281684526056474304e+10
5.268685445626900482e+10
5.255735807354551697e+10
5.242834983802082062e+10
5.229982637228426361e+10
5.217178434646942139e+10
5.204422047709496307e+10
5.191713152594225311e+10
5.179051429890204620e+10
5.166436564486170197e+10
5.153868245468150330e+10
5.141346166020208740e+10
5.128870023326741791e+10
5.116439518476617432e+10
5.104054356369676208e+10
5.091714245627088928e+10
5.079418898506831360e+10
5.067168030819490051e+10
5.054961361842170715e+10
5.042798614236338043e+10
5.030679513985179138e+10
5.018603790337189484e+10
5.006571175715946198e+10
4.994581405623942566e+10
4.982634218587050629e+10
4.970729356119041443e+10
4.958866562662812805e+10
4.947045585498860931e+10
4.935266174672911072e+10
4.923528082965294647e+10
4.911831065851511383e+10
4.900174881428798676e+10
4.888559290345690155e+10
4.876984055766390228e+10
4.865448943338301086e+10
4.853953721131763458e+10
4.842498159579539490e+10
4.831082031440408325e+10
4.819705111767934418e+10
4.808367177860511017e+10
4.797068009210083008e+10
4.785807387467071533e+10
4.774585096410381317e+10
4.763400921905249786e+10
4.752254651859446716e+10
4.741146076189075470e+10
4.730074986790331268e+10
4.719041177504003906e+10
4.708044444077874756e+10
4.697084584134977722e+10
4.686161397146687317e+10
4.675274684402202606e+10
4.664424248975890350e+10
4.653609895697561646e+10
4.642831431127391052e+10
4.632088663529386139e+10
4.621381402843190002e+10
4.610709460656958771e+10
4.600072650182797241e+10
4.589470786234321594e+10
4.578903685201592255e+10
4.568371165026505280e+10
4.557873045180580902e+10
4.547409146643901062e+10
4.536979291883296204e+10
4.526583304830343628e+10
4.516221014981459808e+10
4.505892248045298767e+10
4.495596829000805664e+10
4.485334587436352539e+10
4.475105354307810974e+10
4.464908961920261383e+10
4.454745243910115051e+10
4.444614035227709961e+10
4.434515172120106506e+10
4.424448492114348602e+10
4.414413836105444336e+10
4.404411042157929993e+10
4.394439951346479034e+10
4.384500406156849670e+10
4.374592250279421997e+10
4.364715328594153595e+10
4.354869487152558136e+10
4.345054573161984253e+10
4.335270434975057220e+10
4.325516922079528046e+10
4.315793885084568024e+10
4.306101175704287720e+10
4.296438646743463135e+10
4.286806152088179016e+10
4.277203546696251678e+10
4.267630686583773041e+10
4.258087428810929871e+10
4.248573631470563507e+10
4.239089153679800415e+10
4.229633855569342041e+10
4.220207598271203613e+10
4.210810243906835938e+10
4.201441655577851868e+10
4.192101697357374573e+10
4.182790234279114532e+10
4.173507132326718140e+10
4.164252258423904419e+10
4.155025480426183319e+10
4.145826667111842346e+10
4.136655688171844482e+10
4.127512414200546265e+10
4.118396716687392426e+10
4.109308468008453369e+10
4.100247541417776489e+10
4.091213811038615417e+10
4.082207151855065155e+10
4.073227439704138947e+10
4.064274551268212891e+10
4.055348364066638947e+10
4.046448756447676849e+10
4.037575607581282806e+10
4.028728797451535034e+10
4.019908206849220276e+10
4.011113717364424133e+10
4.002345211379184723e+10
3.993602572060496521e+10
3.984885683353384399e+10
3.976194429974029541e+10
3.967528697402761841e+10
3.958888371877506256e+10
3.950273340386937714e+10
3.941683490664302826e+10
3.933118711180725861e+10
3.924578891138845825e+10
3.916063920466594696e+10
3.907573689811072540e+10
3.899108090532147217e+10
3.890667014696920013e+10
3.882250355073104858e+10
3.873858005124642181e+10
3.865489859004013824e+10
3.857145811545747375e+10
3.848825758263419342e+10
3.840529595342893219e+10
3.832257219636698914e+10
3.824008528658544922e+10
3.815783420578042603e+10
3.807581794215042114e+10
3.799403549034850311e+10
3.791248585142493439e+10
3.783116803277828217e+10
3.775008104810361481e+10
3.766922391734227753e+10
3.758859566663120270e+10
3.750819532825357056e+10
3.742802194059050751e+10
3.734807454807235718e+10
3.726835220113016510e+10
3.718885395614865875e+10
