1.743483287209576500e+15
1.266203637422989500e+15
9.202031150142042500e+14
6.732848322892935000e+14
4.958597311558952500e+14
3.659371470446510625e+14
2.711295468390322812e+14
2.041021205269234688e+14
1.583084060307317500e+14
1.281390867382885781e+14
1.102112622272210000e+14
1.026609224407336562e+14
1.032245371698632812e+14
1.083978523610073281e+14
1.144152761389334531e+14
1.187416895951115312e+14
1.203701769697396094e+14
1.190707087599647656e+14
1.148047149271642031e+14
1.077520984756220000e+14
9.848054744428682812e+13
8.785746779140229688e+13
7.680211347450089062e+13
6.610919912728171094e+13
5.639858569036860156e+13
4.809692824394408594e+13
4.138281092091535156e+13
3.614459055275469531e+13
3.205398794945289453e+13
2.876388148980381641e+13
2.606216078573746094e+13
2.385378920104205469e+13
2.207240974812551172e+13
2.066779786879237109e+13
1.962754339460144922e+13
1.892542194497930859e+13
1.844365331629502344e+13
1.798582027003610938e+13
1.737913047409267188e+13
1.656713419144166406e+13
1.561482645751574219e+13
1.462638118466826953e+13
1.365454139286168945e+13
1.268684821823069336e+13
1.169575471381839062e+13
1.067718256147867188e+13
9.659784577985037109e+12
8.701410057319884766e+12
7.868269272600303711e+12
7.207502556587320312e+12
6.734275316501290039e+12
6.430822222769434570e+12
6.247575285987579102e+12
6.114621474093752930e+12
5.972336315523781250e+12
5.795409555307551758e+12
5.584541994649032227e+12
5.349756602426173828e+12
5.109937280992637695e+12
4.888091786654952148e+12
4.693266391758536133e+12
4.517240118583572266e+12
4.349909045793943848e+12
4.188295257764024902e+12
4.033822909604218750e+12
3.887142552600604980e+12
3.745408357115240723e+12
3.605286994501315430e+12
3.467819537181185547e+12
3.338844899910617676e+12
3.225397395191327637e+12
3.130815271959634277e+12
3.053209929324321777e+12
2.988094887125583984e+12
2.931004618396828613e+12
2.878536800631361816e+12
2.828440262049470703e+12
2.778928949125533203e+12
2.727495736788516602e+12
2.671937671525270020e+12
2.612824418972466309e+12
2.552977238192083496e+12
2.494751447361248047e+12
2.439206374440349609e+12
2.386848396867398926e+12
2.337611708697096680e+12
2.291279901591502930e+12
2.248532070584182617e+12
2.210378760523594727e+12
2.177055780297719727e+12
2.147994773173290771e+12
2.122007973425198975e+12
2.097281118379969482e+12
2.071837618134460693e+12
2.044351355418345215e+12
2.014695808610366455e+12
1.983613955640760742e+12
1.952032558384762695e+12
1.920797483029197998e+12
1.890635466782276123e+12
1.862203620886458984e+12
1.836021404213063721e+12
1.812271145629088623e+12
1.790704867609335693e+12
1.770656664115915527e+12
1.751268435857472168e+12
1.731820143582958008e+12
1.711922712248592773e+12
1.691559750661781006e+12
1.670975890229149902e+12
1.650444589217875000e+12
1.630168995038071533e+12
1.610329152289315186e+12
1.591080896030551514e+12
1.572489868830691406e+12
1.554537284221453125e+12
1.537174341019823730e+12
1.520319855509930908e+12
1.503861267789891846e+12
1.487692812708004150e+12
1.471722210877627441e+12
1.455891018409660400e+12
1.440205571829462402e+12
1.424707548612807373e+12
1.409441277531436523e+12
1.394443623963185303e+12
1.379723544735401123e+12
1.365258269460139648e+12
1.351004381952651611e+12
1.336946313450831299e+12
1.323102412785733887e+12
1.309489181055174072e+12
1.296119109216423096e+12
1.282990225158581299e+12
1.270081901821680420e+12
1.257365342020441162e+12
1.244813249228261475e+12
1.232405000354753418e+12
1.220134608999480225e+12
1.208005191243137939e+12
1.196024191492532959e+12
1.184206355404097900e+12
1.172564776566851318e+12
1.161105731895641113e+12
1.149822414807475830e+12
1.138693166148257080e+12
1.127705417628475342e+12
1.116852581352968018e+12
1.106132745987829590e+12
1.095545069766466431e+12
1.085088689594072144e+12
1.074762156129390625e+12
1.064563285850024414e+12
1.054490573673847900e+12
1.044543070393252808e+12
1.034718746204178223e+12
1.025014457650834595e+12
1.015427215478869507e+12
1.005955321485492188e+12
9.965975469914110107e+11
9.873517031932651367e+11
9.782156545411134033e+11
9.691878510862550049e+11
9.602671117281516113e+11
9.514521157385511475e+11
9.427412886904304199e+11
9.341318031555308838e+11
9.256213589048940430e+11
9.172081868497586670e+11
9.088911799894458008e+11
9.006694655947772217e+11
8.925421689512017822e+11
8.845092425279045410e+11
8.765684838630555420e+11
8.687185168948073730e+11
8.609579415171905518e+11
8.532851610592843018e+11
8.456986090272094727e+11
8.381969454630219727e+11
8.307790286429592285e+11
8.234438164431406250e+11
8.161903288423502197e+11
8.090175657954100342e+11
8.019245112994635010e+11
7.949116295118391113e+11
7.879773153739650879e+11
7.811198450995080566e+11
7.743381531170073242e+11
7.676311524567849121e+11
7.609978250809423828e+11
7.544372203993409424e+11
7.479483880940521240e+11
7.415303987562531738e+11
7.351824120386248779e+11
7.289036564577768555e+11
7.226933555087532959e+11
7.165506831503129883e+11
7.104752969763836670e+11
7.044698153079852295e+11
6.985294251845229492e+11
6.926533340398776855e+11
6.868407806096953125e+11
6.810911492466770020e+11
6.754035228819743652e+11
6.697771739739726562e+11
6.642113823236938477e+11
6.587054379337719727e+11
6.532604224944970703e+11
6.478754788341257324e+11
6.425482607928968506e+11
6.372781043003157959e+11
6.320643480181939697e+11
6.269063356175360107e+11
6.218034199239888916e+11
6.167549627390146484e+11
6.117603363040600586e+11
6.068189221957773438e+11
6.019301106739127197e+11
5.970933061787437744e+11
5.923079244509899902e+11
5.875733878720106201e+11
5.828891232542001953e+11
5.782545599359367676e+11
5.736691328510111084e+11
5.691322869206896973e+11
5.646434756340134277e+11
5.602021599507601318e+11
5.558078074857630615e+11
5.514598929777259521e+11
5.471578988495008545e+11
5.429013143732406616e+11
5.386896340862808228e+11
5.345226915194875488e+11
5.303998690101198120e+11
5.263204498878345337e+11
5.222839523942259521e+11
5.182899007722642212e+11
5.143378253564104004e+11
5.104272625267119751e+11
5.065577543713966064e+11
5.027288478134469604e+11
4.989400946010651245e+11
4.951910518519111328e+11
4.914812820257997437e+11
4.878103529966058960e+11
4.841778379875236206e+11
4.805833151975328979e+11
4.770277389933875732e+11
4.735093578132772827e+11
4.700277265665531616e+11
4.665824156367055054e+11
4.631730231035087280e+11
4.597991550231878052e+11
4.564604222957335815e+11
4.531564404604297485e+11
4.498868294809279785e+11
4.466512137095362549e+11
4.434492218742180786e+11
4.402806828631704712e+11
4.371450522084588013e+11
4.340419507399832153e+11
4.309710236156918945e+11
4.279319208185402832e+11
4.249242959258518066e+11
4.219478049480682983e+11
4.190021089861267700e+11
4.160868729601359863e+11
4.132017655324093018e+11
4.103464590625482178e+11
4.075206428756477661e+11
4.047239878200316162e+11
4.019561880482108154e+11
3.992169339091814575e+11
3.965058958982767334e+11
3.938227676738096313e+11
3.911672463123233643e+11
3.885390322649125977e+11
3.859378293001988525e+11
3.833633444543436279e+11
3.808152879968172607e+11
3.782933733950739136e+11
3.757973172735927124e+11
3.733268393702797241e+11
3.708816625009352417e+11
3.684615125264434814e+11
3.660661183150071411e+11
3.636952117076088257e+11
3.613485274821871338e+11
3.590258033153176270e+11
3.567267797528776245e+11
3.544512001800238647e+11
3.521988107879950562e+11
3.499693605420482178e+11
3.477626011500984497e+11
3.455782870321791382e+11
3.434161752871412964e+11
3.412760256619572144e+11
3.391576005236720581e+11
3.370606648299852295e+11
3.349849860992843018e+11
3.329303343812973022e+11
3.308964822285216675e+11
3.288832046693001099e+11
3.268906945935048828e+11
3.249186282181597900e+11
3.229664640110828247e+11
3.210339863384400635e+11
3.191209819422233276e+11
3.172272399173073120e+11
3.153525516858358765e+11
3.134967109688843994e+11
3.116595137571502075e+11
3.098407582813294678e+11
3.080402449822675781e+11
3.062577764821932983e+11
3.044931575579719238e+11
3.027461963758547974e+11
3.010167096842206421e+11
2.993044993592871094e+11
2.976093785626189575e+11
2.959311625005379639e+11
2.942696684004089966e+11
2.926247154853595581e+11
2.909961249494768066e+11
2.893837199347069702e+11
2.877873255091154785e+11
2.862068173892714233e+11
2.846420136520963135e+11
2.830927051586104126e+11
2.815587559694215088e+11
2.800401045551143799e+11
2.785364487361967773e+11
2.770476263800899048e+11
2.755734774703732910e+11
2.741138437147239685e+11
2.726685682501269836e+11
2.712374957568863220e+11
2.698204727466994629e+11
2.684173476236644287e+11
2.670279704634908142e+11
2.656521928065576782e+11
2.642898676909052124e+11
2.629408498203488770e+11
2.616049956181147461e+11
2.602821631003720093e+11
2.589722117348369141e+11
2.576750024381649170e+11
2.563903976690413208e+11
2.551182614651111145e+11
2.538584593684816284e+11
2.526108583313700562e+11
2.513753267017017822e+11
2.501517342724197998e+11
2.489399523029391479e+11
2.477398534721323242e+11
2.465513118143050537e+11
2.453742027013980408e+11
2.442084028662785339e+11
2.430537904120214844e+11
2.419102447800276184e+11
2.407776467059035950e+11
2.396558782028677673e+11
2.385448225704579468e+11
2.374443643964591675e+11
2.363543895333818970e+11
2.352747850695213318e+11
2.342054347974409180e+11
2.331462373119233704e+11
2.320970789064873047e+11
2.310578517280797119e+11
2.300284494370144653e+11
2.290087677568525696e+11
2.279987059217123108e+11
2.269981706150624695e+11
2.260070865395383911e+11
2.250254255124159546e+11
2.240532868603193359e+11
2.230911222917022095e+11
2.221403715897875977e+11
2.212052610196344604e+11
2.202979288729078064e+11
2.194523975994721985e+11
2.187599966554477234e+11
2.184246644624708252e+11
2.186866849370348816e+11
2.189425023022481995e+11
2.172293266108248596e+11
2.142039022612720642e+11
2.136006075576091003e+11
2.141020410005842590e+11
2.122790567553090210e+11
2.105277375015922241e+11
2.107477149524170227e+11
2.097552894881791992e+11
2.080141665952492981e+11
2.078561497403346863e+11
2.071106656760377808e+11
2.055967841038083496e+11
2.052484823592860107e+11
2.045332258502734375e+11
2.032344004952210999e+11
2.027990847200165405e+11
2.020585697696533203e+11
2.009345755089965210e+11
2.004517180326153259e+11
1.996856589113841248e+11
1.986999214617320251e+11
1.981826489901550903e+11
1.974064038406644897e+11
1.965276702943887024e+11
1.959820235567269287e+11
1.952117814613174438e+11
1.944136937026191406e+11
1.938455836703706665e+11
1.930931769925982056e+11
1.923545071643041687e+11
1.917708538104319153e+11
1.910429379999426575e+11
1.903476928179461975e+11
1.897556216602706604e+11
1.890547157537961426e+11
1.883916413401358643e+11
1.877975087427325134e+11
1.871234780511803894e+11
1.864851229099689941e+11
1.858939777847507324e+11
1.852453182790890808e+11
1.846270019149820862e+11
1.840424953845673523e+11
1.834172047611692810e+11
1.828161041141907654e+11
1.822406573276743164e+11
1.816367177638440247e+11
1.810511703022322388e+11
1.804862485980916443e+11
1.799018452931696167e+11
1.793308753953339844e+11
1.787772647444734497e+11
1.782108439011291199e+11
1.776538608159575806e+11
1.771118949778505249e+11
1.765621421546064453e+11
1.760187604189752808e+11
1.754884940049451599e+11
1.749542865949652405e+11
1.744242248830650940e+11
1.739055581510004578e+11
1.733859158409745178e+11
1.728689310300989075e+11
1.723616895839255676e+11
1.718557314535018616e+11
1.713515836250616760e+11
1.708555782343066711e+11
1.703625035674226990e+11
1.698709265475429077e+11
1.693859834115563660e+11
1.689050625315567627e+11
1.684257429637752686e+11
1.679517151968990784e+11
1.674822944423491821e+11
1.670148598598496399e+11
1.665516218685202332e+11
1.660931357187532043e+11
1.656371541397984009e+11
1.651845819710195618e+11
1.647365648527075500e+11
1.642915598188486938e+11
1.638495070738913269e+11
1.634116052396793213e+11
1.629771080446970825e+11
1.625454441484821777e+11
1.621175758750838623e+11
1.616936286386091919e+11
1.612734960857262878e+11
1.608593246706533813e+11
1.604562429482966003e+11
1.600772647648280334e+11
1.597604798878876343e+11
1.596111678014302979e+11
1.598992143158371582e+11
1.611736344786072083e+11
1.637661033314571533e+11
1.652263413993158264e+11
1.612202940646950989e+11
1.568677364403537598e+11
1.589780311937133789e+11
1.603000986156560059e+11
1.564867577393644409e+11
1.561147852290744324e+11
1.579471889245306396e+11
1.554543034293020020e+11
1.546166914804792480e+11
1.559698953354528198e+11
1.540832859661116333e+11
1.534738255804164429e+11
1.543034303987054138e+11
1.527128253108567810e+11
1.524427568673780518e+11
1.527991639832213440e+11
1.514573064961607056e+11
