7.851097350127627000e+15
6.591152793991490000e+15
5.507376135790572000e+15
4.589179572297393000e+15
3.818153226909578000e+15
3.173100494099186500e+15
2.634429054241450500e+15
2.185708585984248250e+15
1.814127641378145750e+15
1.509426972868274750e+15
1.262631199632215250e+15
1.065361878496766125e+15
9.096926481134201250e+14
7.882854169414148750e+14
6.944935447092377500e+14
6.223142770740147500e+14
5.663476883111261250e+14
5.219023454027331875e+14
4.852103348823767500e+14
4.535873890550747500e+14
4.254069881568735625e+14
3.998890016171786250e+14
3.767752263389729375e+14
3.560012107010458125e+14
3.374477989157017500e+14
3.208336564300256250e+14
3.057363951344571875e+14
2.916683399233506875e+14
2.781730180519443750e+14
2.649250168859917500e+14
2.517998798909454062e+14
2.388828930539558750e+14
2.264137227110105312e+14
2.146733607337757188e+14
2.038605807006485625e+14
1.940239152871909062e+14
1.850688065358375938e+14
1.768106929501517500e+14
1.690320627883571875e+14
1.615399439278625625e+14
1.542115392799036875e+14
1.470052136746210000e+14
1.399351897862634844e+14
1.330388354274784531e+14
1.263631108457760938e+14
1.199624445290732500e+14
1.138924458819676719e+14
1.082021510834568281e+14
1.029258372513505312e+14
9.808328790696875000e+13
9.368107109652523438e+13
8.971259970041889062e+13
8.613385910625771875e+13
8.290542901738165625e+13
7.999248245564265625e+13
7.736498755826496875e+13
7.498511089842189062e+13
7.281293095856946875e+13
7.081509706176989062e+13
6.896155637979467969e+13
6.722451839349446094e+13
6.558023088493081250e+13
6.400486910002385938e+13
6.247246679040636719e+13
6.096292534664957812e+13
5.946414497168727344e+13
5.796859872825838281e+13
5.647560024515558594e+13
5.499228142691332031e+13
5.353117436934445312e+13
5.210617928210102344e+13
5.073082939295322656e+13
4.941592549824626562e+13
4.816751963208830469e+13
4.698629566466737500e+13
4.586862154291209375e+13
4.480889488284057031e+13
4.380135454906009375e+13
4.283980398711458594e+13
4.191711256741188281e+13
4.102607264273573438e+13
4.016304120782511719e+13
3.932392160954341406e+13
3.850649582472189062e+13
3.771100868385400781e+13
3.693680380863214844e+13
3.618389062577033594e+13
3.545105320574336719e+13
3.473723211907006641e+13
3.404270704706341406e+13
3.336739128242877344e+13
3.271188532267187891e+13
3.207692304979579297e+13
3.146195240184425000e+13
3.086595685897819531e+13
3.028755413913429688e+13
2.972504153819524219e+13
2.917731267051797266e+13
2.864349951939085156e+13
2.812310216737558984e+13
2.761580336976921875e+13
2.712123146443474609e+13
2.665995536345673438e+13
2.618867027389397266e+13
2.572833166928745312e+13
2.527881966010828906e+13
2.484019990441506250e+13
2.441249295910775000e+13
2.399560110384916406e+13
2.358918826470533203e+13
2.319282010233722656e+13
2.280595257854074219e+13
2.242824055687866406e+13
2.205935531691348828e+13
2.169910897616802344e+13
2.134734358447245703e+13
2.100382740171555859e+13
2.066831839179330469e+13
2.034054119251571094e+13
2.002020734001841406e+13
1.970703645142916406e+13
1.940075428666903906e+13
1.910594622068338672e+13
1.881269645815357031e+13
1.852569873933255078e+13
1.824487663869075391e+13
1.797014089060339844e+13
1.770137476506026172e+13
1.743844813509011914e+13
1.718125204671390039e+13
1.692963609169321875e+13
1.668344781471565625e+13
1.644254183765175391e+13
1.620676652488205273e+13
1.597596758851104102e+13
1.574998714773274805e+13
1.552867266362905664e+13
1.531187876598644531e+13
1.509947587389436719e+13
1.489134889317808203e+13
1.468739140761627539e+13
1.448749935278878516e+13
1.429157134123184180e+13
1.409951935290006836e+13
1.391126830187056445e+13
1.372673717891890234e+13
1.354585569868549414e+13
1.336853275912014258e+13
1.319467990867495117e+13
1.302426999775406445e+13
1.285724270631406250e+13
1.269346690625282031e+13
1.253286690668143750e+13
1.237530146109380078e+13
1.222069861367671680e+13
1.206898890511018945e+13
1.192010455343081250e+13
1.177397979548019531e+13
1.163055023964477930e+13
1.148975551104651758e+13
1.135153127194046875e+13
1.121581779453312305e+13
1.108255588168745898e+13
1.095168741669661719e+13
1.082315651878232812e+13
1.069690945615506445e+13
1.057291497993201172e+13
1.045111630131670508e+13
1.033144640791518750e+13
1.021385682180808594e+13
1.009830046736697656e+13
9.984731976741873047e+12
9.873107462027542969e+12
9.763383982268917969e+12
9.655521985418828125e+12
9.549479210018666016e+12
9.445212595726039062e+12
9.342682433278339844e+12
9.241850209779236328e+12
9.142678578689679688e+12
9.045131357755691406e+12
8.949173458387445312e+12
8.854770743616197266e+12
8.761889920076507812e+12
8.670498525250416016e+12
8.580564901277658203e+12
8.492058112785992188e+12
8.404947898095169922e+12
8.319204661011569336e+12
8.234799486401637695e+12
8.151704195563953125e+12
8.069891368091496094e+12
7.989337771178269531e+12
7.910013875289987305e+12
7.831894288085535156e+12
7.754954238615021484e+12
7.679169640554251953e+12
7.604516845571494141e+12
7.530972815337520508e+12
7.458515099953190430e+12
7.387121804138854492e+12
7.316771576538432617e+12
7.247443585294965820e+12
7.179117488957313477e+12
7.111773422900405273e+12
7.045391992095395508e+12
6.979954278568241211e+12
6.915442538813502930e+12
6.851839100554949219e+12
6.789125848206008789e+12
6.727286675132658203e+12
6.666307600115664062e+12
6.606180053063092773e+12
6.546908108296031250e+12
6.488524506693382812e+12
6.431129229024938477e+12
6.374878290317839844e+12
6.319665099052880859e+12
6.264279435208791992e+12
6.208068116127685547e+12
6.153392530097553711e+12
6.101173949326121094e+12
6.048713390077483398e+12
5.995721654800886719e+12
5.944771007794456055e+12
5.894778842968503906e+12
5.844130387636366211e+12
5.794765066141967773e+12
5.746633973263779297e+12
5.698128077468118164e+12
5.650526158739550781e+12
5.604077575478098633e+12
5.557492699144054688e+12
5.511651981741563477e+12
5.466808092729195312e+12
5.421989095436052734e+12
5.377837602710115234e+12
5.334535197965621094e+12
5.291366830933921875e+12
5.248816145286915039e+12
5.206995352258148438e+12
5.165383983070432617e+12
5.124346833044863281e+12
5.083949312102816406e+12
5.043812937588940430e+12
5.004206974062347656e+12
4.965173622276654297e+12
4.926435674587598633e+12
4.888186443199520508e+12
4.850459970351220703e+12
4.813050330902344727e+12
4.776090628193755859e+12
4.739614394575022461e+12
4.703467349952718750e+12
4.667735314033113281e+12
4.632454662659292969e+12
4.597509411882050781e+12
4.562948535619722656e+12
4.528810844853245117e+12
4.495010658032538086e+12
4.461568689001927734e+12
4.428523739402833008e+12
4.395815452504494141e+12
4.363443758971756836e+12
4.331444030225033691e+12
4.299777630970526367e+12
4.268430654825247070e+12
4.237431549901958496e+12
4.206759887461641113e+12
4.176394589308894043e+12
4.146354506108522461e+12
4.116633190263009277e+12
4.087209058817077148e+12
4.058091178052028809e+12
4.029280550836414062e+12
4.000758930657995605e+12
3.972525060608235840e+12
3.944584780309706055e+12
3.916926499820760254e+12
3.889542717694485840e+12
3.862437941057570801e+12
3.835607869826762207e+12
3.809044397408262695e+12
3.782751891393887207e+12
3.756741127287566895e+12
3.731034461239388672e+12
3.705706861189068848e+12
3.680923114284290527e+12
3.656854557588980469e+12
3.632935355085918457e+12
3.607644171367920898e+12
3.581631165737983887e+12
3.557811736947288086e+12
3.535061027898731934e+12
3.510681089850294922e+12
3.486542073970739746e+12
3.464215798044021484e+12
3.441209308056165039e+12
3.417712668351261719e+12
3.395681812665674316e+12
3.373527857560770020e+12
3.350840775240746094e+12
3.329249484242136230e+12
3.307734285301738770e+12
3.285819875856782227e+12
3.264745890994950684e+12
3.243795988325484375e+12
3.222594675952441406e+12
3.202058921855717773e+12
3.181648048326339844e+12
3.161107805499466309e+12
3.141106936922278320e+12
3.121224792264898926e+12
3.101302413021104492e+12
3.081823055624740723e+12
3.062460813694348633e+12
3.043119414263489746e+12
3.024146613081674316e+12
3.005294691870854980e+12
2.986503155890618652e+12
2.968022606017803223e+12
2.949669412254788574e+12
2.931400817855036133e+12
2.913398894793041992e+12
2.895531374039058105e+12
2.877762427625875977e+12
2.860225813346241699e+12
2.842829879747494141e+12
2.825540367464918457e+12
2.808456096557273926e+12
2.791517096307148438e+12
2.774689032953559570e+12
2.758044501967958984e+12
2.741547805740151367e+12
2.725164948138217773e+12
2.708947983273083984e+12
2.692879429521809570e+12
2.676926809803662109e+12
2.661125304056787109e+12
2.645470715394822754e+12
2.629934027328167969e+12
2.614536441124590820e+12
2.599282409977804199e+12
2.584148090995167969e+12
2.569143325033175293e+12
2.554277163143495605e+12
2.539532127618286621e+12
2.524909454785213379e+12
2.510419248920756348e+12
2.496050770108791504e+12
2.481799685294409668e+12
2.467674420252854492e+12
2.453670345566593750e+12
2.439780529133861328e+12
2.426009974246525879e+12
2.412358448355364746e+12
2.398819282096651367e+12
2.385393705007621094e+12
2.372083745833977051e+12
2.358884691692293457e+12
2.345794824349324219e+12
2.332816302306562012e+12
2.319946931075497559e+12
2.307183609747131836e+12
2.294527210825966309e+12
2.281977458248092285e+12
2.269531460943516113e+12
2.257188447146211914e+12
2.244948843329660156e+12
2.232810896827875000e+12
2.220772834690387207e+12
2.208834683196038086e+12
2.196995860785411133e+12
2.185254746970006836e+12
2.173611007170940186e+12
2.162065794741989014e+12
2.150621770970287354e+12
2.139288306991157715e+12
2.128094842662072021e+12
2.117119636844383789e+12
2.106550299971611328e+12
2.096634617893267090e+12
2.087075096625144043e+12
2.075858588555064697e+12
2.062891918877904785e+12
2.051920308571171143e+12
2.042905010341193359e+12
2.031975798193863281e+12
2.020273487146923340e+12
2.010832934672417480e+12
2.000948529174989990e+12
1.989713896075769775e+12
1.980050393250346680e+12
1.970519674888257568e+12
1.959827543215736572e+12
1.950234656627549316e+12
1.940859645594091309e+12
1.930620849318384521e+12
1.921217868690801514e+12
1.911963511679953125e+12
1.902109626102902588e+12
1.892925358626464600e+12
1.883800739769934814e+12
1.874287997268154297e+12
1.865317864609152100e+12
1.856342366299800537e+12
1.847138757529202393e+12
1.838370240367891113e+12
1.829562753221676758e+12
1.820641296732619873e+12
1.812063486129734863e+12
1.803438359979250977e+12
1.794775336936884521e+12
1.786381239541714844e+12
1.777947150464922852e+12
1.769522142816155029e+12
1.761307975039495605e+12
1.753068513893237061e+12
1.744864624991925049e+12
1.736828337847295654e+12
1.728783260507036133e+12
1.720786969325395508e+12
1.712927059524536865e+12
1.705073604412357422e+12
1.697274224554462158e+12
1.689589038345505371e+12
1.681923037464522461e+12
1.674312067327033936e+12
1.666799515939629639e+12
1.659316205918290527e+12
1.651886859451176514e+12
1.644544629854666992e+12
1.637239586121455811e+12
1.629987327889623779e+12
1.622815145079898193e+12
1.615689124465050293e+12
1.608621151562538574e+12
1.601642110592683838e+12
1.594746427672605225e+12
1.587976403403760986e+12
1.581420630436304443e+12
1.575157757905241455e+12
1.569153137745839355e+12
1.562981224847614990e+12
1.555784221484959473e+12
1.547862867769210693e+12
1.540826271487813721e+12
1.535072756918322510e+12
1.529131881256905518e+12
1.522091728228115967e+12
1.515136205104695312e+12
1.509233713346158691e+12
1.503386214225182861e+12
1.496761665201602051e+12
1.490244897611739014e+12
1.484470171398624756e+12
1.478598740287526855e+12
1.472229363480603271e+12
1.466140116164131836e+12
1.460497570496381348e+12
1.454622098128004395e+12
1.448536149366794189e+12
1.442789869372145020e+12
1.437223967330170166e+12
1.431429822283335205e+12
1.425643300399928223e+12
1.420134504860973145e+12
1.414636360420649902e+12
1.409000663652925781e+12
1.403484186436539795e+12
1.398136361078788818e+12
1.392735458887506104e+12
1.387299118012588379e+12
1.382000963418707031e+12
1.376781961658234863e+12
1.371515797870746826e+12
1.366279792654192627e+12
1.361157132417556152e+12
1.356065354550229980e+12
1.350954988279816406e+12
1.345902667892496338e+12
1.340931491649312012e+12
1.335974433517147461e+12
1.331025123358051025e+12
1.326138005152419189e+12
1.321308104898574463e+12
1.316491762652611084e+12
1.311699160712849854e+12
1.306963399974059326e+12
1.302271069241252930e+12
1.297596664403482666e+12
1.292953459244246826e+12
1.288359933918804443e+12
1.283803025052036865e+12
1.279268488896204346e+12
1.274767404156010254e+12
1.270309941572520508e+12
1.265886062643440918e+12
1.261487559623867676e+12
1.257122311778718506e+12
