1.675463275865375519e+09
1.099748492240905762e+01
2.302076196670532227e+01
3.475709843635559082e+01
4.639634990692138672e+01
5.725566649436950684e+01
6.784918117523193359e+01
7.846183514595031738e+01
8.906561875343322754e+01
9.980393600463867188e+01
1.104234721660614014e+02
1.210312242507934570e+02
1.316239912509918213e+02
1.422612521648406982e+02
1.529613001346588135e+02
1.636216437816619873e+02
1.742440626621246338e+02
1.848404605388641357e+02
1.954366173744201660e+02
2.060314941406250000e+02
2.166214914321899414e+02
2.272320511341094971e+02
2.378617470264434814e+02
2.484422152042388916e+02
2.591232156753540039e+02
2.696853418350219727e+02
2.802736260890960693e+02
2.908432166576385498e+02
3.014294521808624268e+02
3.120249893665313721e+02
3.226024193763732910e+02
3.331809673309326172e+02
3.437323310375213623e+02
3.542987024784088135e+02
3.648618383407592773e+02
3.754185736179351807e+02
3.864131269454956055e+02
4.012198760509490967e+02
4.137439155578613281e+02
4.281524043083190918e+02
4.394715495109558105e+02
4.500157153606414795e+02
4.604605007171630859e+02
4.706146130561828613e+02
4.807583026885986328e+02
4.909176368713378906e+02
5.010482666492462158e+02
5.112006959915161133e+02
5.213250284194946289e+02
5.314454762935638428e+02
5.415676059722900391e+02
5.516985340118408203e+02
5.618081102371215820e+02
5.719128832817077637e+02
5.820364303588867188e+02
5.921818025112152100e+02
6.023089544773101807e+02
6.124445185661315918e+02
6.225722689628601074e+02
6.327039034366607666e+02
6.428321149349212646e+02
6.561066148281097412e+02
6.703694283962249756e+02
6.846230199337005615e+02
6.988784754276275635e+02
7.130261056423187256e+02
7.272828204631805420e+02
7.415578722953796387e+02
7.558106269836425781e+02
7.700056531429290771e+02
7.839402213096618652e+02
7.981387078762054443e+02
8.123884422779083252e+02
8.266527886390686035e+02
8.408385291099548340e+02
8.550923755168914795e+02
8.693434913158416748e+02
8.835776071548461914e+02
8.977772061824798584e+02
9.114898545742034912e+02
9.255933351516723633e+02
9.369195864200592041e+02
9.470633857250213623e+02
9.572738044261932373e+02
9.674045751094818115e+02
9.775359063148498535e+02
9.876559774875640869e+02
9.977801339626312256e+02
1.007953959226608276e+03
1.018080888509750366e+03
1.028218645811080933e+03
1.038342685461044312e+03
1.048460883378982544e+03
1.058578530311584473e+03
1.068695603132247925e+03
1.078812028884887695e+03
1.091479340076446533e+03
1.103999158143997192e+03
1.114145348787307739e+03
1.124252977848052979e+03
1.134378130435943604e+03
1.144561640977859497e+03
1.154682178974151611e+03
1.164817344188690186e+03
1.174946056604385376e+03
1.185091864347457886e+03
1.195272821426391602e+03
1.205434021234512329e+03
1.215592900514602661e+03
1.225801285505294800e+03
1.239496080875396729e+03
1.251753951311111450e+03
1.262047064065933228e+03
1.272179644823074341e+03
1.282309974670410156e+03
1.292439595937728882e+03
1.302587529420852661e+03
1.312719229221343994e+03
1.322921580791473389e+03
1.333176532268524170e+03
1.343332107067108154e+03
1.353494366645812988e+03
1.363706249475479126e+03
1.373861050844192505e+03
1.384016718149185181e+03
1.394146662473678589e+03
1.406103356599807739e+03
1.417101711750030518e+03
1.427277074098587036e+03
1.437510520458221436e+03
1.447647891521453857e+03
1.457820931911468506e+03
1.467936197042465210e+03
1.478085745096206665e+03
1.488294008493423462e+03
1.498526273012161255e+03
1.508665685176849365e+03
1.519078037738800049e+03
1.529208618879318237e+03
1.539393786907196045e+03
1.551374738216400146e+03
1.563082463026046753e+03
1.573277341365814209e+03
1.584121083498001099e+03
1.594263057470321655e+03
1.604398702383041382e+03
1.614544121503829956e+03
1.624677515029907227e+03
1.636527397394180298e+03
1.647472317218780518e+03
1.657633999586105347e+03
1.667821262598037720e+03
1.678046106100082397e+03
1.688228308200836182e+03
1.698367501020431519e+03
1.708541640996932983e+03
1.718691131830215454e+03
1.728868861675262451e+03
1.739079912662506104e+03
1.749253422737121582e+03
1.759489899396896362e+03
1.769652630329132080e+03
1.779815132141113281e+03
1.790021324396133423e+03
1.800199290752410889e+03
1.810373346805572510e+03
1.820574888229370117e+03
1.830761899948120117e+03
1.840938252449035645e+03
1.851121062278747559e+03
1.861298922300338745e+03
1.871547671556472778e+03
1.881711352586746216e+03
1.891868098497390747e+03
1.902064266681671143e+03
1.912218680381774902e+03
1.922371843576431274e+03
1.932556427001953125e+03
1.942753424167633057e+03
1.952927906513214111e+03
1.963378674745559692e+03
1.973563099861145020e+03
1.983710239887237549e+03
1.993861311197280884e+03
2.004044926643371582e+03
2.015039651155471802e+03
2.026095350742340088e+03
2.036254174947738647e+03
2.046448825836181641e+03
2.056606334209442139e+03
2.066870965480804443e+03
2.077131109952926636e+03
2.087277619123458862e+03
2.097446055412292480e+03
2.107609871864318848e+03
2.119182082891464233e+03
2.129991138219833374e+03
2.140119069337844849e+03
2.150230694770812988e+03
2.160376564264297485e+03
2.170511661052703857e+03
