2.104546757851985938e+14
1.894455046498887188e+14
1.704330512087770625e+14
1.533503264115482812e+14
1.380676675513204219e+14
1.244386040579361719e+14
1.123176670079773594e+14
1.015561430946505938e+14
9.199937078770087500e+13
8.349460145680935938e+13
7.590163375698357812e+13
6.910045407850223438e+13
6.299331328417051562e+13
5.750202777095351562e+13
5.256350961812240625e+13
4.812559409586560938e+13
4.414371652447317188e+13
4.057808560396269531e+13
3.739111828997387500e+13
3.454565879862018359e+13
3.200454571606377734e+13
2.973147761834571875e+13
2.769250482906501172e+13
2.585741220814512109e+13
2.420063374308805078e+13
2.270164951596155859e+13
2.134481543648510547e+13
2.011842533256873047e+13
1.901310739941741016e+13
1.802018715641615234e+13
1.713068319328683203e+13
1.633511407242865234e+13
1.562377536934024805e+13
1.498705804267543359e+13
1.441567764506285938e+13
1.390087461138354102e+13
1.343454351168726367e+13
1.300928467777054883e+13
1.261854105849584180e+13
1.225685901715700391e+13
1.192008407905926367e+13
1.160529879954622852e+13
1.131050746799740039e+13
1.103429010477995703e+13
1.077558664380021289e+13
1.053352740109215430e+13
1.030722533500916406e+13
1.009562209917466016e+13
9.897510181040556641e+12
9.711692595804541016e+12
9.537120153541824219e+12
9.372932503512658203e+12
9.218417285363701172e+12
9.072895379793763672e+12
8.935587325304484375e+12
8.805563645211484375e+12
8.681834323117541992e+12
8.563508617537970703e+12
8.449875588663978516e+12
8.340351475203045898e+12
8.234371181270547852e+12
8.131311462947507812e+12
8.030488981775073242e+12
7.931237366299646484e+12
7.833021933246419922e+12
7.735506076797000977e+12
7.638523117974656250e+12
7.542005664118014648e+12
7.445941989670238281e+12
7.350370849583081055e+12
7.255381013624466797e+12
7.161097553194137695e+12
7.067665333953694336e+12
6.975231552746973633e+12
6.883929282375521484e+12
6.793872094982974609e+12
6.705157603198935547e+12
6.617866237792919922e+12
6.532054828245211914e+12
6.447756386282992188e+12
6.364983543801051758e+12
6.283726660646392578e+12
6.203947927798979492e+12
6.125580533478293945e+12
6.048535538581620117e+12
5.972713612179159180e+12
5.898021432876070312e+12
5.824386028406648438e+12
5.751757982222235352e+12
5.680105517552331055e+12
5.609408287137036133e+12
5.539652721105785156e+12
5.470826722067800781e+12
5.402915307941884766e+12
5.335899387882791992e+12
5.269756873717201172e+12
5.204464770573773438e+12
5.140002486107196289e+12
5.076354450173162109e+12
5.013510663639465820e+12
4.951466250031824219e+12
4.890219952923241211e+12
4.829770604375843750e+12
4.770113439298240234e+12
4.711239051256185547e+12
4.653134814588324219e+12
4.595786848816770508e+12
4.539181359715577148e+12
4.483304852855666016e+12
4.428143356651435547e+12
4.373682313920018555e+12
4.319907725547231445e+12
4.266807190880563965e+12
4.214369933454036133e+12
4.162586303964043945e+12
4.111447319267720215e+12
4.060944517096739746e+12
4.011070139408052734e+12
3.961817242496582520e+12
3.913179396215225586e+12
3.865150356920211426e+12
3.817723887056500488e+12
3.770893467591254883e+12
3.724652038035854492e+12
3.678992080049971191e+12
3.633905956403061523e+12
3.589386290209828125e+12
3.545426249265269531e+12
3.502019592468715332e+12
3.459160494202560547e+12
3.416843369028879883e+12
3.375062699452449219e+12
3.333812788056225586e+12
3.293087556598643555e+12
3.252880521873608398e+12
3.213184949031816895e+12
3.173994115617342285e+12
3.135301528855319336e+12
3.097100972064350098e+12
3.059386445421243652e+12
3.022152108339586426e+12
2.985392215902421387e+12
2.949101065408683594e+12
2.913272979904172363e+12
2.877902306783976074e+12
2.842983420024087402e+12
2.808510732197091309e+12
2.774478701257440918e+12
2.740881834100519531e+12
2.707714698337296875e+12
2.674971921557006348e+12
2.642648176170611816e+12
2.610738173133708496e+12
2.579236665698717773e+12
2.548138458519222656e+12
2.517438418833904297e+12
2.487131477557871582e+12
2.457212624507947266e+12
2.427676912377756348e+12
2.398519462418645508e+12
2.369735462337272461e+12
2.341320161906582031e+12
2.313268867864312500e+12
2.285576939431183594e+12
2.258239786108095215e+12
2.231252864580412598e+12
2.204611675933335938e+12
2.178311766718150879e+12
2.152348730622957031e+12
2.126718209342576416e+12
2.101415894617894775e+12
2.076437529171375977e+12
2.051778906157779297e+12
2.027435868058099121e+12
2.003404304396712158e+12
1.979680150122633789e+12
1.956259386158369629e+12
1.933138040028367188e+12
1.910312186051809082e+12
1.887777945864333984e+12
1.865531488710148682e+12
1.843569031346469482e+12
1.821886837119157959e+12
1.800481214378687744e+12
1.779348515812722412e+12
1.758485138607555176e+12
1.737887524143068359e+12
1.717552157397264404e+12
1.697475566422989258e+12
1.677654322140424805e+12
1.658085038506964111e+12
1.638764372367584717e+12
1.619689022864074707e+12
1.600855731010258545e+12
1.582261279435967041e+12
1.563902492064129395e+12
1.545776233619500244e+12
1.527879408935243164e+12
1.510208962410500732e+12
1.492761877672645508e+12
