3.241555331537654623e+07
3.229861336252125353e+07
3.218476222018164024e+07
3.207405198484180868e+07
3.196651848682926595e+07
3.186217844229093939e+07
3.176102627786407620e+07
3.166303069142121077e+07
3.156813111229837686e+07
3.147623437911650911e+07
3.138721216034808382e+07
3.130089986506117508e+07
3.121709793524938822e+07
3.113557632867105305e+07
3.105608255120563880e+07
3.097835277614809200e+07
3.090212464226072282e+07
3.082714969802597165e+07
3.075320352143711597e+07
3.068009228333682939e+07
3.060765554504393414e+07
3.053576591142399609e+07
3.046432654664744437e+07
3.039326753879022971e+07
3.032254185810752213e+07
3.025212137031459436e+07
3.018199313897427544e+07
3.011215610584201664e+07
3.004261816164468974e+07
2.997339358828673139e+07
2.990450084598865733e+07
2.983596068145825714e+07
2.976779453817109019e+07
2.970002325367851928e+07
2.963266603046244010e+07
2.956573966628447175e+07
2.949925802778485417e+07
2.943323174794337153e+07
2.936766812453490123e+07
2.930257119342054427e+07
2.923794194780154899e+07
2.917377867272293568e+07
2.911007736332469434e+07
2.904683219569285959e+07
2.898403602066644281e+07
2.892168085352696478e+07
2.885975833599960431e+07
2.879826354034570232e+07
2.873718175682178885e+07
2.867650913810999691e+07
2.861623932108438760e+07
2.855636695407396182e+07
2.849688775345873088e+07
2.843779849482649565e+07
2.837909694847282022e+07
2.832078177074881643e+07
2.826285236362619698e+07
2.820530871490661055e+07
2.814815123084596545e+07
2.809138057172467187e+07
2.803499749921160936e+07
2.797900274240408093e+07
2.792339688732713461e+07
2.786818029258856922e+07
2.781335303193148226e+07
2.775891486270592362e+07
2.770486521786855906e+07
2.765120321805584803e+07
2.759792769958435744e+07
2.754503725389719754e+07
2.749253027397561818e+07
2.744040500351623818e+07
2.738865958518360555e+07
2.733729210491701961e+07
2.728630063003293425e+07
2.723568323931764439e+07
2.718543804647733644e+07
2.713556321170530468e+07
2.708605694902332127e+07
2.703691752502989769e+07
2.698814325258848444e+07
2.693973248058465123e+07
2.689168358128879964e+07
2.684399493677986786e+07
2.679666492571418732e+07
2.674969191148588061e+07
2.670307423254944384e+07
2.665681019538664818e+07
2.661089807032001764e+07
2.656533609012486413e+07
2.652012245118231699e+07
2.647525531676012650e+07
2.643073282190327346e+07
2.638655307937090844e+07
2.634271418605664745e+07
2.629921422937414050e+07
2.625605129316697642e+07
2.621322346280082315e+07
2.617072882920674980e+07
2.612856549175542220e+07
2.608673155994740501e+07
2.604522515399356186e+07
2.600404440443130955e+07
2.596318745097075030e+07
2.592265244079225510e+07
2.588243752652236447e+07
2.584254086410241202e+07
2.580296061073740572e+07
2.576369492307478189e+07
2.572474195572054014e+07
2.568609986015472561e+07
2.564776678406691551e+07
2.560974087109540030e+07
2.557202026092419401e+07
2.553460308967180178e+07
2.549748749049402028e+07
2.546067159431919456e+07
2.542415353063983098e+07
2.538793142829312384e+07
2.535200341617770493e+07
2.531636762386993319e+07
2.528102218211958557e+07
2.524596522321947291e+07
2.521119488125809655e+07
2.517670929227277637e+07
2.514250659432818741e+07
2.510858492754818499e+07
2.507494243412821367e+07
2.504157725835296884e+07
2.500848754663933814e+07
2.497567144761817530e+07
2.494312711226243898e+07
2.491085269406266883e+07
2.487884634924551845e+07
2.484710623702664301e+07
2.481563051988686249e+07
2.478441736385840178e+07
2.475346493880883977e+07
2.472277141871133447e+07
2.469233498189163953e+07
2.466215381124563143e+07
2.463222609442358464e+07
2.460255002398068458e+07
2.457312379749552161e+07
2.454394561766094714e+07
2.451501369235211611e+07
2.448632623467866331e+07
2.445788146302681789e+07
2.442967760109765828e+07
2.440171287794668600e+07
2.437398552802852541e+07
2.434649379124957323e+07
2.431923591303014010e+07
2.429221014437618107e+07
2.426541474196017161e+07
2.423884796820970997e+07
2.421250809140191600e+07
2.418639338576197997e+07
2.416050213156365231e+07
2.413483261523019895e+07
2.410938312943450361e+07
2.408415197319718823e+07
2.405913745198262483e+07
2.403433787779229879e+07
2.400975156925590336e+07
2.398537685172047466e+07
2.396121205733763799e+07
2.393725552514997125e+07
2.391350560117620975e+07
2.388996063849579543e+07
2.386661899733270332e+07
2.384347904513853788e+07
2.382053915667441487e+07
2.379779771409144998e+07
2.377525310700939596e+07
2.375290373259290308e+07
2.373074799562518299e+07
2.370878430857853591e+07
2.368701109168186039e+07
2.366542677298454568e+07
2.364402978841734305e+07
2.362281858184986562e+07
2.360179160514517874e+07
2.358094731821171567e+07
2.356028418905273080e+07
2.353980069381381571e+07
2.351949531682846695e+07
2.349936655066230148e+07
2.347941289615597576e+07
2.345963286246698350e+07
2.344002496711041778e+07
2.342058773599887639e+07
2.340131970348139852e+07
2.338221941238150001e+07
2.336328541403414309e+07
2.334451626832169667e+07
2.332591054370884225e+07
2.330746681727610528e+07
2.328918367475234345e+07
2.327105971054584533e+07
