7.571428571428575616e-01
8.666666666666672514e-01
9.047619047619053223e-01
9.238095238095243023e-01
9.857142857142858761e-01
9.714285714285714191e-01
9.857142857142855430e-01
1.014285714285713791e+00
1.014285714285713791e+00
9.809523809523807980e-01
1.109523809523807580e+00
1.190476190476188245e+00
1.095238095238093567e+00
9.857142857142855430e-01
9.000000000000005773e-01
8.333333333333339255e-01
8.428571428571434154e-01
9.476190476190482492e-01
1.052380952380952195e+00
1.142857142857142128e+00
1.185714285714284388e+00
1.047619047619047450e+00
9.095238095238100673e-01
9.095238095238100673e-01
9.190476190476195573e-01
1.004761904761904523e+00
1.066666666666665764e+00
1.052380952380951307e+00
9.999999999999998890e-01
9.190476190476195573e-01
9.000000000000005773e-01
8.904761904761909763e-01
9.190476190476195573e-01
9.190476190476195573e-01
9.142857142857148123e-01
9.428571428571433932e-01
1.014285714285713791e+00
1.028571428571428026e+00
1.047619047619046784e+00
1.042857142857142261e+00
1.109523809523808691e+00
1.209523809523808335e+00
1.190476190476189355e+00
1.166666666666665408e+00
1.057142857142856940e+00
1.033333333333332993e+00
1.047619047619047450e+00
1.009523809523809490e+00
1.042857142857142483e+00
1.109523809523808247e+00
1.085714285714284966e+00
1.147619047619046206e+00
1.166666666666664964e+00
1.280952380952378178e+00
1.433333333333329795e+00
1.285714285714282701e+00
1.142857142857141461e+00
9.047619047619053223e-01
9.285714285714292693e-01
9.666666666666668961e-01
1.052380952380951973e+00
1.161904761904761108e+00
1.271428571428569798e+00
1.295238095238093967e+00
1.285714285714284255e+00
1.195238095238094322e+00
1.066666666666666208e+00
9.428571428571435042e-01
9.476190476190481382e-01
9.952380952380953660e-01
9.571428571428574061e-01
9.666666666666668961e-01
9.666666666666668961e-01
9.428571428571433932e-01
9.761904761904762751e-01
9.666666666666667851e-01
9.857142857142855430e-01
1.023809523809523725e+00
1.047619047619047450e+00
1.023809523809523503e+00
1.023809523809523503e+00
1.057142857142856940e+00
1.099999999999999201e+00
1.109523809523808691e+00
1.133333333333332194e+00
1.133333333333331971e+00
1.138095238095237161e+00
1.176190476190475342e+00
1.190476190476189577e+00
1.147619047619046873e+00
1.180952380952380087e+00
1.185714285714284832e+00
1.190476190476189355e+00
1.247619047619046517e+00
1.295238095238093523e+00
1.380952380952379155e+00
1.452380952380949886e+00
1.571428571428569176e+00
1.580952380952378222e+00
1.566666666666663987e+00
1.499999999999997113e+00
1.338095238095235340e+00
1.180952380952378755e+00
1.066666666666665542e+00
1.047619047619046784e+00
1.047619047619046562e+00
1.033333333333332549e+00
1.071428571428570287e+00
1.123809523809522037e+00
1.152380952380950951e+00
1.209523809523808335e+00
1.252380952380951040e+00
1.271428571428570020e+00
1.247619047619046517e+00
1.295238095238094189e+00
1.333333333333331705e+00
1.352380952380951129e+00
1.366666666666665364e+00
1.399999999999998357e+00
1.395238095238093612e+00
1.433333333333331350e+00
1.395238095238094056e+00
1.409523809523807847e+00
1.423809523809521638e+00
1.423809523809521860e+00
1.409523809523807847e+00
1.442857142857141062e+00
1.409523809523807847e+00
1.433333333333331794e+00
1.495238095238093923e+00
1.404761904761903768e+00
1.352380952380951573e+00
1.361904761904760619e+00
1.376190476190475076e+00
1.390476190476189311e+00
1.423809523809522748e+00
1.452380952380950774e+00
1.471428571428570420e+00
1.528571428571426916e+00
1.590476190476188378e+00
1.642857142857140795e+00
1.619047619047616404e+00
1.609523809523807136e+00
1.519047619047616537e+00
1.499999999999997780e+00
1.438095238095236095e+00
1.347619047619045718e+00
1.352380952380951129e+00
1.376190476190475076e+00
1.347619047619046162e+00
1.342857142857141417e+00
1.342857142857141417e+00
1.366666666666665364e+00
1.399999999999998357e+00
1.442857142857141062e+00
1.466666666666664787e+00
1.514285714285712459e+00
1.542857142857140706e+00
1.547619047619045229e+00
1.576190476190473477e+00
1.561904761904759242e+00
1.542857142857140484e+00
1.514285714285712015e+00
1.533333333333331439e+00
1.523809523809522171e+00
1.509523809523807936e+00
1.519047619047617426e+00
1.480952380952379244e+00
1.599999999999997646e+00
1.609523809523807358e+00
1.638095238095235606e+00
1.657142857142855030e+00
1.690476190476188023e+00
1.771428571428568466e+00
1.790476190476187002e+00
1.804761904761901459e+00
1.861904761904758843e+00
1.895238095238092280e+00
1.938095238095234762e+00
1.904761904761901326e+00
1.938095238095234096e+00
1.995238095238090814e+00
2.004761904761900304e+00
2.038095238095233075e+00
2.080952380952376224e+00
2.104761904761899505e+00
2.133333333333327531e+00
2.176190476190470680e+00
2.257142857142852232e+00
2.219047619047614273e+00
2.204761904761900482e+00
2.242857142857138442e+00
2.223809523809518574e+00
2.152380952380946955e+00
2.123809523809519373e+00
2.028571428571424917e+00
1.961904761904758709e+00
1.971428571428568199e+00
1.928571428571425495e+00
1.914285714285711038e+00
