8.972339436011633277e+07
8.886182453028646111e+07
8.800739861471197009e+07
8.716022613718925416e+07
8.632041282349711657e+07
8.548806030317299068e+07
8.466326583005666733e+07
8.384612202362641692e+07
8.303671663288575411e+07
8.223513232429052889e+07
8.144144649490422010e+07
8.065573111167189479e+07
7.987805257739198208e+07
7.910847162366099656e+07
7.834704323077172041e+07
7.759381657425801456e+07
7.684883499751710892e+07
7.611213600969484448e+07
7.538375130779932439e+07
7.466370682181957364e+07
7.395202278145824373e+07
7.324871380296117067e+07
7.255378899441339076e+07
7.186725207780711353e+07
7.118910152613198757e+07
7.051933071372431517e+07
6.985792807811211050e+07
6.920487729162064195e+07
6.856015744104962051e+07
6.792374321379341185e+07
6.729560508885481954e+07
6.667570953129003942e+07
6.606401918871691078e+07
6.546049308862593025e+07
6.486508683533839881e+07
6.427775280556485057e+07
6.369844034162808955e+07
6.312709594152296335e+07
6.256366344508976489e+07
6.200808421568091214e+07
6.146029731679496169e+07
6.092023968324755132e+07
6.038784628652876616e+07
5.986305029407974333e+07
5.934578322229000926e+07
5.883597508308604360e+07
5.833355452403751016e+07
5.783844896196094155e+07
5.735058471004974097e+07
5.686988709859435260e+07
5.639628058939668536e+07
5.592968888400862366e+07
5.547003502595125884e+07
5.501724149709078670e+07
5.457123030836276710e+07
5.413192308505022526e+07
5.369924114682869613e+07
5.327310558279937506e+07
5.285343732173196971e+07
5.244015719774533063e+07
5.203318601164741069e+07
5.163244458815887570e+07
5.123785382923839986e+07
5.084933476372279227e+07
5.046680859349137545e+07
5.009019673635473102e+07
4.971942086586345732e+07
4.935440294822285324e+07
4.899506527649287879e+07
4.864133050224368274e+07
4.829312166483047605e+07
4.795036221844029427e+07
4.761297605705919117e+07
4.728088753749582916e+07
4.695402150059314817e+07
4.663230329075078666e+07
4.631565877387279272e+07
4.600401435384888947e+07
4.569729698767127842e+07
4.539543419928061962e+07
4.509835409223023802e+07
4.480598536125019193e+07
4.451825730278879404e+07
4.425279857553012669e+07
4.400787323743953556e+07
4.376573308545327932e+07
4.352631712675176561e+07
4.328956913530761749e+07
4.305543717150624841e+07
4.282387314931969345e+07
4.259483244634176046e+07
4.236827355246345699e+07
4.214415775338804722e+07
4.192244884556338191e+07
4.170311287944614887e+07
4.148611792832148075e+07
4.127143388017135113e+07
4.105903225033418834e+07
4.084888601291906089e+07
4.064096944913724810e+07
4.043525801089529693e+07
4.023172819815292954e+07
4.003035744869854301e+07
3.983112403912504017e+07
3.963400699590542912e+07
3.943898601557991654e+07
3.924604139315739274e+07
3.905515395792414248e+07
3.886630501593150198e+07
3.867947629850333929e+07
3.849464991616997123e+07
3.831180831749229133e+07
3.813093425229182094e+07
3.795201073885001242e+07
3.777502103468263149e+07
3.759994861053261161e+07
3.742677712726125121e+07
3.725549041534708440e+07
3.708607245673069358e+07
3.691850736877002567e+07
3.675277939009278268e+07
3.658887286815378815e+07
3.642677224832370877e+07
3.626646206435334682e+07
3.610792693007165939e+07
3.595115153219082206e+07
3.579612062410329282e+07
3.564281902056770027e+07
3.549123159318985045e+07
3.534134326661534607e+07
3.519313901535751671e+07
3.504660386119263619e+07
3.490172287106101215e+07
3.475848115541792661e+07
3.461686386698581278e+07
3.447685619986085594e+07
3.433844338893528283e+07
3.420161070959789306e+07
3.406634347768063843e+07
3.393262704962120950e+07
3.380044682281551510e+07
3.366978823613632470e+07
3.354063677059637010e+07
3.341297795013655350e+07
3.328679734252263978e+07
3.316208056033394486e+07
3.303881326203116775e+07
3.291698115308981761e+07
3.279656998718925565e+07
3.267756556744610518e+07
3.255995374768383801e+07
3.244372043373033777e+07
3.232885158473621309e+07
3.221533321450752765e+07
3.210315139284701273e+07
3.199229224689924344e+07
3.188274196249442920e+07
3.177448678548729792e+07
3.166751302308780327e+07
3.156180704517945275e+07
3.145735528562372178e+07
3.135414424354704842e+07
3.125216048460868001e+07
3.115139064224763215e+07
3.105182141890660673e+07
3.095343958723188564e+07
3.085623199124743789e+07
3.076018554750265926e+07
3.066528724619248509e+07
3.057152415224912018e+07
3.047888340640474483e+07
3.038735222622460872e+07
3.029691790711025149e+07
3.020756782327181846e+07
3.011928942867037654e+07
3.003207025792844594e+07
2.994589792721037567e+07
2.986076013507049903e+07
2.977664466327086091e+07
2.969353937756739557e+07
2.961143222846478224e+07
2.953031125194055960e+07
2.945016457013777643e+07
2.937098039202713966e+07
2.929274701403851435e+07
2.921545282066154480e+07
2.913908628501651436e+07
2.906363596939492226e+07
2.898909052577021718e+07
2.891543869627935067e+07
2.884266931367474794e+07
2.877077130174779147e+07
2.869973367572328448e+07
2.862954554262603447e+07
2.856019610161932558e+07
2.849167464431559667e+07
2.842397055506041646e+07
2.835707331118886173e+07
2.829097248325607926e+07
2.822565773524105549e+07
