1.276725537264840603e+08
1.264650309899190962e+08
1.252637893088527322e+08
1.240689500114724934e+08
1.228806327454798222e+08
1.216989552137002945e+08
1.205240329188737571e+08
1.193559789194479585e+08
1.181949035980439633e+08
1.170409144440943301e+08
1.158941158519612998e+08
1.147546089575700015e+08
1.136224913834261447e+08
1.124978572189172208e+08
1.113807968031306118e+08
1.102713966340605021e+08
1.091697392752832621e+08
1.080759032813462913e+08
1.069899631415169537e+08
1.059119892413739115e+08
1.048420478415698558e+08
1.037802010729672611e+08
1.027265069472343624e+08
1.016810193819006532e+08
1.006437882388008088e+08
9.961485937478557229e+07
9.859427470354612172e+07
9.758207226738449931e+07
9.657828631776504219e+07
9.558294740349811316e+07
9.459608246543562412e+07
9.361771493659797311e+07
9.264786484670229256e+07
9.168654893011555076e+07
9.073378073632048070e+07
8.978957074204644561e+07
8.885392646428687871e+07
8.792685257349462807e+07
8.700835100631587207e+07
8.609842107729396224e+07
8.519705958903986216e+07
8.430426094043344259e+07
8.342001723247948289e+07
8.254431837150217593e+07
8.167715216941778362e+07
8.081850444087338448e+07
7.996835909708854556e+07
7.912669823627984524e+07
7.829350223058435321e+07
7.746874980943530798e+07
7.665241813937345147e+07
7.584448290030300617e+07
7.504491835822647810e+07
7.425369743451295793e+07
7.347079177176949382e+07
7.269617179640254378e+07
7.192980677796570957e+07
7.117166488540183008e+07
7.042171324029129744e+07
6.967991796722951531e+07
6.894624424145333469e+07
6.822065633384481072e+07
6.750311765343749523e+07
6.679359078755269945e+07
6.609203753969016671e+07
6.539841896529792994e+07
6.471269540554203093e+07
6.403482651919385046e+07
6.336477131274904311e+07
6.270248816889048368e+07
6.204793487339875847e+07
6.140106864061476290e+07
6.076184613754975796e+07
6.013022350673758984e+07
5.950615638791528344e+07
5.888959993861813843e+07
5.828050885376596451e+07
5.767883738431666791e+07
5.708453935505749285e+07
5.649756818159903586e+07
5.591787688663461804e+07
5.534541811552350968e+07
5.478014415125098825e+07
5.422200692881689221e+07
5.367095804909936339e+07
5.312694879223763198e+07
5.258993013057464361e+07
5.205985274119643122e+07
5.153666701810504496e+07
5.102032308405433595e+07
5.051077080208162963e+07
5.000795978675989062e+07
4.951183941519682854e+07
4.902235883780442178e+07
4.853946698885841668e+07
4.806311259686927497e+07
4.759324419478040934e+07
4.712981013000985235e+07
4.667275857435201108e+07
4.622203753374951333e+07
4.577759485794986039e+07
4.533937825005550683e+07
4.490733527597878128e+07
4.448141337380833924e+07
4.406155986309718341e+07
4.364772195407588035e+07
4.323984675680013001e+07
4.283788129023540765e+07
4.244177249128454924e+07
4.205146722376160324e+07
4.166691228731505573e+07
4.128805442630369961e+07
4.091484033862633258e+07
4.054721668450815976e+07
4.018513009524443746e+07
3.982852718190241605e+07
3.947735454398186505e+07
3.913155877803523839e+07
3.879108648624607921e+07
3.845588428496653587e+07
3.812589881321242452e+07
3.780107674111539125e+07
3.748136477833123505e+07
3.716670968240250647e+07
3.685705826707468927e+07
3.655235741056369990e+07
3.625255406377371401e+07
3.595759525846242905e+07
3.566742811535280943e+07
3.538199985218867660e+07
3.510125779173183441e+07
3.482514936969926953e+07
3.455362214263695478e+07
3.428662379572917521e+07
3.402410215053987503e+07
3.376600517268424481e+07
3.351228097942778096e+07
3.326287784721048921e+07
3.301774421909371763e+07
3.277682871212662011e+07
3.254008012463078275e+07
3.230744744339931756e+07
3.207887985080860183e+07
3.185432673184030876e+07
3.163373768101045117e+07
3.141706250920403004e+07
3.120425125041211396e+07
3.099525416836927831e+07
3.079002176308883727e+07
3.058850477729423344e+07
3.039065420274331793e+07
3.019642128644419089e+07
3.000575753675988317e+07
2.981861472940026224e+07
2.963494491329870746e+07
2.945470041637177020e+07
2.927783385116004199e+07
2.910429812034799159e+07
2.893404642216167599e+07
2.876703225564169884e+07
2.860320942579064891e+07
2.844253204859305918e+07
2.828495455590641871e+07
2.813043170022177324e+07
2.797891855929294974e+07
2.783037054063288122e+07
2.768474338587576896e+07
2.754199317500431463e+07
2.740207633044093475e+07
2.726494962100197375e+07
2.713057016571407020e+07
2.699889543749231845e+07
2.686988326667901874e+07
2.674349184444293380e+07
2.661967972603838891e+07
2.649840583392383903e+07
2.637962946073976159e+07
2.626331027214549482e+07
2.614940830951500311e+07
2.603788399249163270e+07
2.592869812140177190e+07
2.582181187952773646e+07
2.571718683523987234e+07
2.561478494398862869e+07
2.551456855015665293e+07
2.541650038877135143e+07
2.532054358707900345e+07
2.522666166598046571e+07
2.513481854132980853e+07
2.504497852509614080e+07
2.495710632638993114e+07
2.487116705235491693e+07
2.478712620892592520e+07
2.470494970145491883e+07
2.462460383520518243e+07
2.454605531571606919e+07
2.446927124903885275e+07
2.439421914184558392e+07
2.432086690141210705e+07
2.424918283547715843e+07
