1.671190310609143376e+08
1.527280155277967453e+08
1.391742880883481503e+08
1.264925245311985612e+08
1.147140440285622180e+08
1.038658668766559809e+08
9.396965250845974684e+07
8.504052581692692637e+07
7.708581308769626915e+07
7.010372555576613545e+07
6.408205240792223811e+07
5.899695208556456864e+07
5.481197101453162730e+07
5.147737414492775500e+07
4.893010735364682972e+07
4.709434432532876730e+07
4.588290689875528216e+07
4.519955885242080688e+07
4.494214513773471862e+07
4.500641369126837701e+07
4.529023485171689093e+07
4.569784365844957530e+07
4.614369910668754578e+07
4.655559352405093610e+07
4.687674657338023186e+07
4.706675702281499654e+07
4.710142907031939179e+07
4.697161024537512660e+07
4.668125780023115873e+07
4.624498635100667924e+07
4.568534782813875377e+07
4.503006714310190082e+07
4.430941546997480839e+07
4.355385741051901877e+07
4.279206489496356249e+07
4.204935264009660482e+07
4.134655820449626446e+07
4.069936367655602098e+07
4.011803482296617329e+07
3.960753619139458984e+07
3.916796664782053232e+07
3.879524903891756386e+07
3.848200038083348423e+07
3.821850565091181546e+07
3.799371931101327389e+07
3.779622426204349101e+07
3.761508773949089646e+07
3.744056696162071824e+07
3.726463298492670059e+07
3.708129780714827776e+07
3.688674584249848872e+07
3.667928518483868986e+07
3.645914558371208608e+07
3.622815817933887988e+07
3.598935655837106705e+07
3.574653972205431759e+07
3.550383547626720369e+07
3.526529809773033857e+07
3.503456753048431128e+07
3.481460948350945860e+07
3.460754729543569684e+07
3.441458794479161501e+07
3.423603671305141598e+07
3.407138828925805539e+07
3.391947698305443674e+07
3.377866550601370633e+07
3.364705063497489691e+07
3.352266497536460683e+07
3.340365674463354051e+07
3.328843363773206249e+07
3.317576187909264117e+07
3.306481693862135708e+07
3.295518751697403193e+07
3.284683878878644481e+07
3.274004415883548558e+07
3.263529672121741995e+07
3.253321216847029328e+07
3.243443418280648440e+07
3.233955158552976325e+07
3.224903403656927496e+07
3.216319021570238844e+07
3.208214952819382399e+07
3.200586576739903167e+07
3.193413907449944317e+07
3.186665111520579085e+07
3.180300770840774849e+07
3.174278316924138740e+07
3.168556127216405421e+07
3.163096884736091271e+07
3.157869941383676603e+07
3.152852573495126516e+07
3.148030158117921650e+07
3.143395415652551875e+07
3.138946948902896792e+07
3.134687355128234252e+07
3.130621196193915233e+07
3.126753086494760215e+07
3.123086106416491047e+07
3.119620680231526121e+07
3.116353981774964929e+07
3.113279858780589700e+07
3.110389205556013063e+07
3.107670669562770426e+07
3.105111553485012800e+07
3.102698770742135495e+07
3.100419726828503236e+07
3.098263027109841257e+07
3.096218948352980241e+07
3.094279650541328639e+07
3.092439142084966227e+07
3.090693041081788018e+07
3.089038195013575256e+07
3.087472230011133105e+07
3.085993099027355388e+07
3.084598687669300288e+07
3.083286519725071639e+07
3.082053584678436816e+07
3.080896289795889705e+07
3.079810522318218648e+07
3.078791794780991599e+07
3.077835439532088488e+07
3.076936817220983654e+07
3.076091507732069492e+07
3.075295459469673038e+07
3.074545082495067269e+07
3.073837281120457500e+07
3.073169430707494915e+07
3.072539310474004596e+07
3.071945008413789049e+07
3.071384815795649588e+07
3.070857127384240925e+07
3.070360360113542527e+07
3.069892898247801885e+07
3.069453067953129485e+07
3.069039139474451914e+07
3.068649351392278075e+07
3.068281949107598513e+07
3.067935228896518797e+07
3.067607579473168775e+07
3.067297514695090801e+07
3.067003693418284506e+07
3.066724925100956857e+07
3.066460162144026533e+07
3.066208481815272570e+07
3.065969061735145003e+07
3.065741153248162940e+07
3.065524056635220349e+07
3.065317101207666099e+07
3.065119632089848071e+07
3.064931004183459654e+07
3.064750582629622146e+07
3.064577748204265535e+07
3.064411905588500947e+07
3.064252492363988608e+07
3.064098986843743920e+07
3.063950913364163041e+07
3.063807844312068075e+07
3.063669398817180470e+07
3.063535238599922135e+07
3.063405061853034794e+07
3.063278596218504757e+07
3.063155591902439296e+07
3.063035815785543993e+07
3.062919047092533857e+07
3.062805074845840037e+07
3.062693697009565681e+07
3.062584720978221297e+07
3.062477964911571145e+07
3.062373259371347725e+07
3.062270448767610639e+07
3.062169392247591168e+07
3.062069963825199753e+07
3.061972051720650494e+07
3.061875557027201727e+07
3.061780391924702749e+07
3.061686477707615122e+07
3.061593742889089882e+07
3.061502121592609957e+07
3.061411552364352718e+07
3.061321977450868487e+07
3.061233342504930496e+07
3.061145596620315313e+07
3.061058692561501265e+07
3.060972587048230320e+07
3.060887240973962098e+07
3.060802619473974407e+07
3.060718691803852096e+07
3.060635431033200026e+07
3.060552813594890013e+07
3.060470818752330914e+07
3.060389428054299951e+07
3.060308624840184674e+07
3.060228393841482326e+07
3.060148720902905613e+07
3.060069592823385447e+07
3.059990997297945619e+07
3.059912922928629071e+07
3.059835359267754480e+07
3.059758296859159693e+07
3.059681727251327410e+07
3.059605642967660725e+07
3.059530037431265786e+07
3.059454904851989076e+07
3.059380240090494603e+07
3.059306038517168909e+07
3.059232295882733911e+07
3.059159008213410527e+07
3.059086171737626195e+07
3.059013782845060900e+07
3.058941838073337078e+07
3.058870334114020690e+07
3.058799267828008160e+07
3.058728636260869354e+07
3.058658436650894582e+07
3.058588666425668448e+07
3.058519323186328262e+07
3.058450404681530595e+07
3.058381908775088936e+07
3.058313833412098885e+07
3.058246176588055119e+07
3.058178936324375868e+07
3.058112110652137548e+07
3.058045697604106367e+07
3.057979695213748142e+07
3.057914101518917829e+07
3.057848914567615092e+07
3.057784132423387468e+07
3.057719753168608993e+07
3.057655774904740602e+07
3.057592195749532431e+07
3.057529013831896335e+07
3.057466227285562456e+07
3.057403834242813289e+07
3.057341832829387113e+07
3.057280221161293983e+07
3.057218997343817726e+07
3.057158159472510964e+07
3.057097705635679141e+07
3.057037633917610720e+07
3.056977942401849478e+07
3.056918629173872620e+07
3.056859692322823405e+07
3.056801129942144454e+07
3.056742940129259229e+07
3.056685120984567702e+07
3.056627670610136539e+07
3.056570587108440697e+07
3.056513868581452593e+07
3.056457513130218536e+07
3.056401518854968250e+07
3.056345883855657279e+07
3.056290606232794747e+07
3.056235684088348970e+07
3.056181115526585281e+07
3.056126898654699326e+07
3.056073031583208591e+07
3.056019512426109612e+07
3.055966339300872013e+07
3.055913510328360647e+07
3.055861023632780463e+07
3.055808877341716737e+07
3.055757069586311281e+07
3.055705598501574248e+07
3.055654462226807699e+07
3.055603658906074986e+07
3.055553186688672006e+07
3.055503043729531020e+07
3.055453228189530224e+07
3.055403738235690445e+07
3.055354572041264176e+07
3.055305727785737813e+07
3.055257203654777259e+07
3.055208997840163112e+07
3.055161108539725095e+07
3.055113533957306668e+07
3.055066272302767262e+07
3.055019321792010963e+07
3.054972680647044629e+07
3.054926347096040845e+07
3.054880319373399392e+07
3.054834595719800889e+07
3.054789174382246286e+07
3.054744053614081442e+07
3.054699231675016135e+07
3.054654706831146032e+07
3.054610477354977652e+07
3.054566541525460780e+07
3.054522897628036141e+07
3.054479543954693899e+07
3.054436478804029897e+07
3.054393700481306389e+07
3.054351207298505679e+07
3.054308997574367374e+07
3.054267069634418935e+07
3.054225421810986102e+07
3.054184052443192154e+07
3.054142959876944125e+07
3.054102142464921251e+07
3.054061598566549644e+07
3.054021326547982544e+07
