3.260959969441889226e+07
2.948391377750469744e+07
2.736303072069800645e+07
2.618971260404663533e+07
2.580104213126125187e+07
2.591221193683999032e+07
2.619718199101380631e+07
2.640841049408901110e+07
2.642453468324177340e+07
2.623010906912603229e+07
2.587393684250687808e+07
2.543196980878803879e+07
2.498160624776884913e+07
2.458570014219009131e+07
2.428339652548497170e+07
2.408636855615981668e+07
2.398042258882491663e+07
2.393255117528730258e+07
2.390212817910401896e+07
2.385303941976469755e+07
2.376285612508764118e+07
2.362652229035382718e+07
2.345446159783479199e+07
2.326687699569755048e+07
2.308660595436488837e+07
2.293257403655634820e+07
2.281527304523050785e+07
2.273506569244460016e+07
2.268346141235333309e+07
2.264676580496606976e+07
2.261082661624789238e+07
2.256529724471026659e+07
2.250612575850391760e+07
2.243573000320103765e+07
2.236115720497673005e+07
2.229110337482777983e+07
2.223285947371987253e+07
2.219011395620980859e+07
2.216218240363438055e+07
2.214475327627528459e+07
2.213174851677043736e+07
2.211754996490837634e+07
2.209877543318071589e+07
2.207503284486301988e+07
2.204852022734442353e+07
2.202277415700029954e+07
2.200113151698771119e+07
2.198549217414617538e+07
2.197578426454776525e+07
2.197023051206121221e+07
2.196620971063914150e+07
2.196131142961709201e+07
2.195415959544865042e+07
2.194472477794831991e+07
2.193407981440760940e+07
2.192377383324095234e+07
2.191512176435217261e+07
2.190869748477279395e+07
2.190420005910012498e+07
2.190069275742720068e+07
2.189706536803010851e+07
2.189249951339261234e+07
2.188674532520687208e+07
2.188012275423278660e+07
2.187328801527610421e+07
2.186689809601045400e+07
2.186132954828457907e+07
2.185656185460468382e+07
2.185224958060230315e+07
2.184792331072065234e+07
2.184321283077490330e+07
2.183799223267848045e+07
2.183239566982855275e+07
2.182671688618362695e+07
2.182125483977054060e+07
2.181618219109473377e+07
2.181149166475163400e+07
2.180703208744515479e+07
2.180260361999911815e+07
2.179805938009756058e+07
2.179336577025610209e+07
2.178860019600983709e+07
2.178389720860003307e+07
2.177937645946375281e+07
2.177508919122913107e+07
2.177100554215318710e+07
2.176704215786818787e+07
2.176311052566563338e+07
2.175915962011319399e+07
2.175519332932377234e+07
2.175125836687903851e+07
2.174741334902179241e+07
2.174369719422372431e+07
2.174011245420596749e+07
2.173662935933247581e+07
2.173320519029275328e+07
2.172980681733190268e+07
2.172642460178767145e+07
2.172307208658195287e+07
2.171977397994060814e+07
2.171655048233531415e+07
2.171340658045817539e+07
2.171033100048357993e+07
2.170730378617047146e+07
2.170430717505161092e+07
2.170133359057207778e+07
2.169838706505455822e+07
2.169547843666098267e+07
2.169261787416453660e+07
2.168980911201956868e+07
2.168704815539326146e+07
2.168432638287715614e+07
2.168163563340008259e+07
2.167897219347516447e+07
2.167633770268223807e+07
2.167373699582856148e+07
2.167117457032895461e+07
2.166865184596889839e+07
2.166616659551496059e+07
2.166371450197640061e+07
2.166129162788608670e+07
2.165889627355527505e+07
2.165652929083660245e+07
2.165419293531604111e+07
2.165188914547077939e+07
2.164961831199739501e+07
2.164737914572763443e+07
2.164516952665094659e+07
2.164298767658295482e+07
2.164083292339122295e+07
2.163870568385672569e+07
2.163660680829706043e+07
2.163453677856936678e+07
2.163249525588587299e+07
2.163048118817137182e+07
2.162849332323344052e+07
2.162653075994346291e+07
2.162459320739887655e+07
2.162268084895464033e+07
2.162079395897870883e+07
2.161893254187724739e+07
2.161709620356607437e+07
2.161528429015571252e+07
2.161349616168061644e+07
2.161173140976548567e+07
2.160998989528906718e+07
2.160827161378767341e+07
2.160657650135782734e+07
2.160490431194700301e+07
2.160325463108912855e+07
2.160162699569786713e+07
2.160002102850376815e+07
2.159843650151778758e+07
2.159687330108640343e+07
2.159533133279929310e+07
2.159381043534346297e+07
2.159231035473546013e+07
2.159083078336319327e+07
2.158937142653977126e+07
2.158793204844168201e+07
2.158651247112006322e+07
2.158511253530362248e+07
2.158373205519588292e+07
2.158237079812436178e+07
2.158102849866533279e+07
2.157970489280141890e+07
2.157839974691683426e+07
2.157711286385365948e+07
2.157584406603316218e+07
2.157459317045668513e+07
2.157335997303016856e+07
2.157214425041840225e+07
2.157094577462702990e+07
2.156976432798513770e+07
2.156859970822959393e+07
2.156745172198817134e+07
2.156632017322555929e+07
2.156520485561959445e+07
2.156410555371231958e+07
2.156302205090434104e+07
2.156195413797782362e+07
2.156090161644461751e+07
2.155986429539483041e+07
2.155884198506994545e+07
2.155783449197850749e+07
2.155684161842584610e+07
2.155586316578428447e+07
2.155489893840105087e+07
2.155394874521224573e+07
2.155301239832734317e+07
2.155208971017833054e+07
2.155118049162269011e+07
2.155028455234051123e+07
2.154940170301809162e+07
2.154853175760556012e+07
2.154767453412715718e+07
2.154682985375123844e+07
2.154599753905823827e+07
2.154517741281087697e+07
2.154436929792416841e+07
2.154357301835351810e+07
2.154278840003133938e+07
2.154201527113570645e+07
2.154125346162411571e+07
2.154050280254732072e+07
2.153976312575493753e+07
2.153903426422344521e+07
2.153831605273737758e+07
2.153760832842417061e+07
2.153691093081070110e+07
2.153622370145041123e+07
2.153554648345299438e+07
2.153487912124595046e+07
2.153422146066191792e+07
2.153357334919174761e+07
2.153293463616084680e+07
2.153230517270385101e+07
2.153168481160346419e+07
2.153107340716437995e+07
2.153047081524503604e+07
2.152987689342994615e+07
2.152929150121608377e+07
2.152871450008682162e+07
2.152814575344127044e+07
2.152758512644980475e+07
2.152703248594096303e+07
2.152648770037766919e+07
2.152595063990230113e+07
2.152542117638543621e+07
2.152489918342927843e+07
2.152438453632845730e+07
2.152387711203065887e+07
2.152337678913662583e+07
2.152288344794245064e+07
2.152239697049145773e+07
2.152191724059622735e+07
2.152144414381554723e+07
2.152097756740300357e+07
2.152051740025849640e+07
2.152006353290348127e+07
2.151961585747801512e+07
2.151917426774262637e+07
2.151873865907035768e+07
2.151830892842847854e+07
2.151788497436086833e+07
2.151746669698166847e+07
2.151705399798031896e+07
2.151664678062788025e+07
2.151624494977293164e+07
2.151584841182297468e+07
2.151545707471673563e+07
2.151507084789705649e+07
2.151468964229061455e+07
2.151431337029394880e+07
2.151394194576119632e+07
2.151357528398981690e+07
2.151321330170460045e+07
2.151285591704306751e+07
2.151250304954447970e+07
2.151215462014143541e+07
2.151181055115042999e+07
2.151147076625812054e+07
2.151113519050290063e+07
2.151080375025388971e+07
2.151047637319063395e+07
2.151015298828485608e+07
2.150983352578414977e+07
2.150951791719618067e+07
2.150920609527275711e+07
2.150889799399406463e+07
2.150859354855391383e+07
2.150829269534605742e+07
2.150799537195077538e+07
2.150770151712040603e+07
2.150741107076323405e+07
2.150712397392588854e+07
2.150684016877529025e+07
2.150655959858115017e+07
2.150628220769912750e+07
2.150600794155480340e+07
2.150573674662778527e+07
2.150546857043621689e+07
2.150520336152163520e+07
2.150494106943427026e+07
2.150468164471868798e+07
2.150442503889914602e+07
2.150417120446449518e+07
2.150392009485246241e+07
2.150367166443372145e+07
2.150342586849601194e+07
2.150318266322857887e+07
2.150294200570706278e+07
2.150270385387864709e+07
2.150246816654752940e+07
2.150223490336066112e+07
2.150200402479378134e+07
2.150177549213763326e+07
2.150154926748421043e+07
2.150132531371293962e+07
2.150110359447664768e+07
