3.126573062733149529e+08
2.889055768540112972e+08
2.661396643927502930e+08
2.443938735676356256e+08
2.237002518828412592e+08
2.040880558072433174e+08
1.855832445221432745e+08
1.682079311491917372e+08
1.519798093975787163e+08
1.369115637086587250e+08
1.230102738385703564e+08
1.102768281282410026e+08
9.870536339581252635e+07
8.828275330370709300e+07
7.898817095856375992e+07
7.079275503132934868e+07
6.365941137704804540e+07
5.754278333024583012e+07
5.238942297135852277e+07
4.813819193037531525e+07
4.472091322066439688e+07
4.206328484919385612e+07
4.008605165477010608e+07
3.870641465556464344e+07
3.783963843290279806e+07
3.740079859965454042e+07
3.730659543093785644e+07
3.747185470724271238e+07
3.777846751438634098e+07
3.820021594972725213e+07
3.868410516781684011e+07
3.918472507067475468e+07
3.966458006981024891e+07
4.009414377034387738e+07
4.045165070979008079e+07
4.072265183640646189e+07
4.089937160558614135e+07
4.097991185617827624e+07
4.096735096249985695e+07
4.086878651872030646e+07
4.069436665294085443e+07
4.045634977114465833e+07
4.016822588366097957e+07
3.984392537274780869e+07
3.949713369064771384e+07
3.914072345663145930e+07
3.878630903414550424e+07
3.844392308465344459e+07
3.812180989491279423e+07
3.782632648021224886e+07
3.756193955956497788e+07
3.733130443886882067e+07
3.713541056997448206e+07
3.697377801409244537e+07
3.684468915641189367e+07
3.674544071706081182e+07
3.667260229533672333e+07
3.662226927514430881e+07
3.659029980869226158e+07
3.657252767756468803e+07
3.656494499991589040e+07
3.656385090872256458e+07
3.656596437675918639e+07
3.656850123046544194e+07
3.656921701482484490e+07
3.656641870088429004e+07
3.655894924173992872e+07
3.654614967510060966e+07
3.652780385076795518e+07
3.650407095319816470e+07
3.647541082709541172e+07
3.644250673954202980e+07
3.640618967161260545e+07
3.636736757333046198e+07
3.632696228482135385e+07
3.628585606727515161e+07
3.624484893906852603e+07
3.620462730880340189e+07
3.616574376549576968e+07
3.612860734746243805e+07
3.609348317960119247e+07
3.606050005112205446e+07
3.602966430351090431e+07
3.600087830707141757e+07
3.597396181439207494e+07
3.594867457714028656e+07
3.592473878238555044e+07
3.590186008805924654e+07
3.587974629532481730e+07
3.585812297007960826e+07
3.583674559938321263e+07
3.581540812629372627e+07
3.579394793612302840e+07
3.577224755936448276e+07
3.575023350567214191e+07
3.572787274669729918e+07
3.570516742373183370e+07
3.568214837198776007e+07
3.565886803205426782e+07
3.563539326722497493e+07
3.561179853048508614e+07
3.558815973482681811e+07
3.556454908286244422e+07
3.554103101343606412e+07
3.551765933012980223e+07
3.549447549404832721e+07
3.547150799454236776e+07
3.544877265874031186e+07
3.542627372474171966e+07
3.540400548377710581e+07
3.538195429226817936e+07
3.536010076349372417e+07
3.533842196792736650e+07
3.531689349842634797e+07
3.529549128842192143e+07
3.527419310531841218e+07
3.525297967496486753e+07
3.523183542423459888e+07
3.521074885581560433e+07
3.518971259117264301e+07
3.516872313367931545e+07
3.514778041399726272e+07
3.512688718416316062e+07
3.510604832613213360e+07
3.508527013555283099e+07
3.506455963331114501e+07
3.504392394692778587e+07
3.502336979227596521e+07
3.500290307426040620e+07
3.498252861389596015e+07
3.496224999930863082e+07
3.494206955002483726e+07
3.492198837780109793e+07
3.490200652327508479e+07
3.488212314582917094e+07
3.486233674405264854e+07
3.484264538577295840e+07
3.482304692943725735e+07
3.480353922227381170e+07
3.478412026475536823e+07
3.476478833506418020e+07
3.474554207121032476e+07
3.472638051193033159e+07
3.470730310032320768e+07
3.468830965625791252e+07
3.466940032488584518e+07
3.465057550913831592e+07
3.463183579396650940e+07
3.461318186940516531e+07
3.459461445844950527e+07
3.457613425437612832e+07
3.455774187065698206e+07
3.453943780514011532e+07
3.452122241881272942e+07
3.450309592830286920e+07
3.448505841037219018e+07
3.446710981602952629e+07
3.444924999155610055e+07
3.443147870365757495e+07
3.441379566610802710e+07
3.439620056557954103e+07
3.437869308480309695e+07
3.436127292172627896e+07
3.434393980387172103e+07
3.432669349760977924e+07
3.430953381250641495e+07
3.429246060126771778e+07
3.427547375606027246e+07
3.425857320214126259e+07
3.424175888978482038e+07
3.422503078545833379e+07
3.420838886309663206e+07
3.419183309616854042e+07
3.417536345104417950e+07
3.415897988197792321e+07
3.414268232783405483e+07
3.412647071051709354e+07
3.411034493493358791e+07
3.409430489021596313e+07
3.407835045187951624e+07
3.406248148456368595e+07
3.404669784501926601e+07
3.403099938504251093e+07
3.401538595411241800e+07
3.399985740155664831e+07
3.398441357814124972e+07
3.396905433704815805e+07
3.395377953426355124e+07
3.393858902844746411e+07
3.392348268038873374e+07
3.390846035216789693e+07
3.389352190615566075e+07
3.387866720396760106e+07
3.386389610547973216e+07
3.384920846798624843e+07
3.383460414555548131e+07
3.382008298861291260e+07
3.380564484375528991e+07
3.379128955377943069e+07
3.377701695789205283e+07
3.376282689205767214e+07
3.374871918943517655e+07
3.373469368085472286e+07
3.372075019529028237e+07
3.370688856029066443e+07
3.369310860234142840e+07
3.367941014714010805e+07
3.366579301977742463e+07
3.365225704482624680e+07
3.363880204634685069e+07
3.362542784782344848e+07
3.361213427204877883e+07
3.359892114097594470e+07
3.358578827555490285e+07
3.357273549556955695e+07
3.355976261948812753e+07
3.354686946433532983e+07
3.353405584559194371e+07
3.352132157712291554e+07
3.350866647113309056e+07
3.349609033814619482e+07
3.348359298700264841e+07
3.347117422486976534e+07
3.345883385725864768e+07
3.344657168804287538e+07
3.343438751947416365e+07
3.342228115219257772e+07
3.341025238522937894e+07
3.339830101600239426e+07
3.338642684030444548e+07
3.337462965228633583e+07
3.336290924443686008e+07
3.335126540756143630e+07
3.333969793076222762e+07
3.332820660142099485e+07
3.331679120518662781e+07
3.330545152596790344e+07
3.329418734593193233e+07
3.328299844550804049e+07
3.327188460339638218e+07
3.326084559658051282e+07
3.324988120034241676e+07
3.323899118827901781e+07
3.322817533231902122e+07
3.321743340273872018e+07
3.320676516817642003e+07
3.319617039564458281e+07
3.318564885053946450e+07
3.317520029625243694e+07
3.316482449576121569e+07
3.315452120925170556e+07
3.314429019570646435e+07
3.313413121250903234e+07
3.312404401544398069e+07
3.311402835869706422e+07
3.310408399485578761e+07
3.309421067491075397e+07
3.308440814825823903e+07
3.307467616270378977e+07
3.306501446446723863e+07
3.305542279818901792e+07
3.304590090693779662e+07
3.303644853221925348e+07
3.302706541398604959e+07
3.301775129064891115e+07
3.300850589908869565e+07
3.299932897466939688e+07
3.299022025125211477e+07
3.298117946120989323e+07
3.297220633544354513e+07
3.296330060339828581e+07
3.295446199308127537e+07
3.294569023108004034e+07
3.293698504258178920e+07
3.292834615139345825e+07
3.291977327996255085e+07
3.291126614939877763e+07
3.290282447949613258e+07
3.289444798875565827e+07
3.288613639440868795e+07
3.287788941244034469e+07
3.286970675761352479e+07
3.286158814349295199e+07
3.285353328246960789e+07
3.284554188578513265e+07
3.283761366355653480e+07
3.282974832480084151e+07
3.282194557745999098e+07
3.281420512842572853e+07
3.280652668356470019e+07
3.279890994774363562e+07
3.279135462485470995e+07
3.278386041784108058e+07
3.277642702872257680e+07
3.276905415862165764e+07
3.276174150778956711e+07
3.275448877563267201e+07
3.274729566073908284e+07
3.274016186090552434e+07
3.273308707316431031e+07
