2.468174037128579989e+07
2.258587318431757763e+07
2.102148431971721724e+07
1.996331604205172509e+07
1.933559966157173738e+07
1.901200123931104690e+07
1.886382848511147872e+07
1.879465259863232076e+07
1.873632453860222548e+07
1.864236082386064529e+07
1.848705385145279765e+07
1.826427813450558111e+07
1.798361098635456711e+07
1.766473138624991477e+07
1.733164644078654051e+07
1.700771961102512851e+07
1.671189283487504721e+07
1.645622156893544272e+07
1.624478502259541303e+07
1.607400674146311544e+07
1.593432104560816474e+07
1.581284776873087138e+07
1.569649261486977339e+07
1.557473123329504952e+07
1.544144897039177269e+07
1.529552796237994730e+07
1.514024835014429316e+07
1.498184439551952109e+07
1.482766940414504707e+07
1.468440614091614634e+07
1.455667138069682568e+07
1.444624510700527392e+07
1.435201995268334076e+07
1.427061840396785736e+07
1.419747980605092272e+07
1.412811182839696296e+07
1.405917237977340631e+07
1.398911644720547646e+07
1.391828603192261793e+07
1.384848756843171455e+07
1.378223452311377600e+07
1.372189972672195733e+07
1.366901617855405249e+07
1.362389917527703941e+07
1.358565860998000577e+07
1.355255544524640217e+07
1.352256133038464002e+07
1.349393289138644934e+07
1.346562648912201822e+07
1.343744748645535484e+07
1.340992294090906903e+07
1.338397367700552940e+07
1.336051382885657996e+07
1.334011179454266466e+07
1.332281058077476174e+07
1.330814353886910900e+07
1.329531502644607238e+07
1.328346563384090178e+07
1.327192337838638201e+07
1.326035896972202882e+07
1.324880601324453950e+07
1.323755811207396165e+07
1.322699542181771621e+07
1.321741044101442210e+07
1.320889362674310990e+07
1.320131026430314966e+07
1.319436347963085957e+07
1.318770817393782735e+07
1.318106709412441775e+07
1.317430625828044862e+07
1.316744792269974947e+07
1.316062547329071537e+07
1.315400555695316195e+07
1.314771132317784056e+07
1.314177531954000518e+07
1.313613526384700462e+07
1.313066771654720232e+07
1.312524089890877903e+07
1.311976325691137835e+07
1.311420945816707797e+07
1.310861704109668732e+07
1.310305949204022810e+07
1.309760998758267052e+07
1.309231160638804175e+07
1.308716482818994299e+07
1.308213452711280249e+07
1.307717043001601286e+07
1.307223045243237913e+07
1.306729679120856896e+07
1.306237922917571478e+07
1.305750629655857943e+07
1.305270991816018708e+07
1.304801104350101762e+07
1.304341218237880804e+07
1.303889892366487160e+07
1.303444836755086295e+07
1.303003976635278203e+07
1.302566245495957136e+07
1.302131809394028783e+07
1.301701718384044990e+07
1.301277231034422293e+07
1.300859161653118208e+07
1.300447533531259000e+07
1.300041640309104323e+07
1.299640419466240518e+07
1.299242917986168712e+07
1.298848624726026505e+07
1.298457541228668019e+07
1.298070002753734961e+07
1.297686373783763126e+07
1.297306779980543256e+07
1.296930995747362822e+07
1.296558515389092639e+07
1.296188746046058275e+07
1.295821213663878851e+07
1.295455684507569112e+07
1.295092159842402488e+07
1.294730767643157765e+07
1.294371619562134147e+07
1.294014706310419366e+07
1.293659873981696367e+07
1.293306877947604097e+07
1.292955474237111583e+07
1.292605497010857612e+07
1.292256886258071475e+07
1.291909660328169353e+07
1.291563856057600304e+07
1.291219471612323821e+07
1.290876440156441927e+07
1.290534642621935159e+07
1.290193947069984861e+07
1.289854250893809088e+07
1.289515504508882947e+07
1.289177707840031013e+07
1.288840885857062973e+07
1.288505058757455274e+07
1.288170222345405817e+07
1.287836346275053546e+07
1.287503387405976653e+07
1.287171308299148455e+07
1.286840090033655800e+07
1.286509733428225666e+07
1.286180249912514538e+07
1.285851648607754707e+07
1.285523927163027227e+07
1.285197070732294209e+07
1.284871058496537432e+07
1.284545873250318691e+07
1.284221508657146059e+07
1.283897970840972662e+07
1.283575274453426525e+07
1.283253436175045371e+07
1.282932469392348453e+07
1.282612382468801551e+07
1.282293180661791563e+07
1.281974869776805863e+07
1.281657459081410058e+07
1.281340961893394776e+07
1.281025393870827369e+07
1.280710770355052501e+07
1.280397104464871250e+07
1.280084406975424476e+07
1.279772687869008258e+07
1.279461958529935777e+07
1.279152233343304321e+07
1.278843529955306649e+07
1.278535868273297139e+07
1.278229268923952803e+07
1.277923752027081326e+07
1.277619336792146228e+07
1.277316041977482289e+07
1.277013886194612831e+07
1.276712888906088471e+07
1.276413069988073967e+07
1.276114449353209138e+07
1.275817046421414241e+07
1.275520879882325605e+07
1.275225967886491120e+07
1.274932328534420580e+07
1.274639980373874679e+07
1.274348942642510682e+07
1.274059235162333399e+07
1.273770877986304648e+07
1.273483891002893448e+07
1.273198293677999452e+07
1.272914104995253310e+07
1.272631343530767970e+07
1.272350027540649474e+07
1.272070174969335459e+07
1.271791803368640319e+07
1.271514929790573195e+07
1.271239570736592636e+07
1.270965742207366787e+07
1.270693459832349420e+07
1.270422739011107385e+07
1.270153594995088689e+07
1.269886042875793390e+07
1.269620097495939955e+07
1.269355773333370686e+07
1.269093084407757223e+07
1.268832044234044291e+07
1.268572665814777836e+07
1.268314961645923927e+07
1.268058943714650720e+07
1.267804623485345021e+07
1.267552011886833794e+07
1.267301119317889214e+07
1.267051955678213201e+07
1.266804530416322500e+07
1.266558852575092390e+07
1.266314930816579610e+07
1.266072773418609239e+07
1.265832388249078952e+07
1.265593782732115313e+07
1.265356963819690421e+07
1.265121937975316122e+07
1.264888711168577150e+07
1.264657288875333406e+07
1.264427676079628244e+07
1.264199877277279645e+07
1.263973896484020352e+07
1.263749737250628322e+07
1.263527402684155479e+07
1.263306895470709167e+07
1.263088217893791012e+07
1.262871371843979508e+07
1.262656358819472790e+07
1.262443179920548014e+07
1.262231835842476785e+07
1.262022326870594919e+07
1.261814652879107371e+07
1.261608813333373703e+07
1.261404807294755057e+07
1.261202633427530155e+07
1.261002290008030459e+07
1.260803774936235324e+07
1.260607085749357939e+07
1.260412219635998085e+07
1.260219173448910378e+07
1.260027943714797683e+07
1.259838526640606672e+07
1.259650918117013946e+07
1.259465113720546663e+07
1.259281108715790696e+07
1.259098898058670759e+07
1.258918476401147991e+07
1.258739838097312860e+07
1.258562977210732177e+07
1.258387887522951886e+07
1.258214562543005869e+07
1.258042995517569035e+07
1.257873179441150464e+07
1.257705107065610215e+07
1.257538770908438787e+07
1.257374163259599730e+07
1.257211276187172160e+07
1.257050101542295143e+07
1.256890630963974632e+07
1.256732855884197541e+07
1.256576767533577979e+07
1.256422356947615743e+07
1.256269614973537251e+07
1.256118532277641632e+07
1.255969099353007972e+07
1.255821306527343765e+07
1.255675143970691971e+07
1.255530601702718809e+07
1.255387669599391520e+07
1.255246337399009615e+07
1.255106594707701355e+07
1.254968431004592031e+07
1.254831835646872036e+07
1.254696797874940559e+07
1.254563306817736477e+07
1.254431351498293504e+07
1.254300920839501917e+07
1.254172003670026921e+07
1.254044588730291277e+07
1.253918664678398892e+07
1.253794220095879585e+07
1.253671243493152037e+07
1.253549723314645700e+07
1.253429647943605110e+07
1.253311005706634372e+07
1.253193784878074192e+07
1.253077973684308678e+07
1.252963560308070481e+07
1.252850532892781124e+07
1.252738879546940513e+07
1.252628588348546997e+07
1.252519647349509224e+07
1.252412044580004364e+07
1.252305768052718416e+07
1.252200805766929314e+07
1.252097145712392032e+07
1.251994775873031467e+07
1.251893684230455384e+07
1.251793858767329529e+07
1.251695287470654771e+07
1.251597958334984444e+07
