4.811275281019913405e+07
4.233663000395903736e+07
3.785900339306992292e+07
3.468567276755832136e+07
3.276689878491993994e+07
3.196857660390602797e+07
3.204995435692568868e+07
3.267370683272974193e+07
3.346898337369417399e+07
3.412614817559570819e+07
3.446471441438365728e+07
3.444037013699333370e+07
3.410837828598933667e+07
3.357669192854179442e+07
3.296764057390569150e+07
3.239193116963433474e+07
3.193271022587289661e+07
3.163712646858834103e+07
3.151417128179259598e+07
3.153855686212600023e+07
3.166026533715709299e+07
3.181819094567471743e+07
3.195479612331385911e+07
3.202809938922359422e+07
3.201825409181451052e+07
3.192796156447270140e+07
3.177783933789625764e+07
3.159884289449025318e+07
3.142390495661296323e+07
3.128053686668055505e+07
3.118561265069086477e+07
3.114305831699607149e+07
3.114464748286038637e+07
3.117350182280579209e+07
3.120928056349998713e+07
3.123362552481475472e+07
3.123442218951778859e+07
3.120788878952488303e+07
3.115823174954118580e+07
3.109531194926531240e+07
3.103122237624092773e+07
3.097680880366169289e+07
3.093901949021209031e+07
3.091964274048376828e+07
3.091557780566766858e+07
3.092037629952583462e+07
3.092648122000905126e+07
3.092745929518780112e+07
3.091960344725137949e+07
3.090253827423957735e+07
3.087879562106541544e+07
3.085262645146574825e+07
3.082849560155181214e+07
3.080973502976312488e+07
3.079772352515504509e+07
3.079176290050948784e+07
3.078959559415702894e+07
3.078832247471871227e+07
3.078538551801107824e+07
3.077930075477288291e+07
3.076994589099434763e+07
3.075837484532841295e+07
3.074628664323047549e+07
3.073536917419702932e+07
3.072674746858758479e+07
3.072069999262809008e+07
3.071669633433806524e+07
3.071369675555816293e+07
3.071057565751918405e+07
3.070650890188758820e+07
3.070119969557356089e+07
3.069489037961620092e+07
3.068818812339435890e+07
3.068179239905797690e+07
3.067623338117461652e+07
3.067171092362143099e+07
3.066807564787710458e+07
3.066493746205036342e+07
3.066184344182703644e+07
3.065845038304597884e+07
3.065463010681665689e+07
3.065047927744125575e+07
3.064624481634276733e+07
3.064220561877716705e+07
3.063856144617847726e+07
3.063536952620646730e+07
3.063254530931680650e+07
3.062991704428295791e+07
3.062730490118077770e+07
3.062459041520997882e+07
3.062175097232068703e+07
3.061885146816363931e+07
3.061600316590107605e+07
3.061331109449797124e+07
3.061083256806468219e+07
3.060856152614668757e+07
3.060644083261731267e+07
3.060439312094207108e+07
3.060235474133400247e+07
3.060029850269426778e+07
3.059823770867240429e+07
3.059621284406288713e+07
3.059426922011625022e+07
3.059243633372833952e+07
3.059071728560867161e+07
3.058909106853839010e+07
3.058752467193221673e+07
3.058598827928740531e+07
3.058446658766509220e+07
3.058296204325211421e+07
3.058148992590735853e+07
3.058006874033548310e+07
3.057871085175266117e+07
3.057741740657079220e+07
3.057617905586353689e+07
3.057498120437576622e+07
3.057381071402917057e+07
3.057266084040602297e+07
3.057153248947185650e+07
3.057043184069371969e+07
3.056936601140173525e+07
3.056833905144437775e+07
3.056735003536590934e+07
3.056639377520468086e+07
3.056546339154172316e+07
3.056455325006214157e+07
3.056366084561901912e+07
3.056278693524908274e+07
3.056193415066512674e+07
3.056110499323327094e+07
3.056030025563750044e+07
3.055951854141914099e+07
3.055875692343402281e+07
3.055801223436823487e+07
3.055728226475677267e+07
3.055656630835691467e+07
3.055586490175493807e+07
3.055517901996113360e+07
3.055450921038073674e+07
3.055385509763585404e+07
3.055321543873861060e+07
3.055258860835868493e+07
3.055197320216821507e+07
3.055136843976492435e+07
3.055077420098393783e+07
3.055019073938226700e+07
3.054961827039662004e+07
3.054905666130505130e+07
3.054850536079737172e+07
3.054796356189304963e+07
3.054743047484418005e+07
3.054690555159561336e+07
3.054638855490413308e+07
3.054587946293445677e+07
3.054537828639618307e+07
3.054488490750699490e+07
3.054439902040189132e+07
3.054392018651577085e+07
3.054344795626918972e+07
3.054298198191282153e+07
3.054252206366574019e+07
3.054206811609380692e+07
3.054162008590431511e+07
3.054117787270685658e+07
3.054074129392378777e+07
3.054031010449918360e+07
3.053988405096907169e+07
3.053946292455277592e+07
3.053904658453875780e+07
3.053863494424286485e+07
3.053822793347033113e+07
3.053782546185358614e+07
3.053742740283472091e+07
3.053703360341580585e+07
3.053664390979467332e+07
3.053625819194170833e+07
3.053587635363045335e+07
3.053549832476065308e+07
3.053512404314910248e+07
3.053475343757139146e+07
3.053438642110504583e+07
3.053402289650486410e+07
3.053366276830231771e+07
3.053330595347179845e+07
3.053295238474987447e+07
3.053260200590520352e+07
3.053225476297941059e+07
3.053191059714505076e+07
3.053156944294504821e+07
3.053123123195268214e+07
3.053089589876922593e+07
3.053056338545460254e+07
3.053023364205450192e+07
3.052990662353996933e+07
3.052958228549319506e+07
3.052926058119278029e+07
3.052894146147286147e+07
3.052862487687175721e+07
3.052831078033394367e+07
3.052799912871653587e+07
3.052768988237436116e+07
3.052738300337447226e+07
3.052707845362006128e+07
3.052677619400380179e+07
3.052647618490591273e+07
3.052617838749398664e+07
3.052588276489239186e+07
3.052558928252520785e+07
3.052529790755024552e+07
3.052500860786028206e+07
3.052472135130318999e+07
3.052443610552449152e+07
3.052415283838758618e+07
3.052387151858492941e+07
3.052359211600923538e+07
3.052331460168175027e+07
3.052303894734834135e+07
3.052276512504459545e+07
3.052249310690108314e+07
3.052222286526557803e+07
3.052195437300882861e+07
3.052168760378833115e+07
3.052142253210773319e+07
3.052115913316358998e+07
3.052089738260316849e+07
3.052063725634986907e+07
3.052037873058185726e+07
3.052012178183819354e+07
3.051986638715177774e+07
3.051961252411129326e+07
3.051936017081892490e+07
3.051910930578544736e+07
3.051885990783865377e+07
3.051861195610083267e+07
3.051836543003698438e+07
3.051812030952969193e+07
3.051787657492606342e+07
3.051763420702876151e+07
3.051739318704295903e+07
3.051715349651647732e+07
3.051691511730760336e+07
3.051667803159067780e+07
3.051644222188329324e+07
3.051620767106838897e+07
3.051597436239350587e+07
3.051574227944858000e+07
3.051551140613853559e+07
3.051528172666827589e+07
3.051505322554639354e+07
3.051482588760074228e+07
3.051459969799164683e+07
3.051437464221239090e+07
3.051415070607606322e+07
3.051392787569674104e+07
3.051370613747495413e+07
3.051348547809232026e+07
3.051326588451347500e+07
3.051304734398887306e+07
3.051282984405297786e+07
3.051261337251706049e+07
3.051239791745984182e+07
3.051218346722055972e+07
3.051197001039678231e+07
3.051175753584559634e+07
3.051154603268459067e+07
3.051133549028963596e+07
3.051112589828894287e+07
3.051091724655512720e+07
3.051070952519807965e+07
3.051050272456000000e+07
3.051029683521254361e+07
3.051009184795433655e+07
3.050988775380760431e+07
3.050968454401358217e+07
3.050948221002754197e+07
3.050928074351456389e+07
3.050908013634651899e+07
3.050888038059991226e+07
3.050868146855343133e+07
3.050848339268470556e+07
3.050828614566589892e+07
3.050808972035888955e+07
3.050789410981065780e+07
3.050769930724923313e+07
3.050750530608029291e+07
3.050731209988373518e+07
3.050711968241026253e+07
3.050692804757761583e+07
3.050673718946701288e+07
3.050654710231978819e+07
3.050635778053439781e+07
3.050616921866359562e+07
3.050598141141147912e+07
3.050579435363020003e+07
3.050560804031647742e+07
3.050542246660795435e+07
3.050523762777974829e+07
3.050505351924112439e+07
3.050487013653242961e+07
3.050468747532197461e+07
