3.050833937873840332e+08
2.856113713005980849e+08
2.667402241181464791e+08
2.484960723065239787e+08
2.309040426558571160e+08
2.139880363805253506e+08
1.977704824186480641e+08
1.822720777907964289e+08
1.675115169859901667e+08
1.535052129318666458e+08
1.402670127795213461e+08
1.278079124917460680e+08
1.161357750571424961e+08
1.052550580583974570e+08
9.516655724647502601e+07
8.586717372042387724e+07
7.734971318160994351e+07
6.960272648252393305e+07
6.261040122052238882e+07
5.635251433494007587e+07
5.080445543772757053e+07
4.593732982833125442e+07
4.171814871015563607e+07
3.811011196430945396e+07
3.507298591934038699e+07
3.256357492539543658e+07
3.053628128904772177e+07
2.894374358368220925e+07
2.773753851622695476e+07
2.686892723063129932e+07
2.628962318869964033e+07
2.595255584395265579e+07
2.581260351161619276e+07
2.582726875380162150e+07
2.595727191847807914e+07
2.616704204769979045e+07
2.642508936945389956e+07
2.670424958356050402e+07
2.698179634902647138e+07
2.723942502217798680e+07
2.746311618896073103e+07
2.764289261302731931e+07
2.777248688078801334e+07
2.784893944998965412e+07
2.787214791732129455e+07
2.784438822318904474e+07
2.776982738580751419e+07
2.765404542406935245e+07
2.750358162626460195e+07
2.732551747812185809e+07
2.712710558248979598e+07
2.691545096273801848e+07
2.669724829377027601e+07
2.647857626901261136e+07
2.626474779091079906e+07
2.606021314799869806e+07
2.586851167739045992e+07
2.569226637383928895e+07
2.553321514889656752e+07
2.539227202419229969e+07
2.526961142056988180e+07
2.516476884337858856e+07
2.507675162409528345e+07
2.500415391816128790e+07
2.494527083632043749e+07
2.489820736011412367e+07
2.486097853463460878e+07
2.483159818570100516e+07
2.480815452366089448e+07
2.478887130773155019e+07
2.477215444344510138e+07
2.475662422630617768e+07
2.474113407367782295e+07
2.472477699639652669e+07
2.470688137564394623e+07
2.468699781758615747e+07
2.466487896468221024e+07
2.464045415794997662e+07
2.461380078076943010e+07
2.458511398543596268e+07
2.455467632286308333e+07
2.452282857790391147e+07
2.448994287158492208e+07
2.445639884006889910e+07
2.442256345003605634e+07
2.438877477147549391e+07
2.435532980994870514e+07
2.432247630770893395e+07
2.429040826125120744e+07
2.425926477471110970e+07
2.422913177507967502e+07
2.420004605593185872e+07
2.417200108936673775e+07
2.414495404806214198e+07
2.411883350678980350e+07
2.409354734081438556e+07
2.406899040235039592e+07
2.404505163060400262e+07
2.402162033096120507e+07
2.399859143520268053e+07
2.397586966640969366e+07
2.395337250387550890e+07
2.393103207252208889e+07
2.390879596800033748e+07
2.388662716772752255e+07
2.386450317340335995e+07
2.384241455141492561e+07
2.382036304277285188e+07
2.379835940980529040e+07
2.377642117441283911e+07
2.375457038407997042e+07
2.373283151893241704e+07
2.371122962776744366e+07
2.368978875486934185e+07
2.366853069405376539e+07
2.364747408299916238e+07
2.362663383047494292e+07
2.360602085221467912e+07
2.358564207827529311e+07
2.356550068586297333e+07
2.354559650665768236e+07
2.352592655630011484e+07
2.350648563544054329e+07
2.348726695601589605e+07
2.346826275259012356e+07
2.344946484602776170e+07
2.343086513485969603e+07
2.341245599788879231e+07
2.339423059939547628e+07
2.337618309535685927e+07
2.335830874510555714e+07
2.334060393764737993e+07
2.332306614534504712e+07
2.330569381986510754e+07
2.328848624625116959e+07
2.327144337086721510e+07
2.325456561792662367e+07
2.323785370758831501e+07
2.322130848637551814e+07
2.320493077816288918e+07
2.318872126137843728e+07
2.317268037554692477e+07
2.315680825799895823e+07
2.314110470959015936e+07
2.312556918668445200e+07
2.311020081549173966e+07
2.309499842411368713e+07
2.307996058732209355e+07
2.306508567912565917e+07
2.305037192851505801e+07
2.303581747434347868e+07
2.302142041602790728e+07
2.300717885757450759e+07
2.299309094327307492e+07
2.297915488421478495e+07
2.296536897551756352e+07
2.295173160476130247e+07
2.293824125261884555e+07
2.292489648700956255e+07
2.291169595230101794e+07
2.289863835515074432e+07
2.288572244853248447e+07
2.287294701534958929e+07
2.286031085282867774e+07
2.284781275863251835e+07
2.283545151935740560e+07
2.282322590180769563e+07
2.281113464718688279e+07
2.279917646812414378e+07
2.278735004827684164e+07
2.277565404411886632e+07
2.276408708844158053e+07
2.275264779505772889e+07
2.274133476420262456e+07
2.273014658816495910e+07
2.271908185674339160e+07
2.270813916220583767e+07
2.269731710351780802e+07
2.268661428969694674e+07
2.267602934223612398e+07
2.266556089661233127e+07
2.265520760295972973e+07
2.264496812603028864e+07
2.263484114459425211e+07
2.262482535044590756e+07
2.261491944717883319e+07
2.260512214888285846e+07
2.259543217889294028e+07
2.258584826869368553e+07
2.257636915705273673e+07
2.256699358942627534e+07
2.255772031765148044e+07
2.254854809991621971e+07
2.253947570097658038e+07
2.253050189257848263e+07
2.252162545403134450e+07
2.251284517287809402e+07
2.250415984560757875e+07
2.249556827836038545e+07
2.248706928758726642e+07
2.247866170062886924e+07
2.247034435619600862e+07
2.246211610474002734e+07
2.245397580871203542e+07
2.244592234271755069e+07
2.243795459357958287e+07
2.243007146032672003e+07
2.242227185412550718e+07
2.241455469817625359e+07
2.240691892759073898e+07
2.239936348926766962e+07
2.239188734177865088e+07
2.238448945527412370e+07
2.237716881141469628e+07
2.236992440333027765e+07
2.236275523560610414e+07
2.235566032429242879e+07
2.234863869693307951e+07
2.234168939260684699e+07
2.233481146197522432e+07
2.232800396733061597e+07
2.232126598263921961e+07
2.231459659357432276e+07
2.230799489753650129e+07
2.230146000365877151e+07
2.229499103279569373e+07
2.228858711749681085e+07
2.228224740196533501e+07
2.227597104200400412e+07
2.226975720495007932e+07
2.226360506960200518e+07
2.225751382613989711e+07
2.225148267604190856e+07
2.224551083199840039e+07
2.223959751782510430e+07
2.223374196837630123e+07
2.222794342945844680e+07
2.222220115774440393e+07
2.221651442068815976e+07
2.221088249643950909e+07
2.220530467375820875e+07
2.219978025192705542e+07
2.219430854066321626e+07
2.218888886002739891e+07
2.218352054033032805e+07
2.217820292203650624e+07
2.217293535566495359e+07
2.216771720168710873e+07
2.216254783042202145e+07
2.215742662192912400e+07
2.215235296589897573e+07
2.214732626154222339e+07
2.214234591747737303e+07
2.213741135161757469e+07
2.213252199105679989e+07
2.212767727195575461e+07
2.212287663942761719e+07
2.211811954742389172e+07
2.211340545862030238e+07
2.210873384430294484e+07
2.210410418425456434e+07
2.209951596664098650e+07
2.209496868789769337e+07
2.209046185261636227e+07
2.208599497343154997e+07
2.208156757090728730e+07
2.207717917342364043e+07
2.207282931706333905e+07
2.206851754549837112e+07
2.206424340987668931e+07
2.206000646870903298e+07
2.205580628775597364e+07
2.205164243991526216e+07
2.204751450510961935e+07
2.204342207017490268e+07
2.203936472874888405e+07
2.203534208116071299e+07
2.203135373432093486e+07
2.202739930161242187e+07
2.202347840278197825e+07
2.201959066383286938e+07
2.201573571691820025e+07
2.201191320023517683e+07
2.200812275792036951e+07
2.200436403994584829e+07
2.200063670201631635e+07
2.199694040546733141e+07
2.199327481716438755e+07
2.198963960940315574e+07
2.198603445981077105e+07
2.198245905124815181e+07
2.197891307171346247e+07
2.197539621424670517e+07
2.197190817683543637e+07
2.196844866232164204e+07
2.196501737830983102e+07
2.196161403707623109e+07
2.195823835547931492e+07
2.195489005487136543e+07
2.195156886101141199e+07
