4.176827195964574814e+07
4.060473434554755688e+07
3.950889151524787396e+07
3.847410527343908697e+07
3.748411996336191893e+07
3.652476796389511973e+07
3.559281970993231982e+07
3.469164031908310950e+07
3.382556299913123250e+07
3.299715832216825336e+07
3.220661722085404396e+07
3.145252036729288101e+07
3.073326226323864982e+07
3.004818102252353728e+07
2.939779370540423691e+07
2.878308921854702756e+07
2.820455306596759707e+07
2.766160313373953849e+07
2.715277234126355872e+07
2.667639822098667175e+07
2.623125269587717950e+07
2.581670549564068019e+07
2.543241789815808460e+07
2.507785340816814080e+07
2.475194764861449972e+07
2.445313785109303519e+07
2.417969675944378600e+07
2.393009543071470782e+07
2.370311016437941417e+07
2.349762040299604833e+07
2.331231640436965972e+07
2.314559711787551641e+07
2.299574182311887667e+07
2.286118356618040800e+07
2.274064085645287484e+07
2.263301882522009313e+07
2.253720198989057541e+07
2.245194024960990995e+07
2.237592621144214645e+07
2.230797687912561744e+07
2.224713964955635369e+07
2.219263234284223989e+07
2.214370156624129787e+07
2.209955499725522101e+07
2.205942604905346036e+07
2.202268423809045926e+07
2.198886824160287529e+07
2.195761416853369772e+07
2.192856356665727124e+07
2.190134668798940629e+07
2.187564494752705842e+07
2.185124943512772024e+07
2.182804587137088552e+07
2.180594656693016365e+07
2.178484631656876951e+07
2.176464143669864535e+07
2.174527420478657633e+07
2.172674181069096178e+07
2.170905919021225721e+07
2.169222117229427770e+07
2.167620472972816974e+07
2.166099932766640186e+07
2.164662153514775261e+07
2.163309556357280910e+07
2.162042596239111945e+07
2.160859499377079308e+07
2.159758250932125002e+07
2.158737907345376164e+07
2.157797644275961071e+07
2.156935098264006525e+07
2.156146269527383521e+07
2.155426941805912554e+07
2.154773639005684108e+07
2.154183046181356162e+07
2.153650991721954942e+07
2.153172492415550351e+07
2.152742726161548123e+07
2.152357586299817264e+07
2.152013238598064333e+07
2.151705527055587247e+07
2.151430137663842738e+07
2.151183246128822118e+07
2.150961744525976479e+07
2.150762844096880406e+07
2.150583721643649787e+07
2.150421692588699609e+07
2.150274574713873118e+07
2.150140689532850683e+07
2.150018540843921155e+07
2.149906653093249351e+07
2.149803744162119180e+07
2.149708901231899112e+07
2.149621474016774446e+07
2.149540845707446337e+07
2.149466388918536901e+07
2.149397599484889954e+07
2.149334150704865903e+07
2.149275774272304401e+07
2.149222146671823412e+07
2.149172926408462971e+07
2.149127845965013653e+07
2.149086700657369196e+07
2.149049257087834924e+07
2.149015221664965153e+07
2.148984300391103327e+07
2.148956243501413986e+07
2.148930811931190640e+07
2.148907732391107082e+07
2.148886714888441563e+07
2.148867500179092586e+07
2.148849864542397857e+07
2.148833586002264544e+07
2.148818433940656483e+07
2.148804197466862947e+07
2.148790705257828534e+07
2.148777810043256730e+07
2.148765369406284019e+07
2.148753254115454853e+07
2.148741366089763865e+07
2.148729635170241073e+07
2.148718001690652221e+07
2.148706412573141232e+07
2.148694832215873152e+07
2.148683245437697321e+07
2.148671646099621803e+07
2.148660029026152194e+07
2.148648394656878337e+07
2.148636753860322386e+07
2.148625122385513410e+07
2.148613513303792477e+07
2.148601937972985208e+07
2.148590410654535517e+07
2.148578947077104449e+07
2.148567559220146388e+07
2.148556254808495566e+07
2.148545041047288477e+07
2.148533925381254405e+07
2.148522912462756038e+07
2.148512003183697537e+07
2.148501197292098776e+07
2.148490494899690896e+07
2.148479894939814508e+07
2.148469394200708717e+07
2.148458988970620558e+07
2.148448676484283060e+07
2.148438454129356518e+07
2.148428318519217521e+07
2.148418266343955696e+07
2.148408295433879644e+07
2.148398404307122529e+07
2.148388591360943392e+07
2.148378855239749700e+07
2.148369195531485975e+07
2.148359612463536114e+07
2.148350106227213889e+07
2.148340677082921565e+07
2.148331325796579197e+07
2.148322053441134095e+07
2.148312860905151442e+07
2.148303748928141594e+07
2.148294718405650556e+07
2.148285770277271792e+07
2.148276905197351426e+07
2.148268123563091457e+07
2.148259425742491335e+07
2.148250812026448920e+07
2.148242282435617596e+07
2.148233836773020029e+07
2.148225474805372953e+07
2.148217196245861426e+07
2.148209000638297573e+07
2.148200887409299612e+07
2.148192855997003615e+07
2.148184905838683993e+07
2.148177036301278323e+07
2.148169246729465947e+07
2.148161536530411243e+07
2.148153905152896047e+07
2.148146352035523206e+07
2.148138876637459174e+07
2.148131478483658284e+07
2.148124157137617096e+07
2.148116912166118994e+07
2.148109743162592500e+07
2.148102649769314378e+07
2.148095631648658216e+07
2.148088688458135724e+07
2.148081819865884632e+07
2.148075025558906049e+07
2.148068305220410228e+07
2.148061658518964797e+07
2.148055085123362765e+07
2.148048584705364704e+07
2.148042156923242286e+07
2.148035801418331265e+07
2.148029517826303840e+07
2.148023305776914209e+07
2.148017164885000885e+07
2.148011094753720611e+07
2.148005094983612001e+07
2.147999165170497447e+07
2.147993304899943620e+07
2.147987513751056045e+07
2.147981791301288456e+07
2.147976137123644352e+07
2.147970550784790143e+07
2.147965031849329919e+07
2.147959579881723225e+07
2.147954194442956522e+07
2.147948875089582801e+07
2.147943621376213431e+07
2.147938432855336368e+07
2.147933309075143933e+07
2.147928249580264837e+07
2.147923253913503885e+07
2.147918321614768356e+07
2.147913452219571173e+07
2.147908645259822160e+07
2.147903900264506042e+07
2.147899216758812591e+07
2.147894594264090806e+07
2.147890032299046218e+07
2.147885530379936844e+07
2.147881088019867986e+07
2.147876704729042575e+07
2.147872380015488714e+07
2.147868113385002688e+07
2.147863904341104627e+07
2.147859752385737374e+07
2.147855657019704580e+07
2.147851617742432654e+07
2.147847634052004665e+07
2.147843705445580184e+07
2.147839831419513002e+07
2.147836011469320208e+07
2.147832245090015978e+07
2.147828531776430458e+07
2.147824871023140103e+07
2.147821262324438989e+07
2.147817705174555629e+07
2.147814199067772925e+07
2.147810743498449028e+07
2.147807337961210310e+07
2.147803981951179355e+07
2.147800674964005128e+07
2.147797416495873779e+07
2.147794206043660268e+07
2.147791043105047196e+07
2.147787927178597823e+07
2.147784857763905823e+07
2.147781834361768514e+07
2.147778856474254280e+07
2.147775923604746908e+07
2.147773035258053988e+07
2.147770190940511227e+07
2.147767390160055459e+07
2.147764632426339388e+07
2.147761917250853032e+07
2.147759244146984816e+07
2.147756612630064785e+07
2.147754022217443585e+07
2.147751472428570315e+07
2.147748962785051018e+07
2.147746492810736597e+07
2.147744062031808496e+07
2.147741669976825267e+07
2.147739316176769137e+07
2.147737000165105984e+07
2.147734721477842331e+07
2.147732479653583467e+07
2.147730274233599752e+07
2.147728104761891067e+07
2.147725970785226673e+07
2.147723871853189915e+07
2.147721807518224418e+07
2.147719777335681766e+07
2.147717780863869935e+07
2.147715817664103210e+07
2.147713887300748378e+07
2.147711989341260120e+07
2.147710123356211931e+07
2.147708288919333741e+07
2.147706485607547313e+07
2.147704713001001626e+07
2.147702970683107898e+07
2.147701258240570128e+07
2.147699575263412669e+07
2.147697921344997734e+07
2.147696296082056314e+07
2.147694699074707925e+07
2.147693129926487058e+07
2.147691588244365156e+07
2.147690073638769239e+07
2.147688585723597556e+07
2.147687124116233364e+07
2.147685688437560946e+07
2.147684278311979026e+07
2.147682893367415294e+07
2.147681533235337958e+07
2.147680197550763935e+07
