1.184769964039523602e+08
1.071848325634279698e+08
9.665049611398419738e+07
8.689977343072274327e+07
7.795483781858123839e+07
6.983329228851433098e+07
6.254709155674593151e+07
5.610135592745235562e+07
5.049310726453468204e+07
4.570998178578232229e+07
4.172900664370785654e+07
3.851556463375160098e+07
3.602271078808593005e+07
3.419103380326820910e+07
3.294926197192110121e+07
3.221577957850239426e+07
3.190113238605067134e+07
3.191146015356167033e+07
3.215262129894372076e+07
3.253461327397764102e+07
3.297579439022932202e+07
3.340641725970792025e+07
3.377109487523806095e+07
3.403000381570958346e+07
3.415882959872566164e+07
3.414762495846004784e+07
3.399885328520743549e+07
3.372492338893106580e+07
3.334550325388269871e+07
3.288485133734284714e+07
3.236934379389432445e+07
3.182531801385375857e+07
3.127730372520259023e+07
3.074667440838907659e+07
3.025072287500435114e+07
2.980214339405402541e+07
2.940888651686217263e+07
2.907434010829839855e+07
2.879778023200723156e+07
2.857502802813517302e+07
2.839924449192411080e+07
2.826179379065946490e+07
2.815310871998080611e+07
2.806349867456952482e+07
2.798385094252962619e+07
2.790618931786353141e+07
2.782406874188384414e+07
2.773279953957606852e+07
2.762950847747830302e+07
2.751305527800172940e+07
2.738383146993606538e+07
2.724347406346587092e+07
2.709452763975998759e+07
2.694008831874337792e+07
2.678345928415906429e+07
2.662784268968235329e+07
2.647608659827437252e+07
2.633049891299379617e+07
2.619273353819540888e+07
2.606374772164438292e+07
2.594382405647092685e+07
2.583264627498666942e+07
2.572941496198719740e+07
2.563298776669168472e+07
2.554202859744507819e+07
2.545515152027726918e+07
2.537104742049383000e+07
2.528858460881942138e+07
2.520687809255500138e+07
2.512532581092438847e+07
2.504361340783800557e+07
2.496169180754560977e+07
2.487973378273874521e+07
2.479807677488843352e+07
2.471715945446023345e+07
2.463745898855113238e+07
2.455943487125506252e+07
2.448348366003089771e+07
2.440990725363474712e+07
2.433889563766876608e+07
2.427052347863211483e+07
2.420475869993942603e+07
2.414148023924744874e+07
2.408050185667559505e+07
2.402159852036751434e+07
2.396453240428092331e+07
2.390907590049701929e+07
2.385502979787940904e+07
2.380223555046412721e+07
2.375058132878248021e+07
2.370000223166783154e+07
2.365047557818507776e+07
2.360201256487891823e+07
2.355464775112074614e+07
2.350842783428772539e+07
2.346340102312803268e+07
2.341960805018049479e+07
2.337707552714893594e+07
2.333581198625612259e+07
2.329580660751147196e+07
2.325703034051301703e+07
2.321943891362050176e+07
2.318297709542744979e+07
2.314758353455586731e+07
2.311319554516688734e+07
2.307975331089755893e+07
2.304720312450357527e+07
2.301549947343259305e+07
2.298460587374355644e+07
2.295449462263242900e+07
2.292514563032831252e+07
2.289654463418469205e+07
2.286868110051595792e+07
2.284154610973981768e+07
2.281513047473488003e+07
2.278942327464333177e+07
2.276441090794375539e+07
2.274007669035938755e+07
2.271640095427065343e+07
2.269336155348689109e+07
2.267093464429497719e+07
2.264909560149112716e+07
2.262781993485696986e+07
2.260708409349197149e+07
2.258686607753449678e+07
2.256714581360031292e+07
2.254790528651936352e+07
2.252912845130069554e+07
2.251080097261008248e+07
2.249290985277135670e+07
2.247544301320456713e+07
2.245838888934706151e+07
2.244173608745401353e+07
2.242547313577476144e+07
2.240958834513016045e+07
2.239406977734196931e+07
2.237890530626340955e+07
2.236408274663663656e+07
2.234959002122713625e+07
2.233541533652839810e+07
2.232154734108339995e+07
2.230797524702716246e+07
2.229468890351235494e+07
2.228167881894042343e+07
2.226893613625874743e+07
2.225645257117146254e+07
2.224422032648085058e+07
2.223223199682790786e+07
2.222048047706165910e+07
2.220895888480942696e+07
2.219766050416126102e+07
2.218657875337694585e+07
2.217570717577477917e+07
2.216503944993831217e+07
2.215456941337922588e+07
2.214429109293248504e+07
2.213419873536958545e+07
2.212428683279700577e+07
2.211455013906797767e+07
2.210498367535157874e+07
2.209558272486413270e+07
2.208634281832110137e+07
2.207725971274311841e+07
2.206832936677358672e+07
2.205954791565094143e+07
2.205091164851769060e+07
2.204241698997743055e+07
2.203406048689386994e+07
2.202583880051741004e+07
2.201774870325646549e+07
2.200978707887102291e+07
2.200195092459711432e+07
2.199423735370732844e+07
2.198664359723177552e+07
2.197916700393678993e+07
2.197180503810430318e+07
2.196455527509450912e+07
2.195741539504358545e+07
2.195038317530184239e+07
2.194345648233717680e+07
2.193663326381676272e+07
2.192991154146053270e+07
2.192328940506839752e+07
2.191676500790018588e+07
2.191033656337285787e+07
2.190400234286442399e+07
2.189776067429954559e+07
2.189160994114511460e+07
2.188554858146233484e+07
2.187957508673051000e+07
2.187368800025914609e+07
2.186788591511702538e+07
2.186216747161101550e+07
2.185653135442855954e+07
2.185097628960645199e+07
2.184550104150362313e+07
2.184010440993905067e+07
2.183478522761669010e+07
2.182954235790682212e+07
2.182437469299840927e+07
2.181928115238886327e+07
2.181426068164315820e+07
2.180931225133595988e+07
2.180443485608963668e+07
2.179962751363369450e+07
2.179488926383388788e+07
2.179021916766592860e+07
2.178561630613458157e+07
2.178107977915956825e+07
2.177660870446261764e+07
2.177220221649447456e+07
2.176785946543703228e+07
2.176357961630608141e+07
2.175936184816755727e+07
2.175520535346632823e+07
2.175110933745510131e+07
2.174707301770274341e+07
2.174309562365763634e+07
2.173917639624216780e+07
2.173531458745876700e+07
2.173150945999418199e+07
2.172776028681618720e+07
2.172406635076364875e+07
2.172042694413623959e+07
2.171684136829314381e+07
2.171330893327088282e+07
2.170982895742918923e+07
2.170640076861333847e+07
2.170302369789620489e+07
2.169969708836284280e+07
2.169642028882718459e+07
2.169319265517308563e+07
2.169001355018676817e+07
2.168688234340376779e+07
2.168379841096584499e+07
2.168076113548469171e+07
2.167776990591122210e+07
2.167482411741053686e+07
2.167192317124380171e+07
2.166906647465869039e+07
2.166625344078981131e+07
2.166348348857019842e+07
2.166075604265392572e+07
2.165807053334930539e+07
2.165542639656107500e+07
2.165282307373998314e+07
2.165026001183745265e+07
2.164773666326371580e+07
2.164525248584772646e+07
2.164280694279790670e+07
2.164039950266339257e+07
2.163802963929567486e+07
2.163569683181113005e+07
2.163340056455494463e+07
2.163114032706711069e+07
2.162891561405080557e+07
2.162672592534350604e+07
2.162457076589076966e+07
2.162244964572244883e+07
2.162036207993093133e+07
2.161830758865096420e+07
2.161628569704048708e+07
2.161429593526216224e+07
2.161233783846517280e+07
2.161041094676722214e+07
2.160851480523652211e+07
2.160664896387384832e+07
2.160481297759467363e+07
2.160300640621140599e+07
2.160122881441568583e+07
2.159947977176080272e+07
2.159775885264399275e+07
2.159606563628859818e+07
2.159439970672583953e+07
2.159276065277609229e+07
2.159114806802956760e+07
2.158956155082617700e+07
2.158800070423470065e+07
2.158646513603115827e+07
2.158495445867642015e+07
2.158346828929316998e+07
2.158200624964223802e+07
2.158056796609842032e+07
2.157915306962580606e+07
2.157776119575261325e+07
2.157639198454565927e+07
2.157504508058433607e+07
2.157372013293417916e+07
2.157241679511994496e+07
2.157113472509823740e+07
2.156987358522961289e+07
2.156863304225028679e+07
2.156741276724325120e+07
2.156621243560902029e+07
2.156503172703589499e+07
2.156387032546977326e+07
2.156272791908360273e+07
2.156160420024634525e+07
2.156049886549164355e+07
2.155941161548597366e+07
