2.078767733780764788e+07
1.956487774525172263e+07
1.874520233445652202e+07
1.828659499840212613e+07
1.806145964017915726e+07
1.791299464902051166e+07
1.774813674932985008e+07
1.753382684777703136e+07
1.726765991160237789e+07
1.696156093509070948e+07
1.663316974076184444e+07
1.630076660146010667e+07
1.598013276314301416e+07
1.568264646150434390e+07
1.541434634879016876e+07
1.517590988393783756e+07
1.496353338700028881e+07
1.477058143554809317e+07
1.458966172770470940e+07
1.441461074455654435e+07
1.424187974071888067e+07
1.407101683748389222e+07
1.390424335892299190e+07
1.374537618575808778e+07
1.359847471711491980e+07
1.346659679004460014e+07
1.335097175816935115e+07
1.325076999769264087e+07
1.316348337185057998e+07
1.308575800082843378e+07
1.301438912876414880e+07
1.294715175094741769e+07
1.288321973259745911e+07
1.282308644899627194e+07
1.276807314715099894e+07
1.271963423777683079e+07
1.267870949744427204e+07
1.264533142561616749e+07
1.261859234634378739e+07
1.259694472422994860e+07
1.257869327039282396e+07
1.256248048947844841e+07
1.254758933519452251e+07
1.253397458687834442e+07
1.252204723203035630e+07
1.251232614062862098e+07
1.250510697832291201e+07
1.250027319427102804e+07
1.249730427048166282e+07
1.249545268722251058e+07
1.249399693297534063e+07
1.249245777189370990e+07
1.249069365076681599e+07
1.248885178717288934e+07
1.248721471365224384e+07
1.248602055996717885e+07
1.248533587552239560e+07
1.248502686521006003e+07
1.248482662170301378e+07
1.248445485102394223e+07
1.248372973945471272e+07
1.248262350704387017e+07
1.248124494280043058e+07
1.247976703983536363e+07
1.247833975159573928e+07
1.247702881876177713e+07
1.247580397119292989e+07
1.247457400874532387e+07
1.247324513581086695e+07
1.247177162322359905e+07
1.247017602075184509e+07
1.246853386683690175e+07
1.246693543575767241e+07
1.246544615224518254e+07
1.246408472414186038e+07
1.246282667530037835e+07
1.246162753496119753e+07
1.246045127147378214e+07
1.245928921206376702e+07
1.245816165141861513e+07
1.245710413155077957e+07
1.245614771041831747e+07
1.245530412043721974e+07
1.245456258618107811e+07
1.245389813006944582e+07
1.245328537268618867e+07
1.245270994601721317e+07
1.245217208850470185e+07
1.245168188333129324e+07
1.245125003307044134e+07
1.245087978447073326e+07
1.245056412316346541e+07
1.245028891543788649e+07
1.245003939950832352e+07
1.244980604290254414e+07
1.244958674607422575e+07
1.244938481485375389e+07
1.244920450310099870e+07
1.244904695880710334e+07
1.244890873078789189e+07
1.244878323683835939e+07
1.244866388919846714e+07
1.244854685736596957e+07
1.244843197155624256e+07
1.244832155181077495e+07
1.244821815107029118e+07
1.244812265655821934e+07
1.244803375735999271e+07
1.244794884274806827e+07
1.244786556414596736e+07
1.244778303545065969e+07
1.244770202285888046e+07
1.244762416986227781e+07
1.244755086123101413e+07
1.244748244536368176e+07
1.244741820761066116e+07
1.244735697972987778e+07
1.244729791197701730e+07
1.244724091544502974e+07
1.244718656167626008e+07
1.244713558958904445e+07
1.244708838382108882e+07
1.244704474699379317e+07
1.244700405655939318e+07
1.244696564661292359e+07
1.244692914309557714e+07
1.244689455452067405e+07
1.244686210478756949e+07
1.244683195759524405e+07
1.244680402504631132e+07
1.244677796820385940e+07
1.244675335831943341e+07
1.244672987070783973e+07
1.244670738350089639e+07
1.244668593518660963e+07
1.244666559272734448e+07
1.244664633071707003e+07
1.244662799798934348e+07
1.244661037852433883e+07
1.244659329089134000e+07
1.244657665449088067e+07
1.244656048448009975e+07
1.244654483042694256e+07
1.244652970827259123e+07
1.244651507125736587e+07
1.244650083189577609e+07
1.244648691101615131e+07
1.244647327581719123e+07
1.244645994270086288e+07
1.244644694850122742e+07
1.244643431454032287e+07
1.244642202874434739e+07
1.244641005455523729e+07
1.244639835564837605e+07
1.244638691654424742e+07
1.244637574544424936e+07
1.244636486024613678e+07
1.244635427021827176e+07
1.244634396674764156e+07
1.244633392800917104e+07
1.244632413187509030e+07
1.244631456659150496e+07
1.244630523211866245e+07
1.244629613284365833e+07
1.244628726837145910e+07
1.244627862932651676e+07
1.244627020034464821e+07
1.244626196691981889e+07
1.244625392056976631e+07
1.244624605893179029e+07
1.244623838162848540e+07
1.244623088565195352e+07
1.244622356371473148e+07
1.244621640625752136e+07
1.244620940500880964e+07
1.244620255521044508e+07
1.244619585509432852e+07
1.244618930346070975e+07
1.244618289746307023e+07
1.244617663218817115e+07
1.244617050201128051e+07
1.244616450238620117e+07
1.244615863063546456e+07
1.244615288530329242e+07
1.244614726479106769e+07
1.244614176641345210e+07
1.244613638650094718e+07
1.244613112127539515e+07
1.244612596768703684e+07
1.244612092357379384e+07
1.244611598713466711e+07
1.244611115623864904e+07
1.244610642812862620e+07
1.244610179967976362e+07
1.244609726791662723e+07
1.244609283034467697e+07
1.244608848487343453e+07
1.244608422946556285e+07
1.244608006183699518e+07
1.244607597943666019e+07
1.244607197967492230e+07
1.244606806017911434e+07
1.244606421887154877e+07
1.244606045384119451e+07
1.244605676314870641e+07
1.244605314473283663e+07
1.244604959647570923e+07
1.244604611634687334e+07
1.244604270249649324e+07
1.244603935323102586e+07
1.244603606691079214e+07
1.244603284186478145e+07
1.244602967638722807e+07
1.244602656880280748e+07
1.244602351753368229e+07
1.244602052111188695e+07
1.244601757813524455e+07
1.244601468721165136e+07
1.244601184693848342e+07
1.244600905592676625e+07
1.244600631284123287e+07
1.244600361641930975e+07
1.244600096545615792e+07
1.244599835877337493e+07
1.244599579519961961e+07
1.244599327357649431e+07
1.244599079277965054e+07
1.244598835173407942e+07
1.244598594941122830e+07
1.244598358481311239e+07
1.244598125695872866e+07
1.244597896488343552e+07
1.244597670764906146e+07
1.244597448435378075e+07
1.244597229413287342e+07
1.244597013615081646e+07
1.244596800959249213e+07
1.244596591366066039e+07
1.244596384758017771e+07
1.244596181060351990e+07
1.244595980201205797e+07
1.244595782111211494e+07
1.244595586722962186e+07
1.244595393970774114e+07
1.244595203790837340e+07
1.244595016121509299e+07
1.244594830903406069e+07
1.244594648079197295e+07
1.244594467593284883e+07
1.244594289391617849e+07
1.244594113421730138e+07
1.244593939632881433e+07
1.244593767976108752e+07
1.244593598404113948e+07
1.244593430871073715e+07
1.244593265332512930e+07
1.244593101745304093e+07
1.244592940067730844e+07
1.244592780259508640e+07
1.244592622281713784e+07
1.244592466096665710e+07
1.244592311667837575e+07
1.244592158959840052e+07
1.244592007938439958e+07
1.244591858570561185e+07
1.244591710824233666e+07
1.244591564668514952e+07
1.244591420073432848e+07
1.244591277009960636e+07
1.244591135450019874e+07
1.244590995366467349e+07
1.244590856733055599e+07
1.244590719524380006e+07
1.244590583715833724e+07
1.244590449283586815e+07
1.244590316204576567e+07
1.244590184456490166e+07
1.244590054017733783e+07
1.244589924867394194e+07
1.244589796985208243e+07
1.244589670351543464e+07
1.244589544947385415e+07
1.244589420754320733e+07
1.244589297754512727e+07
1.244589175930671766e+07
1.244589055266033299e+07
1.244588935744339600e+07
1.244588817349828966e+07
1.244588700067217089e+07
1.244588583881678432e+07
1.244588468778825179e+07
1.244588354744689167e+07
1.244588241765708290e+07
1.244588129828715324e+07
1.244588018920921721e+07
1.244587909029903077e+07
1.244587800143582374e+07
1.244587692250216380e+07
1.244587585338383541e+07
1.244587479396973923e+07
