8.886666498787572980e+07
7.949593446989470720e+07
7.112265382682812214e+07
6.397865274077676982e+07
5.802641715153698623e+07
5.296227481857269257e+07
4.877965411443419755e+07
4.545674288002029061e+07
4.295318791380678117e+07
4.120754748663341999e+07
4.013615416590231657e+07
3.963421469219864905e+07
3.957983778069214523e+07
3.984115220308431983e+07
4.028582733338692039e+07
4.079145294305286556e+07
4.125481164307100326e+07
4.159834516019785404e+07
4.177294483067041636e+07
4.175716688327091187e+07
4.155368077546957135e+07
4.118404085994976014e+07
4.068280134681179374e+07
4.009174466894045472e+07
3.945471444574332237e+07
3.881331814457665384e+07
3.820361330717749149e+07
3.765380326424488425e+07
3.718292028802803904e+07
3.680044359438881278e+07
3.650677029848480970e+07
3.629442134565885365e+07
3.614982180512721837e+07
3.605545282671830058e+07
3.599214214191234857e+07
3.594125228483664989e+07
3.588654739208190888e+07
3.581556993274272233e+07
3.572042998832046986e+07
3.559798884306643903e+07
3.544949201357512176e+07
3.527976385273939371e+07
3.509611100613662601e+07
3.490709478180207312e+07
3.472132588266283274e+07
3.454641343591006845e+07
3.438816838822592795e+07
3.425012310818164051e+07
3.413338796868934482e+07
3.403682525814414024e+07
3.395748475559484959e+07
3.389121764439053088e+07
3.383336964672151953e+07
3.377945253810320795e+07
3.372570562840159237e+07
3.366948301704759896e+07
3.360943400632295012e+07
3.354547742299184948e+07
3.347860028676417843e+07
3.341053299413676187e+07
3.334336453214717656e+07
3.327916177661649138e+07
3.321964797525072470e+07
3.316597960604273900e+07
3.311864112958936021e+07
3.307745704574367777e+07
3.304170309670521691e+07
3.301028579399150610e+07
3.298195298388942331e+07
3.295549828084519506e+07
3.292992809582936764e+07
3.290457009544869512e+07
3.287911413240265474e+07
3.285358876779192314e+07
3.282828651527727395e+07
3.280365750328745320e+07
3.278019373341354728e+07
3.275832461579758674e+07
3.273833972734104842e+07
3.272034794917380065e+07
3.270427468148679286e+07
3.268989204890071228e+07
3.267687198044441640e+07
3.266484943903166056e+07
3.265348305475668609e+07
3.264250267315874994e+07
3.263173717494246364e+07
3.262112045643012598e+07
3.261067775882377476e+07
3.260049783426930383e+07
3.259069825658552349e+07
3.258139138393567130e+07
3.257265724376130104e+07
3.256452736862933263e+07
3.255698092990167066e+07
3.254995196670269594e+07
3.254334456008517742e+07
3.253705174658811837e+07
3.253097387962247431e+07
3.252503291022514552e+07
3.251918040041788667e+07
3.251339865610324219e+07
3.250769582777144015e+07
3.250209690206818655e+07
3.249663303651478514e+07
3.249133164584928751e+07
3.248620912326633558e+07
3.248126724963969737e+07
3.247649342249251530e+07
3.247186402672953159e+07
3.246734972229300439e+07
3.246292121545805782e+07
3.245855420455528796e+07
3.245423257245312631e+07
3.244994941823434830e+07
3.244570604773724079e+07
3.244150946296602860e+07
3.243736912931282446e+07
3.243329383267393336e+07
3.242928928978621215e+07
3.242535690452582389e+07
3.242149374838320166e+07
3.241769356083639711e+07
3.241394837246435136e+07
3.241025027946429700e+07
3.240659294104857743e+07
3.240297250337802991e+07
3.239938783170958608e+07
3.239584010899016261e+07
3.239233199439059198e+07
3.238886660482643917e+07
3.238544658064602688e+07
3.238207343491489813e+07
3.237874728767090291e+07
3.237546698056611046e+07
3.237223047936182469e+07
3.236903541956532747e+07
3.236587964074297994e+07
3.236276158336245641e+07
3.235968047570298985e+07
3.235663630065619200e+07
3.235362958687421679e+07
3.235066110380913317e+07
3.234773155037254095e+07
3.234484131371854246e+07
3.234199034495539218e+07
3.233917816228476912e+07
3.233640395909214020e+07
3.233366677243457362e+07
3.233096565989191458e+07
3.232829983937680721e+07
3.232566876333021373e+07
3.232307211993008852e+07
3.232050977350841463e+07
3.231798166965658963e+07
3.231548773516878858e+07
3.231302779923518747e+07
3.231060155245945603e+07
3.230820854782766476e+07
3.230584823630511761e+07
3.230352002205772325e+07
3.230122331975320354e+07
3.229895759881653637e+07
3.229672240545973554e+07
3.229451736065812781e+07
3.229234213885363191e+07
3.229019643642027676e+07
3.228807994009349123e+07
3.228599230383980647e+07
3.228393313895751163e+07
3.228190201785177365e+07
3.227989848818724230e+07
3.227792209188834205e+07
3.227597238308333233e+07
3.227404894036896527e+07
3.227215137108990550e+07
3.227027930788306147e+07
3.226843239979703724e+07
3.226661030138257518e+07
3.226481266312332451e+07
3.226303912562964857e+07
3.226128931856347248e+07
3.225956286378465593e+07
3.225785938112251833e+07
3.225617849471664429e+07
3.225451983806276694e+07
3.225288305658095703e+07
3.225126780742211267e+07
3.224967375705514103e+07
3.224810057771133259e+07
3.224654794390067086e+07
3.224501552998460829e+07
3.224350300931800529e+07
3.224201005493431911e+07
3.224053634130888805e+07
3.223908154650354758e+07
3.223764535400534421e+07
3.223622745377855748e+07
3.223482754236036167e+07
3.223344532213793695e+07
3.223208050016022846e+07
3.223073278691269830e+07
3.222940189542026073e+07
3.222808754088382050e+07
3.222678944086251408e+07
3.222550731584991887e+07
3.222424089000172913e+07
3.222298989176890999e+07
3.222175405426101387e+07
3.222053311527533829e+07
3.221932681703864038e+07
3.221813490578648448e+07
3.221695713133178279e+07
3.221579324675112963e+07
3.221464300825899094e+07
3.221350617526961118e+07
3.221238251058974490e+07
3.221127178065418079e+07
3.221017375571821630e+07
3.220908820994928479e+07
3.220801492140046880e+07
3.220695367188839242e+07
3.220590424682279676e+07
3.220486643504229188e+07
3.220384002869848162e+07
3.220282482320829108e+07
3.220182061726897582e+07
3.220082721291147172e+07
3.219984441555958241e+07
3.219887203406599164e+07
3.219790988070832193e+07
3.219695777114387602e+07
3.219601552433460951e+07
3.219508296246133372e+07
3.219415991084606200e+07
3.219324619789519161e+07
3.219234165506727248e+07
3.219144611686050519e+07
3.219055942080923170e+07
3.218968140747777000e+07
3.218881192044276372e+07
3.218795080626022071e+07
3.218709791441914439e+07
3.218625309728754312e+07
3.218541621005798131e+07
3.218458711069876328e+07
3.218376565991354734e+07
3.218295172110925242e+07
3.218214516036912799e+07
3.218134584642646462e+07
3.218055365063561499e+07
3.217976844693759829e+07
3.217899011182064936e+07
3.217821852427719533e+07
3.217745356575987861e+07
3.217669512013920769e+07
3.217594307366434857e+07
3.217519731492727995e+07
3.217445773482957482e+07
3.217372422655020282e+07
3.217299668551276997e+07
3.217227500935126096e+07
3.217155909787380323e+07
3.217084885302521661e+07
3.217014417884891480e+07
3.216944498144938052e+07
3.216875116895573214e+07
3.216806265148679167e+07
3.216737934111726284e+07
3.216670115184463933e+07
3.216602799955619872e+07
3.216535980199576542e+07
3.216469647873000801e+07
3.216403795111452788e+07
3.216338414226000011e+07
3.216273497699875757e+07
3.216209038185209781e+07
3.216145028499843553e+07
3.216081461624208093e+07
3.216018330698272958e+07
3.215955629018499702e+07
3.215893350034828484e+07
3.215831487347653508e+07
3.215770034704818949e+07
3.215708985998622328e+07
3.215648335262867063e+07
3.215588076669950411e+07
3.215528204528009146e+07
3.215468713278109208e+07
3.215409597491490096e+07
3.215350851866829768e+07
3.215292471227557585e+07
3.215234450519187003e+07
3.215176784806684777e+07
3.215119469271870703e+07
3.215062499210876599e+07
3.215005870031628013e+07
3.214949577251387388e+07
3.214893616494335979e+07
3.214837983489193767e+07
