8.320256911079165339e+07
7.466644531553176045e+07
6.691572776349272579e+07
5.982501990140821040e+07
5.340438180220271647e+07
4.765948773838092387e+07
4.259076037883877754e+07
3.819248121948400140e+07
3.445190333911967278e+07
3.134842534857024252e+07
2.885291191960492730e+07
2.692727065769065917e+07
2.552441221320983022e+07
2.458872233971255273e+07
2.405715171387484670e+07
2.386097487768249214e+07
2.392818383812485635e+07
2.418637587372290343e+07
2.456589188689111173e+07
2.500288960816673562e+07
2.544202027866689861e+07
2.583842642630165815e+07
2.615888116901239008e+07
2.638201819177751988e+07
2.649772364466516674e+07
2.650585132562849671e+07
2.641446940238155425e+07
2.623785322994492948e+07
2.599441588916060328e+07
2.570472969361916557e+07
2.538974970992455631e+07
2.506931175349605456e+07
2.476094567972443998e+07
2.447902040437329933e+07
2.423421862249512598e+07
2.403332479636336863e+07
2.387929803013633937e+07
2.377159102484393865e+07
2.370666703193876892e+07
2.367865948740186542e+07
2.368011410538426787e+07
2.370275217718464136e+07
2.373819696252955124e+07
2.377861264518541843e+07
2.381721675349782780e+07
2.384864104208363965e+07
2.386913101564691216e+07
2.387658887920925766e+07
2.387047725694540516e+07
2.385161049332121015e+07
2.382186621199758351e+07
2.378385203100762516e+07
2.374056127694680542e+07
2.369504781519063562e+07
2.365014444244316965e+07
2.360824241263622046e+07
2.357114228142848611e+07
2.353997897614264861e+07
2.351521735699513555e+07
2.349670896766144782e+07
2.348379650999838114e+07
2.347545003085185587e+07
2.347041795376397669e+07
2.346737685376540199e+07
2.346506604443371668e+07
2.346239628570955992e+07
2.345852580748605728e+07
2.345290092360610887e+07
2.344526235081605241e+07
2.343562158448075503e+07
2.342421405955637991e+07
2.341143720628660172e+07
2.339778188289310411e+07
2.338376512746354938e+07
2.336987089610005170e+07
2.335650367407936975e+07
2.334395781218981743e+07
2.333240339502020925e+07
2.332188760431253165e+07
2.331234906279765069e+07
2.330364163764879853e+07
2.329556369079299644e+07
2.328788876928423718e+07
2.328039416538588703e+07
2.327288453782691061e+07
2.326520874587141722e+07
2.325726907400742918e+07
2.324902299482940882e+07
2.324047843108629435e+07
2.323168406571779400e+07
2.322271657645857334e+07
2.321366673870889097e+07
2.320462617589058727e+07
2.319567619185335562e+07
2.318687966006751359e+07
2.317827643872111291e+07
2.316988229467402771e+07
2.316169090664080530e+07
2.315367821715452522e+07
2.314580823362494260e+07
2.313803934263835847e+07
2.313033028390856087e+07
2.312264510404759273e+07
2.311495664123705029e+07
2.310724834335502610e+07
2.309951446012496948e+07
2.309175884681119770e+07
2.308399275431296602e+07
2.307623204973814636e+07
2.306849431399121135e+07
2.306079620817763358e+07
2.305315140419252217e+07
2.304556925530382618e+07
2.303805425871116668e+07
2.303060625062356144e+07
2.302322118797474355e+07
2.301589231700373068e+07
2.300861150972975791e+07
2.300137056212353706e+07
2.299416228597817570e+07
2.298698128116078675e+07
2.297982433625362813e+07
2.297269046431482583e+07
2.296558062906940281e+07
2.295849725024472550e+07
2.295144359276424721e+07
2.294442314359407499e+07
2.293743906492737681e+07
2.293049378737000003e+07
2.292358877686052024e+07
2.291672447915521264e+07
2.290990042001965642e+07
2.290311542075729370e+07
2.289636787887549773e+07
2.288965606258580461e+07
2.288297837425495684e+07
2.287633354977209866e+07
2.286972077551786602e+07
2.286313971963531524e+07
2.285659048738241941e+07
2.285007351988767833e+07
2.284358946079340950e+07
2.283713901598653942e+07
2.283072282848235592e+07
2.282434138461542130e+07
2.281799496032626182e+07
2.281168360884268954e+07
2.280540718458678201e+07
2.279916539350349456e+07
2.279295785761442035e+07
2.278678418145590276e+07
2.278064400982700288e+07
2.277453706937410682e+07
2.276846319028466195e+07
2.276242230807176232e+07
2.275641444853537530e+07
2.275043970110074431e+07
2.274449818668755144e+07
2.273859002609494701e+07
2.273271531380290166e+07
2.272687410040972754e+07
2.272106638501093537e+07
2.271529211701805517e+07
2.270955120548808575e+07
2.270384353315210342e+07
2.269816897204822302e+07
2.269252739792792499e+07
2.268691870128399879e+07
2.268134279376502708e+07
2.267579960970748216e+07
2.267028910336586833e+07
2.266481124303377047e+07
2.265936600356226042e+07
2.265395335879337415e+07
2.264857327518375963e+07
2.264322570747862756e+07
2.263791059680628777e+07
2.263262787109371647e+07
2.262737744732877612e+07
2.262215923496282101e+07
2.261697313967432827e+07
2.261181906678559631e+07
2.260669692380492762e+07
2.260160662180719525e+07
2.259654807561495528e+07
2.259152120295631886e+07
2.258652592292325944e+07
2.258156215412081033e+07
2.257662981288506091e+07
2.257172881187161058e+07
2.256685905920011178e+07
2.256202045821125805e+07
2.255721290777551755e+07
2.255243630300601572e+07
2.254769053618215770e+07
2.254297549768671393e+07
2.253829107679098845e+07
2.253363716217869520e+07
2.252901364216534793e+07
2.252442040463229269e+07
2.251985733674337715e+07
2.251532432453968376e+07
2.251082125251401961e+07
2.250634800325269252e+07
2.250190445720521361e+07
2.249749049260835722e+07
2.249310598555836827e+07
2.248875081019873545e+07
2.248442483897552267e+07
2.248012794290769100e+07
2.247585999182673916e+07
2.247162085455301404e+07
2.246741039899430051e+07
2.246322849216873944e+07
2.245907500016858056e+07
2.245494978808917850e+07
2.245085271995040402e+07
2.244678365863397717e+07
2.244274246585354209e+07
2.243872900216485560e+07
2.243474312701470405e+07
2.243078469881988317e+07
2.242685357506336272e+07
2.242294961239365488e+07
2.241907266671516001e+07
2.241522259326099604e+07
2.241139924664506316e+07
2.240760248089393601e+07
2.240383214946363121e+07
2.240008810524789616e+07
2.239637020058514923e+07
2.239267828727026284e+07
2.238901221657511219e+07
2.238537183927939087e+07
2.238175700571079180e+07
2.237816756579183787e+07
2.237460336908969283e+07
2.237106426486533135e+07
2.236755010211898386e+07
2.236406072963003442e+07
2.236059599599087611e+07
2.235715574963539839e+07
2.235373983886376396e+07
2.235034811186523736e+07
2.234698041674112901e+07
2.234363660152914748e+07
2.234031651422996819e+07
2.233702000283615291e+07
2.233374691536277533e+07
2.233049709987898543e+07
2.232727040453929454e+07
2.232406667761384323e+07
2.232088576751685143e+07
2.231772752283299714e+07
2.231459179234192520e+07
2.231147842504095286e+07
2.230838727016691864e+07
2.230531817721728235e+07
2.230227099597127736e+07
2.229924557651115954e+07
2.229624176924382895e+07
2.229325942492251843e+07
2.229029839466852695e+07
2.228735852999253199e+07
2.228443968281537294e+07
2.228154170548790321e+07
2.227866445081005991e+07
2.227580777204888314e+07
2.227297152295582741e+07
2.227015555778326094e+07
2.226735973130060732e+07
2.226458389880988002e+07
2.226182791616115719e+07
2.225909163976755366e+07
2.225637492662009597e+07
2.225367763430212438e+07
2.225099962100340798e+07
2.224834074553363398e+07
2.224570086733551323e+07
2.224307984649723768e+07
2.224047754376444221e+07
2.223789382055167854e+07
2.223532853895337880e+07
2.223278156175448000e+07
2.223025275244062394e+07
2.222774197520807758e+07
2.222524909497328475e+07
2.222277397738207504e+07
2.222031648881860822e+07
2.221787649641383439e+07
2.221545386805365607e+07
2.221304847238663584e+07
2.221066017883135751e+07
2.220828885758329928e+07
2.220593437962142378e+07
2.220359661671433598e+07
2.220127544142611325e+07
2.219897072712184116e+07
2.219668234797272831e+07
2.219441017896101624e+07
