1.243460418956605941e+08
1.108729910053870231e+08
9.842361471712052822e+07
8.700407817422844470e+07
7.661502510246677697e+07
6.725092073399397731e+07
5.889940969207550585e+07
5.154071887069147825e+07
4.514714396924336255e+07
3.968266677342705429e+07
3.510275740038281679e+07
3.135441976287630945e+07
2.837653734229886532e+07
2.610056770570805296e+07
2.445161657379195094e+07
2.334989485559456795e+07
2.271252662634716928e+07
2.245563612106337398e+07
2.249660342023288831e+07
2.275634864486702532e+07
2.316148968309596926e+07
2.364622286129001155e+07
2.415379986601959169e+07
2.463751381359494478e+07
2.506115568773096427e+07
2.539895120305512100e+07
2.563503014368557557e+07
2.576251046280779317e+07
2.578229608138704300e+07
2.570169132052081823e+07
2.553292899816138297e+07
2.529169690414590389e+07
2.499573194757577032e+07
2.466353532666701823e+07
2.431324725412284955e+07
2.396170686784559861e+07
2.362371209741982818e+07
2.331148516526136175e+07
2.303434162804459035e+07
2.279855396922758967e+07
2.260739443208277971e+07
2.246133593102012575e+07
2.235838460839513689e+07
2.229451320651448518e+07
2.226416130092174560e+07
2.226076700354914367e+07
2.227729531300046295e+07
2.230673100218784809e+07
2.234250869074482471e+07
2.237885920297376066e+07
2.241105890402340516e+07
2.243557674863200262e+07
2.245012154727054387e+07
2.245359880017536879e+07
2.244599186343757063e+07
2.242818587992938608e+07
2.240175472453980148e+07
2.236873125889167190e+07
2.233137969475603104e+07
2.229198615639491379e+07
2.225267998885161430e+07
2.221529436818913743e+07
2.218127069209161028e+07
2.215160737839925289e+07
2.212685032646009326e+07
2.210711958404498547e+07
2.209216482238810509e+07
2.208144109608822316e+07
2.207419603190809488e+07
2.206955997448231280e+07
2.206663159703935683e+07
2.206455291015630215e+07
2.206256930385025591e+07
2.206007207054925710e+07
2.205662260925632715e+07
2.205195912273396924e+07
2.204598786725390702e+07
2.203876201478062943e+07
2.203045172759894282e+07
2.202130925344235450e+07
2.201163270632182434e+07
2.200173177491992339e+07
2.199189796744821221e+07
2.198238123921885714e+07
2.197337403717246652e+07
2.196500300850874186e+07
2.195732792141208053e+07
2.195034678262823820e+07
2.194400574000618607e+07
2.193821214078675956e+07
2.193284907402145863e+07
2.192778983880703151e+07
2.192291101825635880e+07
2.191810316402961314e+07
2.191327846640786529e+07
2.190837515993987024e+07
2.190335875898460671e+07
2.189822050289546698e+07
2.189297359832769632e+07
2.188764796732590720e+07
2.188228424511191249e+07
2.187692772971560806e+07
2.187162288190122694e+07
2.186640882730014622e+07
2.186131614385166392e+07
2.185636504643592238e+07
2.185156492423065752e+07
2.184691505816457421e+07
2.184240625448102877e+07
2.183802307955700904e+07
2.183374636983543634e+07
2.182955571426208317e+07
2.182543165737796575e+07
2.182135743995177373e+07
2.181732017100739479e+07
2.181331140115130693e+07
2.180932713450816646e+07
2.180536736963129044e+07
2.180143529509129748e+07
2.179753628202966601e+07
2.179367681487894058e+07
2.178986348548452929e+07
2.178610214896873012e+07
2.178239730638980865e+07
2.177875174412141740e+07
2.177516642698944733e+07
2.177164061479180306e+07
2.176817215205459297e+07
2.176475786975314096e+07
2.176139403515671566e+07
2.175807679091610759e+07
2.175480253529427946e+07
2.175156820993757993e+07
2.174837147758969292e+07
2.174521078761703521e+07
2.174208534046348184e+07
2.173899497201310843e+07
2.173593998470476270e+07
2.173292095405720919e+07
2.172993853745069355e+07
2.172699330734770000e+07
2.172408562461591139e+07
2.172121556029609218e+07
2.171838286702728271e+07
2.171558699521470815e+07
2.171282714447364956e+07
2.171010233819857612e+07
2.170741150831840932e+07
2.170475357819931582e+07
2.170212753387041390e+07
2.169953247679737210e+07
2.169696765481056646e+07
2.169443247104253620e+07
2.169192647346614301e+07
2.168944932959599048e+07
2.168700079199915379e+07
2.168458066046526283e+07
2.168218874612567574e+07
2.167982484168004990e+07
2.167748870041901618e+07
2.167518002516420186e+07
2.167289846679508686e+07
2.167064363086213171e+07
2.166841509000064433e+07
2.166621239949854463e+07
2.166403511341103166e+07
2.166188279898638651e+07
2.165975504776745290e+07
2.165765148244787753e+07
2.165557175927881151e+07
2.165351556644627452e+07
2.165148261930485070e+07
2.164947265362381935e+07
2.164748541807354242e+07
2.164552066707576439e+07
2.164357815490363911e+07
2.164165763160027936e+07
2.163975884094264358e+07
2.163788152036248893e+07
2.163602540248432755e+07
2.163419021777721867e+07
2.163237569774945080e+07
2.163058157813670114e+07
2.162880760162779689e+07
2.162705351981258765e+07
2.162531909419707954e+07
2.162360409628628194e+07
2.162190830686430633e+07
2.162023151469115540e+07
2.161857351487934589e+07
2.161693410721368343e+07
2.161531309464034438e+07
2.161371028208894283e+07
2.161212547571628913e+07
2.161055848258582503e+07
2.160900911073249951e+07
2.160747716951729357e+07
2.160596247015113756e+07
2.160446482626520097e+07
2.160298405442018807e+07
2.160151997447557747e+07
2.160007240977495909e+07
2.159864118713915348e+07
2.159722613668926433e+07
2.159582709154428542e+07
2.159444388744925335e+07
2.159307636239145696e+07
2.159172435625482723e+07
2.159038771054868773e+07
2.158906626823033765e+07
2.158775987362381071e+07
2.158646837242273241e+07
2.158519161175471544e+07
2.158392944027965888e+07
2.158268170829407871e+07
2.158144826781747118e+07
2.158022897264395654e+07
2.157902367835044861e+07
2.157783224226103351e+07
2.157665452337406576e+07
2.157549038226317987e+07
2.157433968096572906e+07
2.157320228287180886e+07
2.157207805262497813e+07
2.157096685604217649e+07
2.156986856005638093e+07
2.156878303268158436e+07
2.156771014299656451e+07
2.156664976114196330e+07
2.156560175832432508e+07
2.156456600682106242e+07
2.156354237998160720e+07
2.156253075222171471e+07
2.156153099900989234e+07
2.156054299684657529e+07
2.155956662323800102e+07
2.155860175666764379e+07
2.155764827656794712e+07
2.155670606329504400e+07
2.155577499810813367e+07
2.155485496315446496e+07
2.155394584145989642e+07
2.155304751692411304e+07
2.155215987431925535e+07
2.155128279929025844e+07
2.155041617835545912e+07
2.154955989890614897e+07
2.154871384920432419e+07
2.154787791837825626e+07
2.154705199641609937e+07
2.154623597415789962e+07
2.154542974328682572e+07
2.154463319632031024e+07
2.154384622660178691e+07
2.154306872829359025e+07
2.154230059637122601e+07
2.154154172661910206e+07
2.154079201562758535e+07
2.154005136079108343e+07
2.153931966030679643e+07
2.153859681317376345e+07
2.153788271919200569e+07
2.153717727896143496e+07
2.153648039388063550e+07
2.153579196614529192e+07
2.153511189874658734e+07
2.153444009546956047e+07
2.153377646089160442e+07
2.153312090038116276e+07
2.153247332009679824e+07
2.153183362698651105e+07
2.153120172878736630e+07
2.153057753402529657e+07
2.152996095201496035e+07
2.152935189285962284e+07
2.152875026745086536e+07
2.152815598746814579e+07
2.152756896537809819e+07
2.152698911443360150e+07
2.152641634867265821e+07
2.152585058291705325e+07
2.152529173277094588e+07
2.152473971461930498e+07
2.152419444562637806e+07
2.152365584373405948e+07
2.152312382766035199e+07
2.152259831689770520e+07
2.152207923171142861e+07
2.152156649313798174e+07
2.152106002298326790e+07
2.152055974382078648e+07
2.152006557898974419e+07
2.151957745259306580e+07
2.151909528949524462e+07
2.151861901532017440e+07
2.151814855644888058e+07
2.151768384001711011e+07
2.151722479391291738e+07
2.151677134677411616e+07
2.151632342798566446e+07
