5.365470542368143797e+07
4.901030999574350566e+07
4.531789074512933195e+07
4.257791354080637544e+07
4.074063316312175989e+07
3.967806732580257952e+07
3.917851370799437165e+07
3.899544077624353766e+07
3.891838059296862036e+07
3.880462478879278898e+07
3.857408290826898068e+07
3.819504825724712759e+07
3.767086111278422177e+07
3.702804806932220608e+07
3.630591338255099952e+07
3.554788115713389963e+07
3.479476292129907012e+07
3.407993940616864711e+07
3.342637319740862399e+07
3.284536775960334763e+07
3.233697143050936610e+07
3.189183838481500745e+07
3.149420119539401308e+07
3.112543553015388921e+07
3.076759055837606266e+07
3.040628640110359341e+07
3.003255154347179830e+07
2.964343255890322477e+07
2.924146901586169749e+07
2.883331755313254893e+07
2.842790286021130532e+07
2.803447980947674811e+07
2.766093744670449942e+07
2.731258751711222529e+07
2.699157441165108979e+07
2.669693023444478214e+07
2.642518911179826409e+07
2.617138325259153545e+07
2.593018732774944603e+07
2.569697042638603598e+07
2.546855830819280446e+07
2.524359082853179798e+07
2.502245779701977968e+07
2.480688618139251322e+07
2.459931388150132075e+07
2.440220965808749571e+07
2.421748811284243688e+07
2.404612801984044909e+07
2.388804589762979746e+07
2.374221611808092892e+07
2.360697736818148568e+07
2.348043251085611433e+07
2.336084026954897493e+07
2.324691230687460676e+07
2.313796223712367564e+07
2.303389419457841292e+07
2.293505716480278969e+07
2.284201862241775915e+07
2.275532234793332964e+07
2.267528996002327651e+07
2.260190722228226811e+07
2.253481038170310855e+07
2.247336162870605290e+07
2.241678251161821187e+07
2.236430405868328363e+07
2.231529381048805267e+07
2.226933124775238335e+07
2.222622015461028367e+07
2.218594417072456330e+07
2.214858547858891264e+07
2.211423321189891547e+07
2.208290696995598823e+07
2.205451315428444743e+07
2.202884059493439645e+07
2.200559055793352425e+07
2.198442776277277246e+07
2.196503536357978731e+07
2.194715830433860421e+07
2.193062495226006582e+07
2.191534438572021574e+07
2.190128383167856187e+07
2.188843558918391541e+07
2.187678430955303460e+07
2.186628376219436154e+07
2.185684814530272037e+07
2.184835808120089024e+07
2.184067719064061716e+07
2.183367269739718735e+07
2.182723333134930208e+07
2.182127961190015078e+07
2.181576458907513320e+07
2.181066624254144728e+07
2.180597504140442610e+07
2.180168107909005880e+07
2.179776464518487453e+07
2.179419245945337787e+07
2.179091972742199898e+07
2.178789637498474866e+07
2.178507479523630440e+07
2.178241639533773437e+07
2.177989503416081518e+07
2.177749671704216674e+07
2.177521619274907932e+07
2.177305197691326588e+07
2.177100158727337793e+07
2.176905842835164070e+07
2.176721100877424330e+07
2.176544431653856114e+07
2.176374250870744884e+07
2.176209178103161603e+07
2.176048240798177943e+07
2.175890938086227328e+07
2.175737162969885394e+07
2.175587029022747651e+07
2.175440672474309057e+07
2.175298097683666646e+07
2.175159108700036258e+07
2.175023333844006062e+07
2.174890317743572593e+07
2.174759636580543965e+07
2.174630991698710620e+07
2.174504251611044258e+07
2.174379435291166231e+07
2.174256651301264763e+07
2.174136020446358621e+07
2.174017610994643718e+07
2.173901406431309879e+07
2.173787311042923480e+07
2.173675184427995235e+07
2.173564887270091847e+07
2.173456319665271789e+07
2.173349439127518982e+07
2.173244254922237992e+07
2.173140804572625831e+07
2.173039123961701989e+07
2.172939222953390330e+07
2.172841074500368163e+07
2.172744618954371661e+07
2.172649779416304827e+07
2.172556480575421453e+07
2.172464663451570272e+07
2.172374291251327470e+07
2.172285345679937676e+07
2.172197816752503812e+07
2.172111691094421595e+07
2.172026943458740413e+07
2.171943534172130376e+07
2.171861412502482533e+07
2.171780523673196137e+07
2.171700816229876131e+07
2.171622246885157377e+07
2.171544781430944055e+07
2.171468392076821625e+07
2.171393052909455821e+07
2.171318735618232191e+07
2.171245407164348662e+07
2.171173030017809197e+07
2.171101564460496604e+07
2.171030971712355316e+07
2.170961216513795406e+07
2.170892268239707127e+07
2.170824100359631702e+07
2.170756688749613613e+07
2.170690009733892977e+07
2.170624038690731674e+07
2.170558749682661891e+07
2.170494116073739529e+07
2.170430111698336899e+07
2.170366711994006485e+07
2.170303894626522809e+07
2.170241639426350594e+07
2.170179927772838622e+07
2.170118741769497097e+07
2.170058063582731411e+07
2.169997875184679776e+07
2.169938158530144021e+07
2.169878896009510756e+07
2.169820070929592848e+07
2.169761667804147303e+07
2.169703672353148460e+07
2.169646071250235289e+07
2.169588851757800579e+07
2.169532001412869245e+07
2.169475507876980305e+07
2.169419358973492682e+07
2.169363542851374298e+07
2.169308048171162978e+07
2.169252864218214154e+07
2.169197980897501484e+07
2.169143388624996319e+07
2.169089078174379468e+07
2.169035040548167750e+07
2.168981266920345277e+07
2.168927748658334464e+07
2.168874477395932376e+07
2.168821445111207664e+07
2.168768644169059396e+07
2.168716067310758308e+07
2.168663707599403337e+07
2.168611558348336071e+07
2.168559613062439859e+07
2.168507865411306545e+07
2.168456309235669300e+07
2.168404938573468477e+07
2.168353747685701400e+07
2.168302731066177413e+07
2.168251883429872245e+07
2.168201199685698748e+07
2.168150674906072021e+07
2.168100304305238277e+07
2.168050083232441545e+07
2.168000007178216428e+07
2.167950071786323190e+07
2.167900272862530500e+07
2.167850606374365091e+07
2.167801068441128731e+07
2.167751655318044499e+07
2.167702363380455971e+07
2.167653189112879708e+07
2.167604129104652256e+07
2.167555180050547794e+07
2.167506338752808422e+07
2.167457602121164277e+07
2.167408967169143260e+07
2.167360431007249653e+07
2.167311990835163742e+07
2.167263643935351074e+07
2.167215387669505179e+07
2.167167219477706403e+07
2.167119136878929287e+07
2.167071137471143901e+07
2.167023218929741532e+07
2.166975379004050046e+07
2.166927615512645990e+07
2.166879926338637248e+07
2.166832309425904229e+07
2.166784762776672840e+07
2.166737284450126439e+07
2.166689872561381012e+07
2.166642525280167907e+07
2.166595240828928724e+07
2.166548017480465770e+07
2.166500853555583954e+07
2.166453747421137989e+07
2.166406697488725185e+07
2.166359702213896066e+07
2.166312760095575452e+07
2.166265869675332680e+07
2.166219029536285996e+07
2.166172238301642239e+07
2.166125494633065164e+07
2.166078797229112312e+07
2.166032144823914766e+07
2.165985536186148599e+07
2.165938970118200034e+07
2.165892445455402136e+07
2.165845961065226793e+07
2.165799515846418589e+07
2.165753108728115261e+07
2.165706738669053838e+07
2.165660404656909779e+07
2.165614105707778782e+07
2.165567840865734965e+07
2.165521609202397987e+07
2.165475409816424921e+07
2.165429241832920909e+07
2.165383104402790964e+07
2.165336996702081710e+07
2.165290917931365967e+07
2.165244867315195501e+07
2.165198844101610035e+07
2.165152847561690211e+07
2.165106876989125460e+07
2.165060931699787453e+07
2.165015011031316966e+07
2.164969114342743158e+07
2.164923241014131904e+07
2.164877390446279198e+07
2.164831562060421333e+07
2.164785755297945067e+07
2.164739969620088488e+07
2.164694204507613927e+07
2.164648459460467100e+07
2.164602733997429907e+07
2.164557027655781060e+07
2.164511339990972355e+07
2.164465670576324314e+07
2.164420019002733380e+07
2.164374384878395498e+07
2.164328767828535661e+07
2.164283167495150492e+07
2.164237583536760509e+07
2.164192015628178045e+07
2.164146463460284472e+07
2.164100926739810035e+07
2.164055405189114809e+07
2.164009898545962945e+07
2.163964406563292444e+07
2.163918929008979350e+07
2.163873465665595978e+07
