1.645494138184735924e+07
1.628193712887100503e+07
1.603242849701615609e+07
1.582888228381069563e+07
1.564581229359230772e+07
1.544989920699540153e+07
1.526072041106848046e+07
1.509239207569045201e+07
1.493408660529460013e+07
1.477392382610610500e+07
1.461566404389455914e+07
1.446821671514721029e+07
1.433316802987369895e+07
1.420386585760222934e+07
1.407608620220450684e+07
1.395313265484235063e+07
1.383931607038491033e+07
1.373379334616021067e+07
1.363262853537370823e+07
1.353462648006442748e+07
1.344216090537145734e+07
1.335712903631344438e+07
1.327819879371874221e+07
1.320286823877051100e+07
1.313093520402895287e+07
1.306417218738900684e+07
1.300330958434401825e+07
1.294703785817711055e+07
1.289413091505118273e+07
1.284506961551355571e+07
1.280081322255271673e+07
1.276096132072647661e+07
1.272423056172750890e+07
1.269030664038530737e+07
1.265992299691860005e+07
1.263323512672504410e+07
1.260937424301990867e+07
1.258776786259541288e+07
1.256874129021679610e+07
1.255244957927400619e+07
1.253823548198805377e+07
1.252554749433883280e+07
1.251457964409877546e+07
1.250548057821471430e+07
1.249777786246602237e+07
1.249106267772335187e+07
1.248546261292527989e+07
1.248102521043400653e+07
1.247736397807380557e+07
1.247423687335635349e+07
1.247178374498683214e+07
1.246998966330469772e+07
1.246856041148654372e+07
1.246740004084860906e+07
1.246662228972190060e+07
1.246614074575186893e+07
1.246575523582650349e+07
1.246548075230702013e+07
1.246538483569091745e+07
1.246535156079986691e+07
1.246528806180504709e+07
1.246525880646745861e+07
1.246526626039740816e+07
1.246521274396795034e+07
1.246509945970191434e+07
1.246498338614190184e+07
1.246482479107304104e+07
1.246458369499521703e+07
1.246430689778437465e+07
1.246400847506461106e+07
1.246364877603732236e+07
1.246324359277553484e+07
1.246282941253436916e+07
1.246238764971651509e+07
1.246191063275810704e+07
1.246143088934881985e+07
1.246095021908215061e+07
1.246045275187749974e+07
1.245995692150761560e+07
1.245947533133889735e+07
1.245899419430848956e+07
1.245851887276359275e+07
1.245806406592362374e+07
1.245762184379401244e+07
1.245718961194302514e+07
1.245677923101641238e+07
1.245638794737490639e+07
1.245600980004761182e+07
1.245565233603602648e+07
1.245531592905026302e+07
1.245499403518563882e+07
1.245469024560574070e+07
1.245440611578787491e+07
1.245413577928600460e+07
1.245388005384495109e+07
1.245364063007713668e+07
1.245341278570365719e+07
1.245319580598109961e+07
1.245299113966861740e+07
1.245279527858757973e+07
1.245260696006931178e+07
1.245242739138716646e+07
1.245225413724662736e+07
1.245208594517718256e+07
1.245192384362204559e+07
1.245176623203416169e+07
1.245161210521707311e+07
1.245146233627188765e+07
1.245131587337547168e+07
1.245117198176779225e+07
1.245103139873966575e+07
1.245089343341299519e+07
1.245075760341205448e+07
1.245062451743806526e+07
1.245049369537538476e+07
1.245036486048021913e+07
1.245023852695459127e+07
1.245011436770547926e+07
1.244999227197352052e+07
1.244987265211233869e+07
1.244975525875476748e+07
1.244964008637230098e+07
1.244952744796378165e+07
1.244941714254165627e+07
1.244930921743702143e+07
1.244920386623778939e+07
1.244910090070769191e+07
1.244900038369351253e+07
1.244890240818989277e+07
1.244880680756996945e+07
1.244871364116568491e+07
1.244862291461677663e+07
1.244853448593883775e+07
1.244844840522620827e+07
1.244836462658752501e+07
1.244828304526313767e+07
1.244820369161672331e+07
1.244812648497456126e+07
1.244805135394470394e+07
1.244797830689990707e+07
1.244790725406213850e+07
1.244783815152432024e+07
1.244777098035007343e+07
1.244770565403303318e+07
1.244764214690742642e+07
1.244758042181537487e+07
1.244752041007506102e+07
1.244746209348841384e+07
1.244740542266789824e+07
1.244735034924046323e+07
1.244729685525817983e+07
1.244724489084310643e+07
1.244719442468506098e+07
1.244714543162135780e+07
1.244709786627676338e+07
1.244705170640069805e+07
1.244700692033150792e+07
1.244696347141607851e+07
1.244692133798570558e+07
1.244688048405965231e+07
1.244684088077024370e+07
1.244680250337905809e+07
1.244676531742299721e+07
1.244672929848650843e+07
1.244669441753645614e+07
1.244666064412264526e+07
1.244662795457882620e+07
1.244659631859413162e+07
1.244656571001464501e+07
1.244653610311741382e+07
1.244650746884518489e+07
1.244647978324526921e+07
1.244645301947293058e+07
1.244642715157737397e+07
1.244640215577342361e+07
1.244637800573690608e+07
1.244635467830962501e+07
1.244633214971399307e+07
1.244631039607772231e+07
1.244628939566870406e+07
1.244626912536001951e+07
1.244624956387226284e+07
1.244623069021414034e+07
1.244621248316322453e+07
1.244619492313373648e+07
1.244617798990862817e+07
1.244616166440257058e+07
1.244614592805822939e+07
1.244613076222883537e+07
1.244611614945622161e+07
1.244610207208659127e+07
1.244608851325724460e+07
1.244607545661973208e+07
1.244606288589092717e+07
1.244605078564394638e+07
1.244603914046328142e+07
1.244602793554299511e+07
1.244601715649829432e+07
1.244600678911618888e+07
1.244599681981457584e+07
1.244598723512869701e+07
1.244597802210696228e+07
1.244596916814129427e+07
1.244596066087135300e+07
1.244595248842330091e+07
1.244594463910386339e+07
1.244593710166705400e+07
1.244592986515290290e+07
1.244592291888702288e+07
1.244591625257586688e+07
1.244590985613979772e+07
1.244590371988379396e+07
1.244589783435879461e+07
1.244589219040970877e+07
1.244588677918475494e+07
1.244588159206367657e+07
1.244587662075073831e+07
1.244587185717208683e+07
1.244586729353404418e+07
1.244586292228922807e+07
1.244585873612356931e+07
1.244585472798891738e+07
1.244585089104209468e+07
1.244584721868902445e+07
1.244584370454109088e+07
1.244584034243053012e+07
1.244583712640488334e+07
1.244583405070313811e+07
1.244583110977578163e+07
1.244582829825225659e+07
1.244582561096024513e+07
1.244582304290441610e+07
1.244582058926557004e+07
1.244581824539939314e+07
1.244581600682165474e+07
1.244581386921749637e+07
1.244581182842204720e+07
1.244580988042661175e+07
1.244580802136723697e+07
1.244580624752309918e+07
1.244580455531399325e+07
1.244580294129060023e+07
1.244580140213679895e+07
1.244579993465902470e+07
1.244579853578832373e+07
1.244579720257218741e+07
1.244579593217239901e+07
1.244579472186137736e+07
1.244579356901706383e+07
1.244579247112210840e+07
1.244579142575707845e+07
1.244579043059998192e+07
1.244578948342058063e+07
1.244578858207900636e+07
1.244578772452175803e+07
1.244578690877853334e+07
1.244578613295993209e+07
1.244578539525355399e+07
1.244578469392256439e+07
1.244578402730156481e+07
1.244578339379508048e+07
1.244578279187415168e+07
1.244578222007445619e+07
1.244578167699368298e+07
1.244578116128906794e+07
1.244578067167546041e+07
1.244578020692270249e+07
1.244577976585408673e+07
1.244577934734373540e+07
1.244577895031506941e+07
1.244577857373855263e+07
1.244577821663011611e+07
1.244577787804921344e+07
1.244577755709711090e+07
1.244577725291527994e+07
1.244577696468365565e+07
1.244577669161928445e+07
1.244577643297458813e+07
1.244577618803612143e+07
1.244577595612299070e+07
1.244577573658566922e+07
1.244577552880456299e+07
1.244577533218884468e+07
1.244577514617519081e+07
1.244577497022663429e+07
1.244577480383146927e+07
1.244577464650211483e+07
1.244577449777413160e+07
1.244577435720517859e+07
1.244577422437409312e+07
1.244577409887992218e+07
1.244577398034107685e+07
1.244577386839443631e+07
1.244577376269456372e+07
1.244577366291289032e+07
1.244577356873698160e+07
1.244577347986979038e+07
1.244577339602896571e+07
1.244577331694620103e+07
1.244577324236656167e+07
