6.099445913791846037e+08
5.679126482312886715e+08
5.276174875088092089e+08
4.890761495578719378e+08
4.523012373455504179e+08
4.173006492958403826e+08
3.840773390241571665e+08
3.526291069514064789e+08
3.229484285281959772e+08
2.950223242988926172e+08
2.688322755952947140e+08
2.443541905328497291e+08
2.215584236412669420e+08
2.004098521083938479e+08
1.808680107862255871e+08
1.628872872110513449e+08
1.464171767472680807e+08
1.314025971789737940e+08
1.177842602723383605e+08
1.054990971844959557e+08
9.448073295169255137e+07
8.466000417954847217e+07
7.596551287468105555e+07
6.832420831160813570e+07
6.166198794802727550e+07
5.590430772709488869e+07
5.097679167317879200e+07
4.680583052545102686e+07
4.331915927890387177e+07
4.044640392019823194e+07
3.811958834995876253e+07
3.627359344040613621e+07
3.484656140278044343e+07
3.378023998030135781e+07
3.302026254418045655e+07
3.251636174275784194e+07
3.222251597474940866e+07
3.209702952705030888e+07
3.210254869057472423e+07
3.220601749545956030e+07
3.237857785127037019e+07
3.259541981106730551e+07
3.283558838416410983e+07
3.308175379620112106e+07
3.331995234211928025e+07
3.353930501196281984e+07
3.373172091234067827e+07
3.389159218398230523e+07
3.401548665720446408e+07
3.410184392238600552e+07
3.415067985130693018e+07
3.416330391520308703e+07
3.414205293166676909e+07
3.409004415685059130e+07
3.401094994006856531e+07
3.390879548958894610e+07
3.378778067263934761e+07
3.365212619788468629e+07
3.350594401080476120e+07
3.335313127523590624e+07
3.319728691981569305e+07
3.304164939671403915e+07
3.288905403123450279e+07
3.274190813308688626e+07
3.260218189107347652e+07
3.247141297965776175e+07
3.235072276489534974e+07
3.224084200449170545e+07
3.214214398783209920e+07
3.205468315180207044e+07
3.197823733181150258e+07
3.191235195907266811e+07
3.185638468907355517e+07
3.180954913642873615e+07
3.177095659198990464e+07
3.173965480350785702e+07
3.171466310578314587e+07
3.169500338506028056e+07
3.167972655087298900e+07
3.166793436273348704e+07
3.165879661578219384e+07
3.165156382634994388e+07
3.164557567369128019e+07
3.164026554706621170e+07
3.163516161777064204e+07
3.162988490421848744e+07
3.162414482594978064e+07
3.161773275117944553e+07
3.161051403431389853e+07
3.160241901714986563e+07
3.159343343281229585e+07
3.158358860754369572e+07
3.157295180486076698e+07
3.156161700186941773e+07
3.154969633101773262e+07
3.153731236436949670e+07
3.152459136341502145e+07
3.151165756700980663e+07
3.149862854442953318e+07
3.148561160061589256e+07
3.147270118701502681e+07
3.145997724424445257e+07
3.144750438217218965e+07
3.143533178863382339e+07
3.142349374954442680e+07
3.141201066003026441e+07
3.140089040774735436e+07
3.139013001503982395e+07
3.137971743525370210e+07
3.136963340959182754e+07
3.135985330362721533e+07
3.135034885628789663e+07
3.134108978815329447e+07
3.133204522970718518e+07
3.132318494330844283e+07
3.131448032469482720e+07
3.130590518054485321e+07
3.129743628779602796e+07
3.128905374794720113e+07
3.128074115542503446e+07
3.127248560330531746e+07
3.126427755233767629e+07
3.125611059046346694e+07
3.124798111000721529e+07
3.123988792865373567e+07
3.123183187839759886e+07
3.122381538407350332e+07
3.121584205004616827e+07
3.120791627034293115e+07
3.120004287412250787e+07
3.119222681355278939e+07
3.118447290842757002e+07
3.117678562764647231e+07
3.116916893749156594e+07
3.116162619203044847e+07
3.115416007082954794e+07
3.114677255733549967e+07
3.113946495192847401e+07
3.113223791317358986e+07
3.112509152066547424e+07
3.111802535302888602e+07
3.111103857505074888e+07
3.110413002852187678e+07
3.109729832210414112e+07
3.109054191635914519e+07
3.108385920092917979e+07
3.107724856170897558e+07
3.107070843665144593e+07
3.106423735958489776e+07
3.105783399206132814e+07
3.105149714379288256e+07
3.104522578265846148e+07
3.103901903557428718e+07
3.103287618172499537e+07
3.102679663975381106e+07
3.102077995052326843e+07
3.101482575699462369e+07
3.100893378265102953e+07
3.100310380972021073e+07
3.099733565825335681e+07
3.099162916690090299e+07
3.098598417600677162e+07
3.098040051342978328e+07
3.097487798330432177e+07
3.096941635777751729e+07
3.096401537161308154e+07
3.095867471943345293e+07
3.095339405528429523e+07
3.094817299414710701e+07
3.094301111499506235e+07
3.093790796498092264e+07
3.093286306436076388e+07
3.092787591178832203e+07
3.092294598965910450e+07
3.091807276923547685e+07
3.091325571534071490e+07
3.090849429046767205e+07
3.090378795820340514e+07
3.089913618592242897e+07
3.089453844674596936e+07
3.088999422080250084e+07
3.088550299585416541e+07
3.088106426737486571e+07
3.087667753817930818e+07
3.087234231770828366e+07
3.086805812107503787e+07
3.086382446797190607e+07
3.085964088152668998e+07
3.085550688718537241e+07
3.085142201168305799e+07
3.084738578214989603e+07
3.084339772538323328e+07
3.083945736730320752e+07
3.083556423259602115e+07
3.083171784453830868e+07
3.082791772498742118e+07
3.082416339451586455e+07
3.082045437266400456e+07
3.081679017828324437e+07
3.081317032994113863e+07
3.080959434636189044e+07
3.080606174687743187e+07
3.080257205186842382e+07
3.079912478317791969e+07
3.079571946448514611e+07
3.079235562163042650e+07
3.078903278288709372e+07
3.078575047917892784e+07
3.078250824424522743e+07
3.077930561475785077e+07
3.077614213039617240e+07
3.077301733388730511e+07
3.076993077101919800e+07
3.076688199063444883e+07
3.076387054461213201e+07
3.076089598784419894e+07
3.075795787821212411e+07
3.075505577656823769e+07
3.075218924672495946e+07
3.074935785545422137e+07
3.074656117249794304e+07
3.074379877058972046e+07
3.074107022548705712e+07
3.073837511601277813e+07
3.073571302410384640e+07
3.073308353486560658e+07
3.073048623662948981e+07
3.072792072101181000e+07
3.072538658297223970e+07
3.072288342086986825e+07
3.072041083651578054e+07
3.071796843522109091e+07
3.071555582583975047e+07
3.071317262080571055e+07
3.071081843616445363e+07
3.070849289159908518e+07
3.070619561045117676e+07
3.070392621973709390e+07
3.070168435016024485e+07
3.069946963611989841e+07
3.069728171571725234e+07
3.069512023075928912e+07
3.069298482676093280e+07
3.069087515294603258e+07
3.068879086224736273e+07
3.068673161130603775e+07
3.068469706047041342e+07
3.068268687379461899e+07
3.068070071903657168e+07
3.067873826765566319e+07
3.067679919480977952e+07
3.067488317935170233e+07
3.067298990382464975e+07
3.067111905445694178e+07
3.066927032115554065e+07
3.066744339749846235e+07
3.066563798072598502e+07
3.066385377173050493e+07
3.066209047504516691e+07
3.066034779883112386e+07
3.065862545486363769e+07
3.065692315851683915e+07
3.065524062874743715e+07
3.065357758807735145e+07
3.065193376257526875e+07
3.065030888183739781e+07
3.064870267896735668e+07
3.064711489055527374e+07
3.064554525665630400e+07
3.064399352076844126e+07
3.064245942980979756e+07
3.064094273409537226e+07
3.063944318731332570e+07
3.063796054650080204e+07
3.063649457201924548e+07
3.063504502752943337e+07
3.063361167996589094e+07
3.063219429951111227e+07
3.063079265956921503e+07
3.062940653673932701e+07
3.062803571078850329e+07
3.062667996462432295e+07
3.062533908426713571e+07
3.062401285882194713e+07
3.062270108044997975e+07
3.062140354433998093e+07
3.062012004867913574e+07
3.061885039462389797e+07
3.061759438627037778e+07
3.061635183062468842e+07
3.061512253757300600e+07
3.061390631985147670e+07
3.061270299301598966e+07
3.061151237541179731e+07
3.061033428814309463e+07
3.060916855504238605e+07
3.060801500263988972e+07
3.060687346013285965e+07
3.060574375935479254e+07
3.060462573474470526e+07
