7.257702020381541550e+07
6.664833768040324003e+07
6.101807420645701885e+07
5.569803983019015193e+07
5.069910298994532973e+07
4.603095423406041414e+07
4.170184581040841341e+07
3.771830885977576673e+07
3.408485180002666265e+07
3.080364594135212153e+07
2.787420747764162719e+07
2.529308873318366334e+07
2.305359576352151483e+07
2.114555379145534337e+07
1.955514834238479286e+07
1.826485585441857576e+07
1.725352909255714342e+07
1.649661431353115849e+07
1.596655607752304897e+07
1.563338169911129214e+07
1.546545834294015542e+07
1.543039403210554644e+07
1.549603443338972703e+07
1.563149117377746478e+07
1.580812805380354077e+07
1.600043129440245032e+07
1.618669954076259583e+07
1.634950732327423245e+07
1.647591888408913463e+07
1.655745370109676197e+07
1.658982685945047624e+07
1.657250386966488697e+07
1.650811931516006775e+07
1.640181194134852290e+07
1.626052659342269599e+07
1.609232738471121714e+07
1.590575828140440397e+07
1.570927830626516603e+07
1.551078978014126420e+07
1.531727002665249631e+07
1.513451003676065244e+07
1.496695779027305543e+07
1.481765921429370716e+07
1.468828604222341999e+07
1.457923704864574410e+07
1.448979723009277694e+07
1.441833845807600766e+07
1.436254493562556989e+07
1.431964741556358337e+07
1.428665152951867878e+07
1.426054762928855605e+07
1.423849210922745988e+07
1.421795307552747987e+07
1.419681625050472096e+07
1.417344994193156809e+07
1.414673058376677707e+07
1.411603261659929529e+07
1.408118822191051394e+07
1.404242360226170905e+07
1.400027910540361516e+07
1.395552055960498378e+07
1.390904878576975130e+07
1.386181346459121257e+07
1.381473646024820767e+07
1.376864843596135825e+07
1.372424123494794965e+07
1.368203714940004423e+07
1.364237490711309016e+07
1.360541109554837272e+07
1.357113481824891642e+07
1.353939271702266112e+07
1.350992110130486637e+07
1.348238181089163758e+07
1.345639858287320659e+07
1.343159106360794790e+07
1.340760415258013457e+07
1.338413102728347108e+07
1.336092891245997697e+07
1.333782735992253572e+07
1.331472944043615460e+07
1.329160677174667269e+07
1.326848968630876020e+07
1.324545406387800723e+07
1.322260641866377555e+07
1.320006875259412825e+07
1.317796449052963592e+07
1.315640653220624477e+07
1.313548812484471872e+07
1.311527691502464935e+07
1.309581221051329002e+07
1.307710519844863191e+07
1.305914164449061453e+07
1.304188644915711135e+07
1.302528936551860534e+07
1.300929118256014772e+07
1.299382974081081711e+07
1.297884525708024763e+07
1.296428457674021274e+07
1.295010412777621672e+07
1.293627150467389449e+07
1.292276574831634574e+07
1.290957649996641651e+07
1.289670228642355651e+07
1.288414823683842644e+07
1.287192354037010111e+07
1.286003893191651814e+07
1.284850444690950960e+07
1.283732762345061265e+07
1.282651225920402259e+07
1.281605775945781544e+07
1.280595904855892807e+07
1.279620696487724967e+07
1.278678902300638333e+07
1.277769040750424191e+07
1.276889505966080353e+07
1.276038673049056157e+07
1.275214989612532407e+07
1.274417046206121705e+07
1.273643621611567959e+07
1.272893702254853025e+07
1.272166477829751372e+07
1.271461317426488362e+07
1.270777731868648529e+07
1.270115328547193110e+07
1.269473764860872924e+07
1.268852705559866317e+07
1.268251788026110455e+07
1.267670598014185950e+07
1.267108656822700426e+07
1.266565419445355237e+07
1.266040282100154459e+07
1.265532596741449833e+07
1.265041689757240564e+07
1.264566882029055431e+07
1.264107507829357684e+07
1.263662930568995699e+07
1.263232554087122157e+07
1.262815828898936138e+07
1.262412253493134677e+07
1.262021371330327354e+07
1.261642764589114115e+07
1.261276045917352103e+07
1.260920849476066977e+07
1.260576822436960042e+07
1.260243617850516550e+07
1.259920889487445727e+07
1.259608288919858634e+07
1.259305464793892950e+07
1.259012063986860774e+07
1.258727734162006527e+07
1.258452127142153680e+07
1.258184902517391369e+07
1.257925730968816206e+07
1.257674296965801343e+07
1.257430300255139172e+07
1.257193456895695813e+07
1.256963498755387217e+07
1.256740172497476079e+07
1.256523237949234992e+07
1.256312466183958575e+07
1.256107637580739520e+07
1.255908540085952170e+07
1.255714967837715149e+07
1.255526720241389051e+07
1.255343601511427760e+07
1.255165420632020384e+07
1.254991991642522067e+07
1.254823134127061442e+07
1.254658673781296238e+07
1.254498442940625176e+07
1.254342280978951603e+07
1.254190034519876726e+07
1.254041557437353209e+07
1.253896710655292496e+07
1.253755361781476811e+07
1.253617384627998993e+07
1.253482658677499741e+07
1.253351068552335352e+07
1.253222503534288704e+07
1.253096857167989388e+07
1.252974026964644156e+07
1.252853914206589013e+07
1.252736423839701153e+07
1.252621464431295544e+07
1.252508948166396655e+07
1.252398790855130367e+07
1.252290911927689239e+07
1.252185234399713762e+07
1.252081684798688442e+07
1.251980193049728684e+07
1.251880692325838655e+07
1.251783118872560561e+07
1.251687411819545366e+07
1.251593512991903163e+07
1.251501366732636467e+07
1.251410919744469412e+07
1.251322120955698937e+07
1.251234921410933509e+07
1.251149274184287712e+07
1.251065134310230240e+07
1.250982458725967072e+07
1.250901206219055131e+07
1.250821337374689989e+07
1.250742814518559352e+07
1.250665601652934775e+07
1.250589664385518432e+07
1.250514969852136634e+07
1.250441486635518447e+07
1.250369184683005139e+07
1.250298035226100683e+07
1.250228010704389587e+07
1.250159084695617110e+07
1.250091231852868944e+07
1.250024427848900110e+07
1.249958649326913431e+07
1.249893873856584355e+07
1.249830079893857054e+07
1.249767246743053943e+07
1.249705354520059749e+07
1.249644384115698561e+07
1.249584317158866674e+07
1.249525135979377665e+07
1.249466823570832238e+07
1.249409363554026186e+07
1.249352740141512081e+07
1.249296938103887625e+07
1.249241942738250643e+07
1.249187739839074202e+07
1.249134315671541914e+07
1.249081656947194599e+07
1.249029750801596418e+07
1.248978584773641452e+07
1.248928146786117367e+07
1.248878425127166137e+07
1.248829408432383463e+07
1.248781085667390004e+07
1.248733446110821329e+07
1.248686479337766394e+07
1.248640175203756616e+07
1.248594523829427361e+07
1.248549515585986152e+07
1.248505141081574000e+07
1.248461391148582473e+07
1.248418256831925362e+07
1.248375729378220439e+07
1.248333800225797482e+07
1.248292460995433107e+07
1.248251703481697291e+07
1.248211519644817151e+07
1.248171901602971740e+07
1.248132841624967381e+07
1.248094332123261504e+07
1.248056365647323802e+07
1.248018934877350926e+07
1.247982032618340105e+07
1.247945651794537529e+07
1.247909785444273800e+07
1.247874426715174131e+07
1.247839568859737366e+07
1.247805205231249891e+07
1.247771329280008003e+07
1.247737934549811110e+07
1.247705014674689993e+07
1.247672563375837170e+07
1.247640574458721839e+07
1.247609041810362041e+07
1.247577959396754950e+07
1.247547321260447428e+07
1.247517121518262103e+07
1.247487354359162226e+07
1.247458014042267203e+07
1.247429094895011559e+07
1.247400591311440989e+07
1.247372497750644386e+07
1.247344808735301346e+07
1.247317518850344047e+07
1.247290622741715237e+07
1.247264115115213022e+07
1.247237990735414438e+07
1.247212244424666837e+07
1.247186871062144265e+07
1.247161865582960844e+07
1.247137222977342643e+07
1.247112938289849088e+07
1.247089006618648395e+07
1.247065423114840314e+07
1.247042182981822640e+07
1.247019281474701501e+07
1.246996713899736106e+07
1.246974475613820925e+07
1.246952562023992836e+07
1.246930968586966023e+07
1.246909690808688477e+07
1.246888724243917689e+07
1.246868064495811239e+07
1.246847707215537131e+07
1.246827648101894930e+07
1.246807882900950685e+07
1.246788407405687869e+07
1.246769217455663532e+07
