1.145397986106591970e+08
1.028968124257583916e+08
9.203035833706711233e+07
8.196587783311808109e+07
7.272515050656755269e+07
6.432538654468098283e+07
5.677821470865859836e+07
5.008857959728669375e+07
4.425357710412941873e+07
3.926127754360918701e+07
3.508961190096648037e+07
3.170542652398458123e+07
2.906384151719959453e+07
2.710807118882038444e+07
2.576987129190960526e+07
2.497075598026268929e+07
2.462406788259030506e+07
2.463788526793176681e+07
2.491862128671797365e+07
2.537503654939232767e+07
2.592228246807681769e+07
2.648555174313224107e+07
2.700295144306267425e+07
2.742732630535267666e+07
2.772691585407028720e+07
2.788488896968410909e+07
2.789792868028866872e+07
2.777411849816846102e+07
2.753040744696763158e+07
2.718991468705302477e+07
2.677929248022373766e+07
2.632631346246080101e+07
2.585779590400587022e+07
2.539793494453048334e+07
2.496707074870910496e+07
2.458089562952753156e+07
2.425007979250287265e+07
2.398027771951410919e+07
2.377246308442154527e+07
2.362352893789018318e+07
2.352708184003732726e+07
2.347435420322093368e+07
2.345515897341199592e+07
2.345881533133976161e+07
2.347498325489211082e+07
2.349435788254942745e+07
2.350919044679753482e+07
2.351361954995790124e+07
2.350381308959446847e+07
2.347793573963307589e+07
2.343596846379263327e+07
2.337941445919905975e+07
2.331093004761257768e+07
2.323391958481021225e+07
2.315213094963043928e+07
2.306928325569946691e+07
2.298875180442993343e+07
2.291332765762247890e+07
2.284506119508404285e+07
2.278519122001162916e+07
2.273415409912203252e+07
2.269166151701733842e+07
2.265683103405927867e+07
2.262835099661984667e+07
2.260466054920409620e+07
2.258412647269573808e+07
2.256520109620653093e+07
2.254654923761485144e+07
2.252713655797705799e+07
2.250627636327276379e+07
2.248363626729207486e+07
2.245920982954800874e+07
2.243326100501707196e+07
2.240625082937813550e+07
2.237875619558735937e+07
2.235138996121494472e+07
2.232473016360086948e+07
2.229926407545896992e+07
2.227535049557841569e+07
2.225320131716596335e+07
2.223288129284104705e+07
2.221432320646100119e+07
2.219735448601426184e+07
2.218173069603820145e+07
2.216717131324682385e+07
2.215339364041171968e+07
2.214014153549365699e+07
2.212720668680473045e+07
2.211444130627764761e+07
2.210176220788703114e+07
2.208914717637790740e+07
2.207662523414957896e+07
2.206426283892506361e+07
2.205214818497835845e+07
2.204037566116128117e+07
2.202903218953957036e+07
2.201818669505941495e+07
2.200788341219278425e+07
2.199813918991633132e+07
2.198894447393286228e+07
2.198026726412880421e+07
2.197205912198938429e+07
2.196426217969107255e+07
2.195681617016845942e+07
2.194966463171927258e+07
2.194275967499013245e+07
2.193606496718063951e+07
2.192955685745102167e+07
2.192322380525492132e+07
2.191706445529890060e+07
2.191108481497256085e+07
2.190529502892616391e+07
2.189970621709885448e+07
2.189432776049831510e+07
2.188916530170142651e+07
2.188421959443266317e+07
2.187948620769825578e+07
2.187495598053715006e+07
2.187061604441329092e+07
2.186645118703931943e+07
2.186244532402390987e+07
2.185858286860865355e+07
2.185484983700162917e+07
2.185123458769357949e+07
2.184772815762868151e+07
2.184432421721342206e+07
2.184101871296230331e+07
2.183780929684072733e+07
2.183469465364132449e+07
2.183167383318769187e+07
2.182874567602466047e+07
2.182590839407837391e+07
2.182315933662613109e+07
2.182049494164094329e+07
2.181791084715148807e+07
2.181540211939898878e+07
2.181296354554350302e+07
2.181058993833048642e+07
2.180827640715522319e+07
2.180601856221630052e+07
2.180381263339299709e+07
2.180165550059001520e+07
2.179954464541181177e+07
2.179747804361615330e+07
2.179545402305298299e+07
2.179347111266063154e+07
2.179152790514490008e+07
2.178962295024120063e+07
2.178775468822727352e+07
2.178592142590322345e+07
2.178412135070406646e+07
2.178235257376790792e+07
2.178061319008229673e+07
2.177890134332245961e+07
2.177721528439836949e+07
2.177555341552548110e+07
2.177391431518483907e+07
2.177229674299264699e+07
2.177069962669342011e+07
2.176912203582262620e+07
2.176756314784304798e+07
2.176602221273086593e+07
2.176449852122316509e+07
2.176299138050852716e+07
2.176150009937313199e+07
2.176002398303295672e+07
2.175856233636384830e+07
2.175711447317590564e+07
2.175567972865739465e+07
2.175425747212676704e+07
2.175284711768952385e+07
2.175144813115436956e+07
2.175006003245195001e+07
2.174868239365787804e+07
2.174731483341931552e+07
2.174595700903698057e+07
2.174460860763078928e+07
2.174326933773504198e+07
2.174193892238416523e+07
2.174061709434135258e+07
2.173930359367724508e+07
2.173799816750040650e+07
2.173670057133625820e+07
2.173541057147807628e+07
2.173412794759948179e+07
2.173285249500447884e+07
2.173158402606513351e+07
2.173032237061440945e+07
2.172906737528040260e+07
2.172781890193168074e+07
2.172657682552713156e+07
2.172534103171791881e+07
2.172411141453550011e+07
2.172288787443310767e+07
2.172167031684752554e+07
2.172045865133712441e+07
2.171925279125021771e+07
2.171805265380164608e+07
2.171685816039278358e+07
2.171566923700277507e+07
2.171448581450210512e+07
2.171330782878419384e+07
2.171213522066529095e+07
2.171096793555666506e+07
2.170980592295647413e+07
2.170864913583615422e+07
2.170749753000577539e+07
2.170635106353542209e+07
2.170520969628991187e+07
2.170407338960754871e+07
2.170294210612544045e+07
2.170181580973024666e+07
2.170069446559662372e+07
2.169957804026872665e+07
2.169846650174148381e+07
2.169735981950756907e+07
2.169625796454899013e+07
2.169516090926700085e+07
2.169406862735693902e+07
2.169298109364433214e+07
2.169189828390348703e+07
2.169082017468011007e+07
2.168974674313570559e+07
2.168867796692547202e+07
2.168761382411393523e+07
2.168655429312602058e+07
2.168549935272587091e+07
2.168444898201321810e+07
2.168340316042631119e+07
2.168236186774221808e+07
2.168132508406833932e+07
2.168029278982238472e+07
2.167926496570172906e+07
2.167824159264542907e+07
2.167722265179379284e+07
2.167620812445059791e+07
2.167519799205210060e+07
2.167419223614558578e+07
2.167319083837810904e+07
2.167219378049454838e+07
2.167120104434252530e+07
2.167021261188114062e+07
2.166922846519035846e+07
2.166824858647841215e+07
2.166727295808536559e+07
2.166630156248214096e+07
2.166533438226527721e+07
2.166437140014836937e+07
2.166341259895168245e+07
2.166245796159154177e+07
2.166150747107065469e+07
2.166056111047052592e+07
2.165961886294616386e+07
2.165868071172318235e+07
2.165774664009678364e+07
2.165681663143197075e+07
2.165589066916443408e+07
2.165496873680135608e+07
2.165405081792199984e+07
2.165313689617775381e+07
2.165222695529184118e+07
2.165132097905883938e+07
2.165041895134441555e+07
2.164952085608544573e+07
2.164862667729076743e+07
2.164773639904261380e+07
2.164685000549865514e+07
2.164596748089449108e+07
2.164508880954627693e+07
2.164421397585335001e+07
2.164334296430043131e+07
2.164247575945942849e+07
2.164161234599060565e+07
2.164075270864323899e+07
2.163989683225570619e+07
2.163904470175526291e+07
2.163819630215756595e+07
2.163735161856608093e+07
2.163651063617151603e+07
2.163567334025133029e+07
2.163483971616936475e+07
2.163400974937554449e+07
2.163318342540573701e+07
2.163236072988159209e+07
2.163154164851052314e+07
2.163072616708557308e+07
2.162991427148542553e+07
2.162910594767433405e+07
2.162830118170214072e+07
2.162749995970427990e+07
2.162670226790188253e+07
2.162590809260185063e+07
2.162511742019705474e+07
2.162433023716641217e+07
2.162354653007508442e+07
2.162276628557448089e+07
2.162198949040227756e+07
2.162121613138231263e+07
2.162044619542433321e+07
2.161967966952366382e+07
