3.829107265831501037e+07
3.325231489866841957e+07
2.944580162486578897e+07
2.684743880952877551e+07
2.537589368200128525e+07
2.486818645726786554e+07
2.506789907508516312e+07
2.565083830581118166e+07
2.629637420854116976e+07
2.676786743637164682e+07
2.695078573976613954e+07
2.683870954389594495e+07
2.649463792582831532e+07
2.601318581781650707e+07
2.549300643417765200e+07
2.501903361176047474e+07
2.465185587056648731e+07
2.442236071921753883e+07
2.433105951058617234e+07
2.435214820100565255e+07
2.444200857341513038e+07
2.455067380520691723e+07
2.463354548110096157e+07
2.466034749099511653e+07
2.461932058835111931e+07
2.451640520255986229e+07
2.437063555943888053e+07
2.420761585617706180e+07
2.405286002638051659e+07
2.392633217561236024e+07
2.383901925576683879e+07
2.379189718495952711e+07
2.377719984298449010e+07
2.378146200727593526e+07
2.378945361610801518e+07
2.378797334751039743e+07
2.376860247386583686e+07
2.372889604893585667e+07
2.367196352562529221e+07
2.360479917164906487e+07
2.353596044178998470e+07
2.347324137835460156e+07
2.342188562012775987e+07
2.338368348029290140e+07
2.335705062312435359e+07
2.333794116842374206e+07
2.332125701895836741e+07
2.330232419868667424e+07
2.327803885800937563e+07
2.324742475246710330e+07
2.321153936197613180e+07
2.317285222577659041e+07
2.313434346949810535e+07
2.309860801844428852e+07
2.306720606016016006e+07
2.304039812645896152e+07
2.301727880690164864e+07
2.299621213293518126e+07
2.297540217151147127e+07
2.295341856516464055e+07
2.292953578477521986e+07
2.290381869294493645e+07
2.287696946877857670e+07
2.285001689521536976e+07
2.282396193393708766e+07
2.279948891706648469e+07
2.277681632371915877e+07
2.275570936482624337e+07
2.273562558339082822e+07
2.271592925537464768e+07
2.269609914880085364e+07
2.267586747326889262e+07
2.265525830512375757e+07
2.263452958475284278e+07
2.261405200299172848e+07
2.259417253864621371e+07
2.257510774933416396e+07
2.255689554491410404e+07
2.253941127519889921e+07
2.252243272202313691e+07
2.250572547252918407e+07
2.248911812990085781e+07
2.247254488584150374e+07
2.245604703519818932e+07
2.243973962110131234e+07
2.242375974276706576e+07
2.240821641658519953e+07
2.239315820778027922e+07
2.237856640312089771e+07
2.236437177536584809e+07
2.235048541802896187e+07
2.233683092139472067e+07
2.232336674921783060e+07
2.231009280220807344e+07
2.229704153430101648e+07
2.228425924047940597e+07
2.227178562279708683e+07
2.225963902979134768e+07
2.224781159599809349e+07
2.223627436806121469e+07
2.222498899037390202e+07
2.221392077119956911e+07
2.220304830182738975e+07
2.219236680383055657e+07
2.218188506477291137e+07
2.217161812823559344e+07
2.216157906561552733e+07
2.215177293740145117e+07
2.214219474638781324e+07
2.213283143740744516e+07
2.212366651303955540e+07
2.211468511404003203e+07
2.210587760130601749e+07
2.209724056002854556e+07
2.208877528821393847e+07
2.208048476463944837e+07
2.207237049956502020e+07
2.206443048522604629e+07
2.205665884717260301e+07
2.204904705334943160e+07
2.204158596825961024e+07
2.203426783356786519e+07
2.202708743469809741e+07
2.202004214575599879e+07
2.201313102552954853e+07
2.200635347267884016e+07
2.199970803222787380e+07
2.199319178605268896e+07
2.198680045865843818e+07
2.198052906703210622e+07
2.197437275874604285e+07
2.196832746942459419e+07
2.196239016639821231e+07
2.195655865156675130e+07
2.195083107922166958e+07
2.194520543426278234e+07
2.193967919183223322e+07
2.193424926923329756e+07
2.192891224365875870e+07
2.192366470498867333e+07
2.191850357891561091e+07
2.191342629447760433e+07
2.190843075405652076e+07
2.190351515124617517e+07
2.189867773623047024e+07
2.189391663248556852e+07
2.188922976924526691e+07
2.188461493480556831e+07
2.188006990447362140e+07
2.187559257391802222e+07
2.187118103884042427e+07
2.186683359541346505e+07
2.186254867466652766e+07
2.185832475053286925e+07
2.185416026622729748e+07
2.185005360840677470e+07
2.184600313303305209e+07
2.184200722372791916e+07
2.183806435232183710e+07
2.183417311511228979e+07
2.183033223300170153e+07
2.182654052104928344e+07
2.182279684505113214e+07
2.181910008517333493e+07
2.181544911996822804e+07
2.181184283277758211e+07
2.180828013234307617e+07
2.180475997471450642e+07
2.180128137543785200e+07
2.179784340753448755e+07
2.179444518821336702e+07
2.179108586206691712e+07
2.178776458893349022e+07
2.178448054118583351e+07
2.178123291012043133e+07
2.177802091697547585e+07
2.177484382264697179e+07
2.177170093164203316e+07
2.176859158906507120e+07
2.176551517270074412e+07
2.176247108404593170e+07
2.175945874188505113e+07
2.175647758016821742e+07
2.175352704965914041e+07
2.175060662120936066e+07
2.174771578821681812e+07
2.174485406674470007e+07
2.174202099326018244e+07
2.173921612119179219e+07
2.173643901794265956e+07
2.173368926355342567e+07
2.173096645124056190e+07
2.172827018909512460e+07
2.172560010176439956e+07
2.172295583110421151e+07
2.172033703540619463e+07
2.171774338750820979e+07
2.171517457253945619e+07
2.171263028607030958e+07
2.171011023309619725e+07
2.170761412781240791e+07
2.170514169378422573e+07
2.170269266403181851e+07
2.170026678072331846e+07
2.169786379446638003e+07
2.169548346343520284e+07
2.169312555264783651e+07
2.169078983360497281e+07
2.168847608429739252e+07
2.168618408940451220e+07
2.168391364043262601e+07
2.168166453560004383e+07
2.167943657941895723e+07
2.167722958206865937e+07
2.167504335873049498e+07
2.167287772903817147e+07
2.167073251671236381e+07
2.166860754935123771e+07
2.166650265828878060e+07
2.166441767843336612e+07
2.166235244804636389e+07
2.166030680848022923e+07
2.165828060393226892e+07
2.165627368126717210e+07
2.165428588992626965e+07
2.165231708189769462e+07
2.165036711169418693e+07
2.164843583628696203e+07
2.164652311497055739e+07
2.164462880916815251e+07
2.164275278221173584e+07
2.164089489913616702e+07
2.163905502651235461e+07
2.163723303232292086e+07
2.163542878586714342e+07
2.163364215767671540e+07
2.163187301943111420e+07
2.163012124387305975e+07
2.162838670473310351e+07
2.162666927667300031e+07
2.162496883525059000e+07
2.162328525689952448e+07
2.162161841891101748e+07
2.161996819940494746e+07
2.161833447728399932e+07
2.161671713217267022e+07
2.161511604434936494e+07
2.161353109468122199e+07
2.161196216456864774e+07
2.161040913590151817e+07
2.160887189102501422e+07
2.160735031271186844e+07
2.160584428413861245e+07
2.160435368886592239e+07
2.160287841082423553e+07
2.160141833430566266e+07
2.159997334396146610e+07
2.159854332480232418e+07
2.159712816219773144e+07
2.159572774187169969e+07
2.159434194989343733e+07
2.159297067266429216e+07
2.159161379690314457e+07
2.159027120963298529e+07
2.158894279817037284e+07
2.158762845011840016e+07
2.158632805336284637e+07
2.158504149607099965e+07
2.158376866669274867e+07
2.158250945396388322e+07
2.158126374691151083e+07
2.158003143486128747e+07
2.157881240744567662e+07
2.157760655461207777e+07
2.157641376662994176e+07
2.157523393409617990e+07
2.157406694793897495e+07
2.157291269942053407e+07
2.157177108013959229e+07
2.157064198203436658e+07
2.156952529738646001e+07
2.156842091882580519e+07
2.156732873933669180e+07
2.156624865226470679e+07
2.156518055132455379e+07
2.156412433060853556e+07
2.156307988459555805e+07
2.156204710816032067e+07
2.156102589658226073e+07
2.156001614555402100e+07
2.155901775118910894e+07
2.155803061002882570e+07
2.155705461904855072e+07
2.155608967566371709e+07
2.155513567773564160e+07
2.155419252357756719e+07
2.155326011196083203e+07
2.155233834212138876e+07
2.155142711376656592e+07
2.155052632708201557e+07
