2.597695698621299118e+07
2.338673523969423771e+07
2.120873102859090641e+07
1.945136309787328169e+07
1.811404179109051451e+07
1.718290584861526266e+07
1.662602193835148960e+07
1.638956111159093305e+07
1.639773484429682419e+07
1.655939885845879652e+07
1.678146688545162231e+07
1.698453188967826217e+07
1.711398966410828754e+07
1.714310669511009380e+07
1.706933527455070615e+07
1.690739498113567755e+07
1.668201611992094293e+07
1.642177786071865447e+07
1.615442416052531078e+07
1.590357330766047910e+07
1.568662830802700855e+07
1.551373171357936412e+07
1.538766467254236341e+07
1.530460591005230322e+07
1.525562298674210161e+07
1.522868032887056656e+07
1.521085624415641278e+07
1.519041497551198304e+07
1.515841365280565992e+07
1.510963464107665420e+07
1.504278502991867065e+07
1.496004661640315875e+07
1.486615647127199918e+07
1.476723914466688037e+07
1.466960652362936921e+07
1.457870753574659489e+07
1.449836166554547846e+07
1.443035541046754643e+07
1.437442259613301232e+07
1.432857090754123032e+07
1.428966414697418734e+07
1.425413188032393344e+07
1.421866453083179519e+07
1.418076710535874963e+07
1.413908512331040204e+07
1.409347110381511413e+07
1.404481495150653832e+07
1.399470430889002606e+07
1.394500416075565107e+07
1.389744734091760777e+07
1.385331229813635163e+07
1.381323723019967787e+07
1.377718706811727211e+07
1.374455821848914213e+07
1.371438104546990991e+07
1.368556585038912483e+07
1.365713639457326941e+07
1.362840495077271760e+07
1.359906114692766592e+07
1.356916862089895643e+07
1.353908364142804593e+07
1.350932428703096509e+07
1.348042522979134507e+07
1.345281136821855791e+07
1.342671494855708070e+07
1.340214805358707160e+07
1.337892860938308015e+07
1.335674642905171961e+07
1.333524861316001043e+07
1.331412200415813923e+07
1.329315410553972051e+07
1.327226144547947869e+07
1.325148353361542895e+07
1.323094893858985603e+07
1.321082569606710784e+07
1.319127023592047766e+07
1.317238731729345769e+07
1.315420899034690484e+07
1.313669481915337220e+07
1.311975008256606013e+07
1.310325473030779883e+07
1.308709426715894416e+07
1.307118455297930911e+07
1.305548521083806269e+07
1.303999999374573305e+07
1.302476601698979922e+07
1.300983632675953209e+07
1.299526132641837187e+07
1.298107405587590858e+07
1.296728256842565536e+07
1.295387029702682048e+07
1.294080304921717942e+07
1.292803970142283291e+07
1.291554310665765032e+07
1.290328819697953016e+07
1.289126548573413864e+07
1.287947971419676952e+07
1.286794477336546779e+07
1.285667690061751008e+07
1.284568833283706382e+07
1.283498313875927776e+07
1.282455607440056279e+07
1.281439431594365463e+07
1.280448112248355150e+07
1.279480006982915103e+07
1.278533853866673261e+07
1.277608955850744992e+07
1.276705172698253393e+07
1.275822753224244341e+07
1.274962082673567347e+07
1.274123433612780645e+07
1.273306793861857243e+07
1.272511810326883569e+07
1.271737846457420290e+07
1.270984116866186261e+07
1.270249844827694818e+07
1.269534389980731718e+07
1.268837311231659725e+07
1.268158355719171837e+07
1.267497389452712983e+07
1.266854301258519478e+07
1.266228915194836259e+07
1.265620938375082240e+07
1.265029955546206050e+07
1.264455464914304763e+07
1.263896937213473395e+07
1.263353875270184129e+07
1.262825854704189673e+07
1.262312535599680617e+07
1.261813646088584140e+07
1.261328947864229791e+07
1.260858197994111478e+07
1.260401120298595726e+07
1.259957394208335876e+07
1.259526661854115874e+07
1.259108547869419493e+07
1.258702682986585423e+07
1.258308722694491781e+07
1.257926355378218368e+07
1.257555298932657018e+07
1.257195289029882848e+07
1.256846064627764001e+07
1.256507356370725855e+07
1.256178881595534645e+07
1.255860346710006148e+07
1.255551454959760047e+07
1.255251915985814482e+07
1.254961453501854837e+07
1.254679808671712875e+07
1.254406738689437322e+07
1.254142011859767139e+07
1.253885401517257653e+07
1.253636681149515137e+07
1.253395622254399583e+07
1.253161995204845071e+07
1.252935572245926782e+07
1.252716131112894416e+07
1.252503457788756490e+07
1.252297347560222447e+07
1.252097603904569522e+07
1.251904036807815731e+07
1.251716460197797604e+07
1.251534690395981818e+07
1.251358545685553551e+07
1.251187847024062835e+07
1.251022419424778223e+07
1.250862093347723782e+07
1.250706705541709065e+07
1.250556099078567699e+07
1.250410122672323138e+07
1.250268629634538852e+07
1.250131476897120848e+07
1.249998524433163926e+07
1.249869635193900019e+07
1.249744675457220338e+07
1.249623515339947119e+07
1.249506029205577075e+07
1.249392095789271593e+07
1.249281598008014262e+07
1.249174422558060661e+07
1.249070459471853077e+07
1.248969601794674993e+07
1.248871745465776138e+07
1.248776789390710369e+07
1.248684635614999384e+07
1.248595189481877536e+07
1.248508359682076238e+07
1.248424058162508719e+07
1.248342199923577160e+07
1.248262702775155567e+07
1.248185487126128003e+07
1.248110475855637342e+07
1.248037594272268936e+07
1.247966770130294561e+07
1.247897933654495701e+07
1.247831017531055585e+07
1.247765956844961643e+07
1.247702688971658796e+07
1.247641153449931182e+07
1.247581291867257655e+07
1.247523047778864205e+07
1.247466366664054990e+07
1.247411195907049626e+07
1.247357484781363420e+07
1.247305184418937936e+07
1.247254247755183466e+07
1.247204629453209788e+07
1.247156285819226131e+07
1.247109174723177031e+07
1.247063255534376390e+07
1.247018489074155688e+07
1.246974837580358982e+07
1.246932264674919099e+07
1.246890735326704942e+07
1.246850215806110762e+07
1.246810673632944003e+07
1.246772077522644028e+07
1.246734397336424887e+07
1.246697604038795084e+07
1.246661669662517682e+07
1.246626567278164253e+07
1.246592270964228362e+07
1.246558755774589255e+07
1.246525997702226602e+07
1.246493973640347645e+07
1.246462661343434080e+07
1.246432039390722290e+07
1.246402087153511122e+07
1.246372784766149521e+07
1.246344113099400699e+07
1.246316053734510392e+07
1.246288588936819136e+07
1.246261701628680900e+07
1.246235375362332910e+07
1.246209594293740019e+07
1.246184343158254772e+07
1.246159607248333097e+07
1.246135372392928600e+07
1.246111624937791377e+07
1.246088351725943387e+07
1.246065540077941865e+07
1.246043177772015706e+07
1.246021253024501354e+07
1.245999754471078329e+07
1.245978671149154194e+07
1.245957992481437325e+07
1.245937708260486461e+07
1.245917808633912168e+07
1.245898284089970961e+07
1.245879125443462096e+07
1.245860323822014779e+07
1.245841870652931929e+07
1.245823757650739700e+07
1.245805976805468090e+07
1.245788520371576026e+07
1.245771380857343972e+07
1.245754551014584675e+07
1.245738023828580976e+07
1.245721792508262023e+07
1.245705850476699322e+07
1.245690191362014785e+07
1.245674808988763578e+07
1.245659697369784676e+07
1.245644850698473305e+07
1.245630263341402821e+07
1.245615929831244051e+07
1.245601844859957695e+07
1.245588003272274882e+07
1.245574400059487484e+07
1.245561030353555083e+07
1.245547889421521686e+07
1.245534972660203092e+07
1.245522275591102429e+07
1.245509793855516985e+07
1.245497523209822737e+07
1.245485459520934895e+07
1.245473598761964031e+07
1.245461937008078210e+07
1.245450470432576165e+07
1.245439195303162560e+07
1.245428107978410646e+07
1.245417204904390126e+07
1.245406482611455768e+07
1.245395937711179815e+07
1.245385566893437877e+07
1.245375366923636943e+07
1.245365334640085138e+07
1.245355466951489076e+07
1.245345760834571160e+07
1.245336213331784680e+07
1.245326821549129859e+07
1.245317582654057443e+07
1.245308493873468414e+07
1.245299552491802908e+07
1.245290755849224702e+07
1.245282101339893602e+07
1.245273586410324834e+07
1.245265208557824790e+07
1.245256965329001844e+07
1.245248854318348318e+07
