3.357849957154083252e+07
3.058813218075907230e+07
2.808408711473895609e+07
2.606128502756403387e+07
2.450046408537496626e+07
2.336235964467914402e+07
2.258470019139332324e+07
2.208782501599568874e+07
2.178877376860065013e+07
2.161386898140925169e+07
2.150305584957747161e+07
2.140925787706635147e+07
2.129730030833705887e+07
2.114346271479114518e+07
2.093499983650758117e+07
2.066906411664177477e+07
2.035095698638056964e+07
1.999193729425806925e+07
1.960688596030312777e+07
1.921207414089424536e+07
1.882320053643095866e+07
1.845379760101381689e+07
1.811406654190289602e+07
1.781017915365510434e+07
1.754406811081385612e+07
1.731369310901793092e+07
1.711375621120088175e+07
1.693674545478171110e+07
1.677417848448077962e+07
1.661785811589731276e+07
1.646095823417976871e+07
1.629879131282411888e+07
1.612917191326833889e+07
1.595236582058211789e+07
1.577068325976719521e+07
1.558782336756073497e+07
1.540810035132986121e+07
1.523568135277909786e+07
1.507394740237635374e+07
1.492505805485871807e+07
1.478976249086930230e+07
1.466745946910063177e+07
1.455647005232139304e+07
1.445445565403462201e+07
1.435889486597983539e+07
1.426752948928472959e+07
1.417870384792696871e+07
1.409154856453926489e+07
1.400599410356893390e+07
1.392263287545704842e+07
1.384247485438826308e+07
1.376665628236077726e+07
1.369616282866315730e+07
1.363161878050394356e+07
1.357317547009897232e+07
1.352050927288571373e+07
1.347291671124939620e+07
1.342947579322900809e+07
1.338923224756380171e+07
1.335136845212702081e+07
1.331532120949698240e+07
1.328082949600688741e+07
1.324791090514214337e+07
1.321678142200392857e+07
1.318774393526809290e+07
1.316107464981274866e+07
1.313693328071677312e+07
1.311531416233618185e+07
1.309604381584847160e+07
1.307881905913953111e+07
1.306327105124089494e+07
1.304903647292005643e+07
1.303581785076819360e+07
1.302342006977427192e+07
1.301175766280271485e+07
1.300083535547764227e+07
1.299071058580310084e+07
1.298144996611237898e+07
1.297309148122526705e+07
1.296562110163725913e+07
1.295896759511692636e+07
1.295301411581655033e+07
1.294762101305265352e+07
1.294265217086573131e+07
1.293799736701211147e+07
1.293358528059357591e+07
1.292938505172866955e+07
1.292539767290353775e+07
1.292164104333013296e+07
1.291813366506114602e+07
1.291488158484522440e+07
1.291187160449936613e+07
1.290907159994136170e+07
1.290643669381736591e+07
1.290391858937545680e+07
1.290147490232925117e+07
1.289907581710656732e+07
1.289670656719340570e+07
1.289436566335200146e+07
1.289206002446261607e+07
1.288979887806807458e+07
1.288758836195313558e+07
1.288542825134525634e+07
1.288331139105627686e+07
1.288122552635380253e+07
1.287915656772000343e+07
1.287709205427766778e+07
1.287502372082856670e+07
1.287294852023349889e+07
1.287086802527132630e+07
1.286878663984867185e+07
1.286670934498154558e+07
1.286463973234635964e+07
1.286257887023432553e+07
1.286052520369808376e+07
1.285847533938635886e+07
1.285642531623570994e+07
1.285437187761179172e+07
1.285231333991678059e+07
1.285024984642484039e+07
1.284818302425559051e+07
1.284611524893723428e+07
1.284404881244897842e+07
1.284198527285058610e+07
1.283992515959708020e+07
1.283786806551422924e+07
1.283581302658840269e+07
1.283375901415964216e+07
1.283170535721592978e+07
1.282965196638066135e+07
1.282759931844359636e+07
1.282554824680913426e+07
1.282349964052220806e+07
1.282145416825659387e+07
1.281941211623585969e+07
1.281737337627879530e+07
1.281533756379745156e+07
1.281330420516659319e+07
1.281127292049502581e+07
1.280924354163608700e+07
1.280721613719850034e+07
1.280519095256245881e+07
1.280316830039973743e+07
1.280114844795831479e+07
1.279913154044733569e+07
1.279711758054468781e+07
1.279510646107553132e+07
1.279309802986650914e+07
1.279109215911805630e+07
1.278908878855551407e+07
1.278708794402707927e+07
1.278508971341799572e+07
1.278309420772110112e+07
1.278110151932046376e+07
1.277911169415280595e+07
1.277712472583585419e+07
1.277514057059791870e+07
1.277315917451688647e+07
1.277118050150533393e+07
1.276920455207576603e+07
1.276723136784417555e+07
1.276526102265176922e+07
1.276329360579164326e+07
1.276132920466468856e+07
1.275936789305342734e+07
1.275740972801251337e+07
1.275545475465286151e+07
1.275350301530664042e+07
1.275155455857904255e+07
1.274960944467440806e+07
1.274766774548039772e+07
1.274572954020627402e+07
1.274379490898675099e+07
1.274186392728239670e+07
1.273993666316768527e+07
1.273801317816991732e+07
1.273609353086382523e+07
1.273417778149907850e+07
1.273226599580978230e+07
1.273035824674590304e+07
1.272845461383383349e+07
1.272655518078759313e+07
1.272466003251506947e+07
1.272276925266336277e+07
1.272088292241585813e+07
1.271900112063300982e+07
1.271712392489336058e+07
1.271525141273411922e+07
1.271338366246266291e+07
1.271152075322348997e+07
1.270966276439126767e+07
1.270780977465028316e+07
1.270596186121233925e+07
1.270411909951319918e+07
1.270228156348989159e+07
1.270044932629361004e+07
1.269862246113681048e+07
1.269680104195738025e+07
1.269498514369221032e+07
1.269317484212400764e+07
1.269137021342202835e+07
1.268957133358074352e+07
1.268777827795095742e+07
1.268599112097674049e+07
1.268420993614461645e+07
1.268243479606645368e+07
1.268066577258500829e+07
1.267890293681372702e+07
1.267714635907976516e+07
1.267539610879979283e+07
1.267365225435466692e+07
1.267191486302877031e+07
1.267018400104875118e+07
1.266845973371161707e+07
1.266674212555552460e+07
1.266503124051201716e+07
1.266332714198966138e+07
1.266162989286757261e+07
1.265993955540971830e+07
1.265825619113383442e+07
1.265657986067499779e+07
1.265491062367458269e+07
1.265324853870720044e+07
1.265159366324064881e+07
1.264994605361399427e+07
1.264830576501889527e+07
1.264667285147683695e+07
1.264504736581462063e+07
1.264342935964690521e+07
1.264181888337513991e+07
1.264021598620687798e+07
1.263862071619167551e+07
1.263703312026310898e+07
1.263545324427399784e+07
1.263388113301436976e+07
1.263231683020757511e+07
1.263076037848667800e+07
1.262921181935824454e+07
1.262767119316224381e+07
1.262613853903546184e+07
1.262461389488238469e+07
1.262309729735432006e+07
1.262158878183538467e+07
1.262008838243354484e+07
1.261859613197587430e+07
1.261711206200834736e+07
1.261563620280093327e+07
1.261416858335850760e+07
1.261270923143662699e+07
1.261125817355997115e+07
1.260981543504023738e+07
1.260838103999043070e+07
1.260695501133353263e+07
1.260553737080499530e+07
1.260412813895012438e+07
1.260272733511837572e+07
1.260133497745679505e+07
1.259995108290455863e+07
1.259857566718975268e+07
1.259720874482900091e+07
1.259585032912998274e+07
1.259450043219676428e+07
1.259315906493785605e+07
1.259182623707684875e+07
1.259050195716534741e+07
1.258918623259770870e+07
1.258787906962668523e+07
1.258658047337906435e+07
1.258529044787026942e+07
1.258400899601729587e+07
1.258273611964969710e+07
1.258147181951876357e+07
1.258021609530546144e+07
1.257896894562776946e+07
1.257773036804815196e+07
1.257650035908165202e+07
1.257527891420504451e+07
1.257406602786720172e+07
1.257286169350077212e+07
1.257166590353508666e+07
1.257047864941025525e+07
1.256929992159216478e+07
1.256812970958811976e+07
1.256696800196282193e+07
1.256581478635419719e+07
1.256467004948890209e+07
1.256353377719712630e+07
1.256240595442672446e+07
1.256128656525668316e+07
1.256017559291007742e+07
1.255907301976679638e+07
1.255797882737624831e+07
1.255689299647025764e+07
1.255581550697634555e+07
1.255474633803142980e+07
1.255368546799607016e+07
1.255263287446912378e+07
1.255158853430283442e+07
1.255055242361820117e+07
1.254952451782049052e+07
