1.139971813756897748e+08
1.015324581976134181e+08
9.008732702714549005e+07
7.966772540461832285e+07
7.027349692810627818e+07
6.189756597050883621e+07
5.452511516397878528e+07
4.813280814675314724e+07
4.268811531303937733e+07
3.814881565309852362e+07
3.446276190590532869e+07
3.156800361854315549e+07
2.939336007473864779e+07
2.785951643130744994e+07
2.688067907512698323e+07
2.636676950249985978e+07
2.622606658994656801e+07
2.636813573276082799e+07
2.670682504654422402e+07
2.716308030001494288e+07
2.766733918501023203e+07
2.816131318466260657e+07
2.859904097689770162e+07
2.894718439745811746e+07
2.918461874907893687e+07
2.930143031131377816e+07
2.929746908187578246e+07
2.918061492391446978e+07
2.896490581607677788e+07
2.866865562204459310e+07
2.831266212068478018e+07
2.791857964318274334e+07
2.750750735403773934e+07
2.709882491737287492e+07
2.670929238054074720e+07
2.635241914964855090e+07
2.603809720895244926e+07
2.577248510558860004e+07
2.555812108016109094e+07
2.539423585997058824e+07
2.527722827581156045e+07
2.520126060020629317e+07
2.515892611849429458e+07
2.514193971636732668e+07
2.514180377077728510e+07
2.515040655978799611e+07
2.516051848744976893e+07
2.516616192475343123e+07
2.516284232830301672e+07
2.514764028517216444e+07
2.511917505815301463e+07
2.507745910110640526e+07
2.502366924336567521e+07
2.495986354258771241e+07
2.488867326084562764e+07
2.481299738568003476e+07
2.473572313139803708e+07
2.465949053701684624e+07
2.458651325534126163e+07
2.451846148477802426e+07
2.445640723049762845e+07
2.440082709018905461e+07
2.435165382527407259e+07
2.430836526976457238e+07
2.427009770284537226e+07
2.423577062048365176e+07
2.420421074302961305e+07
2.417426491846974194e+07
2.414489390698307753e+07
2.411524194305088371e+07
2.408467964540315792e+07
2.405282057000309229e+07
2.401951391882226616e+07
2.398481763618691266e+07
2.394895723050069809e+07
2.391227614278654754e+07
2.387518338723409921e+07
2.383810359992226958e+07
2.380143366832159832e+07
2.376550891121153161e+07
2.373058047478637472e+07
2.369680433580494300e+07
2.366424116787829250e+07
2.363286541760414839e+07
2.360258130790073052e+07
2.357324315906602144e+07
2.354467738546634093e+07
2.351670375218295306e+07
2.348915390560403466e+07
2.346188575600736588e+07
2.343479291501955688e+07
2.340780900599949807e+07
2.338090721037410945e+07
2.335409584223382920e+07
2.332741102940874547e+07
2.330090771260749549e+07
2.327465016287643462e+07
2.324870308347035199e+07
2.322312413686885685e+07
2.319795845791415125e+07
2.317323541721846908e+07
2.314896761894197389e+07
2.312515188102652133e+07
2.310177177266165987e+07
2.307880118245711178e+07
2.305620836174382269e+07
2.303395992305156961e+07
2.301202436064361408e+07
2.299037478094308078e+07
2.296899066742840782e+07
2.294785863970308006e+07
2.292697228525542468e+07
2.290633123415627331e+07
2.288593970540462807e+07
2.286580477724786848e+07
2.284593462513322011e+07
2.282633693582018465e+07
2.280701765257865936e+07
2.278798014323772490e+07
2.276922481885487214e+07
2.275074917349021137e+07
2.273254817066050693e+07
2.271461487291142344e+07
2.269694119863075018e+07
2.267951869364366680e+07
2.266233922148622572e+07
2.264539550161863491e+07
2.262868145478599891e+07
2.261219234493475407e+07
2.259592473383405060e+07
2.257987628509100899e+07
2.256404546701694280e+07
2.254843120841626450e+07
2.253303255851762742e+07
2.251784839345490560e+07
2.250287719896050915e+07
2.248811694446568936e+07
2.247356504970574006e+07
2.245921843293091655e+07
2.244507362112664804e+07
2.243112689784570411e+07
2.241737446335832402e+07
2.240381258433983475e+07
2.239043771537933499e+07
2.237724658115272969e+07
2.236423621506699175e+07
2.235140395657801628e+07
2.233874741445974261e+07
2.232626440659659356e+07
2.231395288823032752e+07
2.230181088014058769e+07
2.228983640632454306e+07
2.227802744785194099e+07
2.226638191625455767e+07
2.225489764657789469e+07
2.224357240750599280e+07
2.223240392405446619e+07
2.222138990734809637e+07
2.221052808594181389e+07
2.219981623386788368e+07
2.218925219187152386e+07
2.217883387986383960e+07
2.216855930020861328e+07
2.215842653284124285e+07
2.214843372423056141e+07
2.213857907275339216e+07
2.212886081314970925e+07
2.211927720242349058e+07
2.210982651076899469e+07
2.210050700759550184e+07
2.209131697041101009e+07
2.208225467915343493e+07
2.207331842289840430e+07
2.206450650645132735e+07
2.205581725739427656e+07
2.204724903241883218e+07
2.203880022206967324e+07
2.203046925339866430e+07
2.202225459041690826e+07
2.201415473257357627e+07
2.200616821174103022e+07
2.199829358832500130e+07
2.199052944714141637e+07
2.198287439362599701e+07
2.197532705079401284e+07
2.196788605718262494e+07
2.196055006581889093e+07
2.195331774409409612e+07
2.194618777430918440e+07
2.193915885459665209e+07
2.193222969992166385e+07
2.192539904290957004e+07
2.191866563432388008e+07
2.191202824311048537e+07
2.190548565601309389e+07
2.189903667683836818e+07
2.189268012549683079e+07
2.188641483696509898e+07
2.188023966030686349e+07
2.187415345786046982e+07
2.186815510465840995e+07
2.186224348809733614e+07
2.185641750783437490e+07
2.185067607585372031e+07
2.184501811662913859e+07
2.183944256730489060e+07
2.183394837782728672e+07
2.182853451097806543e+07
2.182319994228476658e+07
2.181794365980719030e+07
2.181276466381934285e+07
2.180766196642011404e+07
2.180263459111209959e+07
2.179768157238691300e+07
2.179280195534820855e+07
2.178799479539291561e+07
2.178325915795888007e+07
2.177859411833604053e+07
2.177399876152954623e+07
2.176947218215815350e+07
2.176501348437016457e+07
2.176062178176107258e+07
2.175629619728164375e+07
2.175203586313069239e+07
2.174783992063228041e+07
2.174370752010165900e+07
2.173963782070700079e+07
2.173562999033482745e+07
2.173168320546641946e+07
2.172779665107005835e+07
2.172396952051132917e+07
2.172020101548070461e+07
2.171649034593512118e+07
2.171283673004885018e+07
2.170923939416813478e+07
2.170569757276473939e+07
2.170221050838448480e+07
2.169877745158857852e+07
2.169539766088738665e+07
2.169207040266752243e+07
2.168879495111458749e+07
2.168557058813414723e+07
2.168239660327379033e+07
2.167927229364848137e+07
2.167619696387077868e+07
2.167316992598671466e+07
2.167019049941705540e+07
2.166725801090346277e+07
2.166437179445828497e+07
2.166153119131692871e+07
2.165873554989171028e+07
2.165598422572650388e+07
2.165327658145170659e+07
2.165061198673953861e+07
2.164798981825976819e+07
2.164540945963632315e+07
2.164287030140488595e+07
2.164037174097188190e+07
2.163791318257480487e+07
2.163549403724367917e+07
2.163311372276344895e+07
2.163077166363676265e+07
2.162846729104677960e+07
2.162620004281948507e+07
2.162396936338526756e+07
2.162177470373953134e+07
2.161961552140229195e+07
2.161749128037689626e+07
2.161540145110796392e+07
2.161334551043884456e+07
2.161132294156884030e+07
2.160933323401029408e+07
2.160737588354579359e+07
2.160545039218557253e+07
2.160355626812501624e+07
2.160169302570234239e+07
2.159986018535639718e+07
2.159805727358439565e+07
2.159628382289962843e+07
2.159453937178909034e+07
2.159282346467088163e+07
2.159113565185154974e+07
2.158947548948317766e+07
2.158784253952036053e+07
2.158623636967701465e+07
2.158465655338299274e+07
2.158310266974047571e+07
2.158157430348019302e+07
2.158007104491727427e+07
2.157859248990688100e+07
2.157713823979941010e+07
2.157570790139539167e+07
2.157430108689999580e+07
2.157291741387715936e+07
2.157155650520344451e+07
2.157021798902149498e+07
2.156890149869333953e+07
2.156760667275338620e+07
2.156633315486129746e+07
2.156508059375466779e+07
