3.518591518941432238e+08
3.256560226328532100e+08
3.004386811352043152e+08
2.762510482071138620e+08
2.531348614848442972e+08
2.311291681464707553e+08
2.102697753784635365e+08
1.905886611945003569e+08
1.721133499577643275e+08
1.548662591598399878e+08
1.388640267118411660e+08
1.241168312397344112e+08
1.106277216433474720e+08
9.839197641837194562e+07
8.739651781226405501e+07
7.761941053822012246e+07
6.902947911951988935e+07
6.158608143611630052e+07
5.523907799373146892e+07
4.992903599788960814e+07
4.558770359471827000e+07
4.213878180532886833e+07
3.949900914957060665e+07
3.757955662207255512e+07
3.628770920271754265e+07
3.552878581401253492e+07
3.520822533071387559e+07
3.523374458777926862e+07
3.551745916144302487e+07
3.597785173959948123e+07
3.654147812159937620e+07
3.714431742864122242e+07
3.773269923465777934e+07
3.826377270088464767e+07
3.870551715383235365e+07
3.903632559900365770e+07
3.924421891910038888e+07
3.932576679697237909e+07
3.928480102959485352e+07
3.913100843237800896e+07
3.887848541732198000e+07
3.854432642553395033e+07
3.814730559405398369e+07
3.770669699253638089e+07
3.724126476395699382e+07
3.676844144102821499e+07
3.630370113546523452e+07
3.586012448885541409e+07
3.544814431975087523e+07
3.507545476939307153e+07
3.474706233711287379e+07
3.446545436952127516e+07
3.423085917151483893e+07
3.404157177862452716e+07
3.389432039795313030e+07
3.378465040876157582e+07
3.370730542484509200e+07
3.365658806847006083e+07
3.362668654981833696e+07
3.361195686727876216e+07
3.360715385429020226e+07
3.360760785985319316e+07
3.360934680183592439e+07
3.360916599979981780e+07
3.360465032699365169e+07
3.359415483363579959e+07
3.357675107854902744e+07
3.355214698811291903e+07
3.352058818575643748e+07
3.348274846241218597e+07
3.343961645869680494e+07
3.339238477789007500e+07
3.334234672028696537e+07
3.329080469645884633e+07
3.323899320614549890e+07
3.318801812032499164e+07
3.313881292727705836e+07
3.309211164053517580e+07
3.304843724898258224e+07
3.300810393838693202e+07
3.297123084082907811e+07
3.293776477564741671e+07
3.290750932571434230e+07
3.288015763127392158e+07
3.285532645887270942e+07
3.283258938884910196e+07
3.281150733200951293e+07
3.279165500382803008e+07
3.277264242264607549e+07
3.275413092907222733e+07
3.273584362293514609e+07
3.271757046235853434e+07
3.269916855289711803e+07
3.268055836500183120e+07
3.266171675273566321e+07
3.264266770804747567e+07
3.262347177969739214e+07
3.260421502404885367e+07
3.258499824852745980e+07
3.256592717082829773e+07
3.254710396125256270e+07
3.252862047440668941e+07
3.251055332094174623e+07
3.249296078909777105e+07
3.247588150630106777e+07
3.245933463731240481e+07
3.244332134948536009e+07
3.242782723751265556e+07
3.241282538777410612e+07
3.239827977281782404e+07
3.238414869539776072e+07
3.237038804409631342e+07
3.235695417395780981e+07
3.234380628101262450e+07
3.233090819480905309e+07
3.231822956449186802e+07
3.230574645877421647e+07
3.229344143641335145e+07
3.228130317044833675e+07
3.226932572621757910e+07
3.225750760047357529e+07
3.224585062774240226e+07
3.223435885184150189e+07
3.222303744683831558e+07
3.221189175447745994e+07
3.220092648597633839e+07
3.219014511669845507e+07
3.217954948394343629e+07
3.216913958203718811e+07
3.215891353584118187e+07
3.214886772417431325e+07
3.213899701859391481e+07
3.212929510038312897e+07
3.211975481908079609e+07
3.211036855894823000e+07
3.210112858476871252e+07
3.209202734465100244e+07
3.208305771440116689e+07
3.207421317493487522e+07
3.206548792061654106e+07
3.205687690193771943e+07
3.204837581031687185e+07
3.203998101587602496e+07
3.203168947080446407e+07
3.202349859143456444e+07
3.201540613159094006e+07
3.200741005834674090e+07
3.199950843927737325e+07
3.199169934789745137e+07
3.198398079144324362e+07
3.197635066273307055e+07
3.196880671567423642e+07
3.196134656221111119e+07
3.195396768719925359e+07
3.194666747687149420e+07
3.193944325621853769e+07
3.193229233068708703e+07
3.192521202802900970e+07
3.191819973682415485e+07
3.191125293904954940e+07
3.190436923498701304e+07
3.189754635966382548e+07
3.189078219083808735e+07
3.188407474922049046e+07
3.187742219213562459e+07
3.187082280215373263e+07
3.186427497237335891e+07
3.185777719002236798e+07
3.185132801989814639e+07
3.184492608892040327e+07
3.183857007276006043e+07
3.183225868516983837e+07
3.182599067030970752e+07
3.181976479805982858e+07
3.181357986206435040e+07
3.180743468006455898e+07
3.180132809596335515e+07
3.179525898301400617e+07
3.178922624753706530e+07
3.178322883262986690e+07
3.177726572142869234e+07
3.177133593960215896e+07
3.176543855687943846e+07
3.175957268753911182e+07
3.175373748989127576e+07
3.174793216487242654e+07
3.174215595393356308e+07
3.173640813643696159e+07
3.173068802678731084e+07
3.172499497151062638e+07
3.171932834646591544e+07
3.171368755433382839e+07
3.170807202247951925e+07
3.170248120123965293e+07
3.169691456263866276e+07
3.169137159950210154e+07
3.168585182490655780e+07
3.168035477188703045e+07
3.167487999331437051e+07
3.166942706185687706e+07
3.166399556994774565e+07
3.165858512969500199e+07
3.165319537268739566e+07
3.164782594966874272e+07
3.164247653007104620e+07
3.163714680141265690e+07
3.163183646858025342e+07
3.162654525302219391e+07
3.162127289188531041e+07
3.161601913712865114e+07
3.161078375464469194e+07
3.160556652341450751e+07
3.160036723471667245e+07
3.159518569140281901e+07
3.159002170724557713e+07
3.158487510635858402e+07
3.157974572268288210e+07
3.157463339953055233e+07
3.156953798917394876e+07
3.156445935246875882e+07
3.155939735849926621e+07
3.155435188423594832e+07
3.154932281419812888e+07
3.154431004011634737e+07
3.153931346059238911e+07
3.153433298075673357e+07
3.152936851192539558e+07
3.152441997125921771e+07
3.151948728142957762e+07
3.151457037029436231e+07
3.150966917058809847e+07
3.150478361962886155e+07
3.149991365904413536e+07
3.149505923451643437e+07
3.149022029554842412e+07
3.148539679524648935e+07
3.148058869012100622e+07
3.147579593990089744e+07
3.147101850736004114e+07
3.146625635815299302e+07
3.146150946065780893e+07
3.145677778582402319e+07
3.145206130702435225e+07
3.144735999990927428e+07
3.144267384226385504e+07
3.143800281386704743e+07
3.143334689635346085e+07
3.142870607307846472e+07
3.142408032898696885e+07
3.141946965048678964e+07
3.141487402532710880e+07
3.141029344248245284e+07
3.140572789204276726e+07
3.140117736510945484e+07
3.139664185369759426e+07
3.139212135064409673e+07
3.138761584952155873e+07
3.138312534455752000e+07
3.137864983055873588e+07
3.137418930284002423e+07
3.136974375715753809e+07
3.136531318964596093e+07
3.136089759675949439e+07
3.135649697521644831e+07
3.135211132194716856e+07
3.134774063404541835e+07
3.134338490872281790e+07
3.133904414326656237e+07
3.133471833500008285e+07
3.133040748124674708e+07
3.132611157929634303e+07
3.132183062637418881e+07
3.131756461961286515e+07
3.131331355602616072e+07
3.130907743248517811e+07
3.130485624569636211e+07
3.130064999218122661e+07
3.129645866825761274e+07
3.129228227002229542e+07
3.128812079333479702e+07
3.128397423380234092e+07
3.127984258676568419e+07
3.127572584728599712e+07
3.127162401013247669e+07
3.126753706977091730e+07
3.126346502035293356e+07
3.125940785570618510e+07
3.125536556932514533e+07
3.125133815436286479e+07
3.124732560362337530e+07
3.124332790955488756e+07
3.123934506424382329e+07
3.123537705940943956e+07
3.123142388639929518e+07
3.122748553618536144e+07
3.122356199936077744e+07
3.121965326613724232e+07
3.121575932634310052e+07
3.121188016942186281e+07
3.120801578443139046e+07
