3.006791281902840137e+08
2.727686447082473040e+08
2.467083397241610289e+08
2.225127152742338181e+08
2.001877660480453968e+08
1.797300799794286489e+08
1.611259687211950719e+08
1.443506600876985192e+08
1.293675944201510698e+08
1.161278689761891067e+08
1.045698863456703424e+08
9.461926311803551018e+07
8.618905718321400881e+07
7.918036754808808863e+07
7.348334995282660425e+07
6.928174602312511206e+07
6.608951030251991004e+07
6.351549734096518159e+07
6.148685429729548097e+07
5.993279810506466031e+07
5.878507852975727618e+07
5.797852913209673762e+07
5.745165078955499828e+07
5.714717920894476771e+07
5.701259564571142942e+07
5.700054790368901938e+07
5.706915733691070229e+07
5.718219658834535629e+07
5.730913171883720160e+07
5.742503066461355239e+07
5.751034712686438859e+07
5.755059468611940742e+07
5.753592996134999394e+07
5.746066598485627770e+07
5.732273777088908106e+07
5.712314155354783684e+07
5.686536764819727093e+07
5.655484465302439034e+07
5.619841003483656049e+07
5.580381927486911416e+07
5.537930287323071808e+07
5.493317775903905183e+07
5.447351711467057467e+07
5.400788034628624469e+07
5.354310294045884907e+07
5.308514424146313965e+07
5.263898975824639201e+07
5.220860345225610584e+07
5.179692455423787236e+07
5.140590279786928743e+07
5.103656553003516793e+07
5.068910995165105164e+07
5.036301374846630543e+07
5.005715757521569729e+07
4.976995324220133573e+07
4.949947199963958561e+07
4.924356799576535821e+07
4.899999276902230084e+07
4.876649748838317394e+07
4.854092054256244004e+07
4.832125896201397479e+07
4.810572300232501328e+07
4.789277399275740236e+07
4.768114623334643990e+07
4.746985428868132830e+07
4.725818746391248703e+07
4.704569355354782194e+07
4.683215412799936533e+07
4.661755367451216280e+07
4.640204485097831488e+07
4.618591195990380645e+07
4.596953452457495034e+07
4.575335257051467896e+07
4.553783490280970931e+07
4.532345134292949736e+07
4.511064956445173919e+07
4.489983686037448049e+07
4.469136689728500694e+07
4.448553127237422764e+07
4.428255549390614778e+07
4.408259885714325309e+07
4.388575758614268154e+07
4.369207054185568541e+07
4.350152687310519069e+07
4.331407473892280459e+07
4.312963071806709468e+07
4.294808916664136946e+07
4.276933112447585911e+07
4.259323238698403537e+07
4.241967047168160975e+07
4.224853030725149810e+07
4.207970856489832699e+07
4.191311663325734437e+07
4.174868230682026595e+07
4.158635031224557757e+07
4.142608183648365736e+07
4.126785324564906955e+07
4.111165419498181343e+07
4.095748532956385612e+07
4.080535576458940655e+07
4.065528051505680382e+07
4.050727801996940374e+07
4.036136787769041955e+07
4.021756887903334945e+07
4.007589739480234683e+07
3.993636614636436105e+07
3.979898336264524609e+07
3.966375230557531118e+07
3.953067112900554389e+07
3.939973302370657027e+07
3.927092659319835156e+07
3.914423640155661106e+07
3.901964363453256339e+07
3.889712681870225072e+07
3.877666254924720526e+07
3.865822618464305252e+07
3.854179247529068589e+07
3.842733610231084377e+07
3.831483211175499111e+07
3.820425623788455874e+07
3.809558511656171083e+07
3.798879639592129737e+07
3.788386875620947778e+07
3.778078185393456370e+07
3.767951620732730627e+07
3.758005304066996276e+07
3.748237410450137407e+07
3.738646148724985123e+07
3.729229743171869218e+07
3.719986416728354990e+07
3.710914376587694138e+07
3.702011802703564614e+07
3.693276839463675022e+07
3.684707590558282286e+07
3.676302116870936006e+07
3.668058437063646317e+07
3.659974530419231951e+07
3.652048341439022124e+07
3.644277785670871288e+07
3.636660756255131960e+07
3.629195130718296766e+07
3.621878777607813478e+07
3.614709562639819831e+07
3.607685354116883129e+07
3.600804027458837628e+07
3.594063468771178275e+07
3.587461577447663248e+07
3.580996267864083499e+07
3.574665470266547799e+07
3.568467130989689380e+07
3.562399212158152461e+07
3.556459691029859334e+07
3.550646559133653343e+07
3.544957821339270473e+07
3.539391494976434112e+07
3.533945609094841778e+07
3.528618203930030018e+07
3.523407330613663793e+07
3.518311051142299175e+07
3.513327438597483933e+07
3.508454580455775559e+07
3.503690567691546679e+07
3.499033512986506522e+07
3.494481539905543625e+07
3.490032786770767719e+07
3.485685406717702746e+07
3.481437572011780739e+07
3.477287469846075773e+07
3.473233306361712515e+07
3.469273306473436207e+07
3.465405714388190210e+07
3.461628794012740999e+07
3.457940829257135093e+07
3.454340124245368689e+07
3.450825003447694331e+07
3.447393811750580370e+07
3.444044914480656385e+07
3.440776698565182090e+07
3.437587567822255939e+07
3.434475949988292158e+07
3.431440291970673203e+07
3.428479061016470194e+07
3.425590744708994031e+07
3.422773850977867097e+07
3.420026908121512085e+07
3.417348464839354903e+07
3.414737090270002186e+07
3.412191374031049013e+07
3.409709926256028563e+07
3.407291377624246478e+07
3.404934379379756004e+07
3.402637603336450458e+07
3.400399741867087781e+07
3.398219507874938101e+07
3.396095634747584164e+07
3.394026876293160766e+07
3.392012006659936905e+07
3.390049820240627974e+07
3.388139131563115120e+07
3.386278775169432163e+07
3.384467605484879017e+07
3.382704496679012477e+07
3.380988342520091683e+07
3.379318056224279851e+07
3.377692570300629735e+07
3.376110836392591894e+07
3.374571825116484612e+07
3.373074525897172093e+07
3.371617946800953150e+07
3.370201114365535229e+07
3.368823073426921666e+07
3.367482886942923814e+07
3.366179635813097656e+07
3.364912418694891781e+07
3.363680351815903187e+07
3.362482568782172352e+07
3.361318220382636040e+07
3.360186474389806390e+07
3.359086515356986225e+07
3.358017544412259758e+07
3.356978779049629718e+07
3.355969452917702496e+07
3.354988815606254339e+07
3.354036132431126758e+07
3.353110684217793122e+07
3.352211767083929479e+07
3.351338692221314460e+07
3.350490785677305609e+07
3.349667388136115670e+07
3.348867854700089246e+07
3.348091554671111703e+07
3.347337871332278475e+07
3.346606201729924232e+07
3.345895956456097960e+07
3.345206559431556612e+07
3.344537447689339519e+07
3.343888071159012616e+07
3.343257892451639473e+07
3.342646386645566300e+07
3.342053041073106974e+07
3.341477355108214170e+07
3.340918839955244958e+07
3.340377018438902870e+07
3.339851424795468897e+07
3.339341604465423152e+07
3.338847113887540624e+07
3.338367520294567943e+07
3.337902401510556042e+07
3.337451345749939978e+07
3.337013951418432593e+07
3.336589826915787905e+07
3.336178590440512821e+07
3.335779869796565175e+07
3.335393302202083915e+07
3.335018534100197256e+07
3.334655220971948653e+07
3.334303027151361108e+07
3.333961625642677397e+07
3.333630697939822823e+07
3.333309933848077059e+07
3.332999031308019906e+07
3.332697696221753955e+07
3.332405642281429470e+07
3.332122590800102055e+07
3.331848270544926822e+07
3.331582417572727799e+07
3.331324775067931414e+07
3.331075093182910979e+07
3.330833128880719468e+07
3.330598645780248567e+07
3.330371414003796875e+07
3.330151210027067736e+07
3.329937816531590745e+07
3.329731022259564698e+07
3.329530621871124208e+07
3.329336415804018453e+07
3.329148210135699064e+07
3.328965816447813809e+07
3.328789051693076640e+07
3.328617738064531982e+07
3.328451702867168933e+07
3.328290778391899168e+07
3.328134801791860163e+07
3.327983614961052686e+07
3.327837064415267855e+07
3.327695001175311953e+07
3.327557280652488396e+07
3.327423762536343932e+07
3.327294310684626177e+07
3.327168793015456200e+07
3.327047081401696056e+07
3.326929051567464322e+07
3.326814582986801863e+07
3.326703558784455806e+07
3.326595865638750046e+07
3.326491393686530367e+07
3.326390036430150270e+07
3.326291690646471828e+07
3.326196256297861040e+07
3.326103636445145682e+07
