4.854156593138641119e+07
4.198583688931707293e+07
3.641415532547335327e+07
3.184864321993217617e+07
2.829333015612099320e+07
2.572623753623591363e+07
2.409022259561571479e+07
2.328446514466684312e+07
2.316040830088491738e+07
2.352735284892658889e+07
2.417137369376246259e+07
2.488521841028881073e+07
2.549944791929230839e+07
2.590314397919921204e+07
2.604849724132936075e+07
2.594183226135650277e+07
2.562772775515189767e+07
2.517216737302152067e+07
2.464802075775386393e+07
2.412394572093931586e+07
2.365666212446325645e+07
2.328620633763123676e+07
2.303380735464171320e+07
2.290212867260785028e+07
2.287763304021545127e+07
2.293470061509739980e+07
2.304090634537442401e+07
2.316264784753830358e+07
2.327023513964228705e+07
2.334168026900927722e+07
2.336473346486733854e+07
2.333709708074018359e+07
2.326508563799277321e+07
2.316121069470603764e+07
2.304123986012734100e+07
2.292124383608469367e+07
2.281505021299129725e+07
2.273240268788652867e+07
2.267799632109623775e+07
2.265142821540146694e+07
2.264797265204551071e+07
2.265997141755340248e+07
2.267854319706128538e+07
2.269528141841238737e+07
2.270363960371816903e+07
2.269979170147633553e+07
2.268287927110226825e+07
2.265468585463552177e+07
2.261888193200745061e+07
2.258004326454955712e+07
2.254265672989106178e+07
2.251029757437153906e+07
2.248510325661806017e+07
2.246759667877085507e+07
2.245683995828885213e+07
2.245084121980826184e+07
2.244710005858124048e+07
2.244316682401883975e+07
2.243710561517885327e+07
2.242778533145635575e+07
2.241496765898565203e+07
2.239920537025189400e+07
2.238159976829829812e+07
2.236348679950363934e+07
2.234612537253760919e+07
2.233045035775691271e+07
2.231693081607479975e+07
2.230554690707560256e+07
2.229587264767368138e+07
2.228723144383694232e+07
2.227888059635346755e+07
2.227018096844694763e+07
2.226071744839520007e+07
2.225035151733219624e+07
2.223920486012050137e+07
2.222758832445758581e+07
2.221590049360237643e+07
2.220452321410153434e+07
2.219373791438888758e+07
2.218367821580316126e+07
2.217432376365155354e+07
2.216553011110069603e+07
2.215708209064208344e+07
2.214875469407689571e+07
2.214036624678073451e+07
2.213181281351245195e+07
2.212307885223030299e+07
2.211422544449290261e+07
2.210536247254065424e+07
2.209661389431387931e+07
2.208808546961623058e+07
2.207984224495108798e+07
2.207189962536270544e+07
2.206422798865930736e+07
2.205676751985115185e+07
2.204944797012127191e+07
2.204220766819342226e+07
2.203500719227956980e+07
2.202783516592650861e+07
2.202070601365526766e+07
2.201365155925313011e+07
2.200670960351318121e+07
2.199991288165877014e+07
2.199328115781351924e+07
2.198681796788362786e+07
2.198051208525906503e+07
2.197434255474429578e+07
2.196828540390400589e+07
2.196232001163102686e+07
2.195643353047736734e+07
2.195062252849896997e+07
2.194489188186674565e+07
2.193925166891886294e+07
2.193371322266223282e+07
2.192828553310876340e+07
2.192297290204216167e+07
2.191777426840137690e+07
2.191268410305583477e+07
2.190769436302749813e+07
2.190279679080021381e+07
2.189798486802517250e+07
2.189325494242789596e+07
2.188860635514856130e+07
2.188404070219794288e+07
2.187956058336294070e+07
2.187516827722487971e+07
2.187086472938372940e+07
2.186664908877507597e+07
2.186251883307955787e+07
2.185847035017272830e+07
2.185449973459761962e+07
2.185060353635042161e+07
2.184677925625007600e+07
2.184302548888000846e+07
2.183934173188366741e+07
2.183572797349963337e+07
2.183218421564865857e+07
2.182871008211235702e+07
2.182530461121459678e+07
2.182196626145119965e+07
2.181869309094351530e+07
2.181548302681085467e+07
2.181233412814049423e+07
2.180924476461672038e+07
2.180621367154668644e+07
2.180323988607708737e+07
2.180032260467951000e+07
2.179746101924916357e+07
2.179465418610303849e+07
2.179190096301992238e+07
2.178920002270450071e+07
2.178654992612238228e+07
2.178394922341169417e+07
2.178139654688643664e+07
2.177889066895132884e+07
2.177643051310149208e+07
2.177401512266565859e+07
2.177164360424854606e+07
2.176931506778473407e+07
2.176702858238717914e+07
2.176478315888470411e+07
2.176257775962786004e+07
2.176041132740323246e+07
2.175828282064622268e+07
2.175619124238415062e+07
2.175413565458116680e+07
2.175211517576229945e+07
2.175012896563345194e+07
2.174817620405330509e+07
2.174625607233287394e+07
2.174436774273506925e+07
2.174251037835978717e+07
2.174068314180035889e+07
2.173888520831513032e+07
2.173711577845481783e+07
2.173537408608587831e+07
2.173365939992628247e+07
2.173197101914745569e+07
2.173030826544296741e+07
2.172867047470454872e+07
2.172705699101724103e+07
2.172546716442805901e+07
2.172390035241778195e+07
2.172235592377264798e+07
2.172083326297863945e+07
2.171933177342846245e+07
2.171785087845572829e+07
2.171639002014930174e+07
2.171494865669248253e+07
2.171352625936755911e+07
2.171212231029529124e+07
2.171073630154324323e+07
2.170936773564976454e+07
2.170801612710207701e+07
2.170668100404256210e+07
2.170536190951021761e+07
2.170405840179339796e+07
2.170277005384327471e+07
2.170149645202603564e+07
2.170023719466857612e+07
2.169899189084036648e+07
2.169776015965029970e+07
2.169654163010516763e+07
2.169533594137023017e+07
2.169414274316133931e+07
2.169296169600478187e+07
2.169179247120273858e+07
2.169063475048483163e+07
2.168948822545093298e+07
2.168835259697386622e+07
2.168722757472021133e+07
2.168611287687887996e+07
2.168500823009627312e+07
2.168391336953967810e+07
2.168282803897534311e+07
2.168175199075866491e+07
2.168068498568172753e+07
2.167962679268254340e+07
2.167857718846894428e+07
2.167753595713078231e+07
2.167650288980514556e+07
2.167547778442832455e+07
2.167446044557131082e+07
2.167345068432688713e+07
2.167244831820547581e+07
2.167145317100450397e+07
2.167046507263581455e+07
2.166948385891786963e+07
2.166850937135481089e+07
2.166754145692829788e+07
2.166657996792086959e+07
2.166562476177530736e+07
2.166467570098130405e+07
2.166373265297166258e+07
2.166279549001034722e+07
2.166186408906063437e+07
2.166093833163153380e+07
2.166001810360959917e+07
2.165910329508775845e+07
2.165819380020288751e+07
2.165728951698888093e+07
2.165639034621337801e+07
2.165549619536933303e+07
2.165460697243010998e+07
2.165372258980451524e+07
2.165284296320968121e+07
2.165196801155376434e+07
2.165109765681996197e+07
2.165023182395563275e+07
2.164937044076911360e+07
2.164851343783451617e+07
2.164766074840255827e+07
2.164681230831417441e+07
2.164596805591404811e+07
2.164512793196213245e+07
2.164429187954323739e+07
2.164345984397612512e+07
2.164263177272415906e+07
2.164180761530945823e+07
2.164098732323161140e+07
2.164017084989088029e+07
2.163935815051521361e+07
2.163854918208989501e+07
2.163774390328919142e+07
2.163694227440950647e+07
2.163614425730454177e+07
2.163534981532267481e+07
2.163455891324727237e+07
2.163377151723975688e+07
2.163298759478539601e+07
2.163220711464099213e+07
2.163143004678402096e+07
2.163065636236256361e+07
2.162988603364602476e+07
2.162911903397661820e+07
2.162835533772213757e+07
2.162759492023023218e+07
2.162683775778459013e+07
2.162608382756296545e+07
2.162533310759713501e+07
2.162458557673449814e+07
2.162384121460118890e+07
2.162310000156661496e+07
2.162236191870939732e+07
2.162162694778471440e+07
2.162089507119308412e+07
2.162016627195054665e+07
2.161944053366007656e+07
2.161871784048417211e+07
2.161799817711833119e+07
2.161728152876538038e+07
2.161656788111056760e+07
2.161585722029741108e+07
2.161514953290436417e+07
2.161444480592238903e+07
2.161374302673343569e+07
2.161304418308988586e+07
2.161234826309493184e+07
2.161165525518385321e+07
2.161096514810613543e+07
