3.489151367592376471e+07
3.363300249281872064e+07
3.374421839238542318e+07
3.398889110174719989e+07
3.381983490943648666e+07
3.346055031851526722e+07
3.317459261219640076e+07
3.307300442286609113e+07
3.309788574480720609e+07
3.311101378078045696e+07
3.302811995798259974e+07
3.286845287033927441e+07
3.270721661519109458e+07
3.260779955659906194e+07
3.258059718282764405e+07
3.258473040413486958e+07
3.256764097961542010e+07
3.250697898712907732e+07
3.242000262638626248e+07
3.234215841406337172e+07
3.229809640076343343e+07
3.228531060785210878e+07
3.227978859606862068e+07
3.225760972623126954e+07
3.221333991167474166e+07
3.216069086897766590e+07
3.211833733717405796e+07
3.209448506024356931e+07
3.208193624629360437e+07
3.206604988642015308e+07
3.203756638411976770e+07
3.199907446376504004e+07
3.196087182556221262e+07
3.193134214746307582e+07
3.191041294553944841e+07
3.189098600265722722e+07
3.186609834618581831e+07
3.183488500355711579e+07
3.180236194473196194e+07
3.177418920319765061e+07
3.175169261488084123e+07
3.173140283871123940e+07
3.170888059012901038e+07
3.168282550496343896e+07
3.165574098376872391e+07
3.163107540235286579e+07
3.160995352825338766e+07
3.159053338466560096e+07
3.157019892489462346e+07
3.154812513536202535e+07
3.152574211309628934e+07
3.150498062899143621e+07
3.148630943995233998e+07
3.146847776276557520e+07
3.144996243554482609e+07
3.143046107683026046e+07
3.141096274682094157e+07
3.139254405063473433e+07
3.137527857598669827e+07
3.135832934787135571e+07
3.134094719999966770e+07
3.132321856048744544e+07
3.130583480712470412e+07
3.128927268008220568e+07
3.127332667747182399e+07
3.125742826785115153e+07
3.124129817211317271e+07
3.122519340559601784e+07
3.120955009003782272e+07
3.119449650597768277e+07
3.117977750001475960e+07
3.116510474548446015e+07
3.115048217059645429e+07
3.113615286716520041e+07
3.112228639584637433e+07
3.110879578640944511e+07
3.109546983546809480e+07
3.108222442188234627e+07
3.106917180761110038e+07
3.105645852370273694e+07
3.104409285403842852e+07
3.103196004133090749e+07
3.101997615966892242e+07
3.100817893351371586e+07
3.099665956419914588e+07
3.098544170270945132e+07
3.097445973454692960e+07
3.096364711386413127e+07
3.095301252638480067e+07
3.094261493781005591e+07
3.093248361707812548e+07
3.092258800170196593e+07
3.091288499112918973e+07
3.090337254973381385e+07
3.089408249503330514e+07
3.088503147665756941e+07
3.087619822233880684e+07
3.086755166506713256e+07
3.085908691886898503e+07
3.085082286793266237e+07
3.084277069059359655e+07
3.083491772582095861e+07
3.082724428130763024e+07
3.081974606733829528e+07
3.081243233859573677e+07
3.080530628001512960e+07
3.079835631786871701e+07
3.079156821333651990e+07
3.078493894801832363e+07
3.077847399190213531e+07
3.077217427633187175e+07
3.076603165107945353e+07
3.076003719506314024e+07
3.075418891961932927e+07
3.074848855546473712e+07
3.074293365282350779e+07
3.073751663362976909e+07
3.073223109733328596e+07
3.072707568882842734e+07
3.072205067467549816e+07
3.071715309623381868e+07
3.071237730079542845e+07
3.070771907748308033e+07
3.070317696132581308e+07
3.069874936956127733e+07
3.069443236387994140e+07
3.069022118532790244e+07
3.068611284517671540e+07
3.068210596429868788e+07
3.067819854321538284e+07
3.067438713978192210e+07
3.067066831959109753e+07
3.066703985085659474e+07
3.066349994738186151e+07
3.066004601440311968e+07
3.065667485408430547e+07
3.065338383003760502e+07
3.065017115026939660e+07
3.064703500165218115e+07
3.064397297969610989e+07
3.064098256606975198e+07
3.063806173229912668e+07
3.063520873637029529e+07
3.063242156503038853e+07
3.062969794406623766e+07
3.062703583094439283e+07
3.062443358045488968e+07
3.062188959243853390e+07
3.061940204660060257e+07
3.061696909695195034e+07
3.061458912629929557e+07
3.061226065450926125e+07
3.060998210561881959e+07
3.060775183045878261e+07
3.060556831946241856e+07
3.060343025032640994e+07
3.060133632337315008e+07
3.059928516858578846e+07
3.059727544401704893e+07
3.059530592672260106e+07
3.059337544980743527e+07
3.059148281449618191e+07
3.058962682783298567e+07
3.058780639090720937e+07
3.058602049089550599e+07
3.058426812372509390e+07
3.058254827658134699e+07
3.058085997996160761e+07
3.057920232739449665e+07
3.057757443482164294e+07
3.057597541799600422e+07
3.057440442507461086e+07
3.057286066423425078e+07
3.057134338191711903e+07
3.056985183289313316e+07
3.056838528785278276e+07
3.056694305464858562e+07
3.056552447272953391e+07
3.056412889416330680e+07
3.056275568634187430e+07
3.056140424955754727e+07
3.056007401788936183e+07
3.055876444350234792e+07
3.055747499081546813e+07
3.055620514531142637e+07
3.055495441689466685e+07
3.055372233178532869e+07
3.055250842871677876e+07
3.055131226571928337e+07
3.055013342430637777e+07
3.054897150367394835e+07
3.054782611491778865e+07
3.054669688296033442e+07
3.054558344942700490e+07
3.054448546997124329e+07
3.054340261113086343e+07
3.054233455224687979e+07
3.054128098819063604e+07
3.054024162750951201e+07
3.053921618893267214e+07
3.053820440112427622e+07
3.053720600401639938e+07
3.053622074794790894e+07
3.053524839189445972e+07
3.053428870384421945e+07
3.053334146210714430e+07
3.053240645466615260e+07
3.053148347730449587e+07
3.053057233302062005e+07
3.052967283246251941e+07
3.052878479354428500e+07
3.052790804052594304e+07
3.052704240401631966e+07
3.052618772150965407e+07
3.052534383704741672e+07
3.052451060021178424e+07
3.052368786566108465e+07
3.052287549319029599e+07
3.052207334747321159e+07
3.052128129757931828e+07
3.052049921692397818e+07
3.051972698345092684e+07
3.051896447938281298e+07
3.051821159065724909e+07
3.051746820662287623e+07
3.051673421997620538e+07
3.051600952656299993e+07
3.051529402511831746e+07
3.051458761722575128e+07
3.051389020734698325e+07
3.051320170262065902e+07
3.051252201253473014e+07
3.051185104873881489e+07
3.051118872495626286e+07
3.051053495683807507e+07
3.050988966182469204e+07
3.050925275911823288e+07
3.050862416965255514e+07
3.050800381593938172e+07
3.050739162187829614e+07
3.050678751264431700e+07
3.050619141461170465e+07
3.050560325525793061e+07
3.050502296309531108e+07
3.050445046765109152e+07
3.050388569942109659e+07
3.050332858976222202e+07
3.050277907078602910e+07
3.050223707529295608e+07
3.050170253671805561e+07
3.050117538907654956e+07
3.050065556693407893e+07
3.050014300539045036e+07
3.049963764003682882e+07
3.049913940688842162e+07
3.049864824232866988e+07
3.049816408307260647e+07
3.049768686613482982e+07
3.049721652880512178e+07
3.049675300863794237e+07
3.049629624343917519e+07
3.049584617123522982e+07
3.049540273023675382e+07
3.049496585881268233e+07
3.049453549547269940e+07
3.049411157885380089e+07
3.049369404771437496e+07
3.049328284093243629e+07
3.049287789749661833e+07
3.049247915648933500e+07
3.049208655707187206e+07
3.049170003847593814e+07
3.049131953999934718e+07
3.049094500100575387e+07
3.049057636092830077e+07
3.049021355927181244e+07
3.048985653560964763e+07
3.048950522957886010e+07
3.048915958087856695e+07
3.048881952927171811e+07
3.048848501458956301e+07
3.048815597673878074e+07
3.048783235570897534e+07
3.048751409157740325e+07
3.048720112451152131e+07
3.048689339477236569e+07
3.048659084272015467e+07
3.048629340882180259e+07
3.048600103366013616e+07
3.048571365794375911e+07
3.048543122251565009e+07
3.048515366836001724e+07
3.048488093660890311e+07
3.048461296854996681e+07
3.048434970563551784e+07
3.048409108949257433e+07
3.048383706193348765e+07
3.048358756496591866e+07
3.048334254080161452e+07
3.048310193186461180e+07
