5.124485574257426709e+07
4.677849910558009148e+07
4.366986534973148257e+07
4.179809861198996753e+07
4.086435671245813370e+07
4.044656147724346817e+07
4.018847866202808917e+07
3.988973025854921341e+07
3.946748173639670014e+07
3.890522590169386566e+07
3.822457581771388650e+07
3.746957495959689468e+07
3.669486374539319426e+07
3.595531778328213096e+07
3.529718701591510326e+07
3.475131595701341331e+07
3.432915091653779149e+07
3.402223991505753994e+07
3.380562410716677457e+07
3.364472950179804116e+07
3.350424919658557326e+07
3.335661795943702012e+07
3.318765288298895210e+07
3.299792690919861570e+07
3.279995244488500804e+07
3.261252151265235990e+07
3.245413430223574862e+07
3.233737777847367525e+07
3.226562972315536067e+07
3.223274788763483986e+07
3.222556709654611349e+07
3.222822341363676637e+07
3.222680862475797534e+07
3.221286042641206086e+07
3.218472665785414726e+07
3.214665660560885817e+07
3.210622014573457465e+07
3.207109155461310595e+07
3.204629102659192681e+07
3.203270678451513872e+07
3.202723114983140305e+07
3.202427917747741938e+07
3.201799969510556012e+07
3.200430645703788102e+07
3.198201974985652417e+07
3.195282710864887759e+07
3.192024651974801719e+07
3.188811086102483794e+07
3.185918609801753983e+07
3.183439630483950675e+07
3.181284219867144525e+07
3.179248642070823908e+07
3.177115233163008839e+07
3.174741643942409009e+07
3.172107447487495840e+07
3.169306872001542896e+07
3.166498511053470895e+07
3.163837643237411603e+07
3.161419714733188227e+07
3.159255165916923434e+07
3.157280779421295226e+07
3.155397672897783667e+07
3.153516869811740890e+07
3.151593059084664285e+07
3.149634757355020195e+07
3.147690459139120951e+07
3.145820271003239229e+07
3.144067071009373292e+07
3.142439305259986222e+07
3.140910863079757243e+07
3.139435508791957796e+07
3.137967600240198523e+07
3.136479400831795484e+07
3.134968190215803310e+07
3.133451752643385157e+07
3.131956017082265764e+07
3.130501430330552161e+07
3.129094189875626564e+07
3.127725402299012989e+07
3.126377267117472738e+07
3.125032392426731065e+07
3.123681531540663168e+07
3.122326458644191921e+07
3.120977414923537150e+07
3.119647131937501207e+07
3.118344710569415614e+07
3.117072201011996716e+07
3.115825038739201427e+07
3.114595513498464972e+07
3.113377151457529515e+07
3.112167786989013106e+07
3.110970066355597228e+07
3.109789546097777411e+07
3.108631678702525422e+07
3.107499315840324387e+07
3.106391856290812790e+07
3.105306188101271540e+07
3.104238670268602297e+07
3.103187004086999223e+07
3.102151080811388791e+07
3.101132550057612732e+07
3.100133539636624232e+07
3.099155320900569484e+07
3.098197617234250158e+07
3.097258814644150436e+07
3.096336828512522578e+07
3.095430079522902519e+07
3.094538059870266914e+07
3.093661264297733083e+07
3.092800626366095990e+07
3.091956836040480435e+07
3.091129915737606585e+07
3.090319233394086361e+07
3.089523868887713179e+07
3.088743074288480356e+07
3.087976560380613059e+07
3.087224480328636616e+07
3.086487168441436812e+07
3.085764817873707786e+07
3.085057285937876627e+07
3.084364115327326581e+07
3.083684725703082979e+07
3.083018642365389317e+07
3.082365629050052911e+07
3.081725666588380188e+07
3.081098814831160754e+07
3.080485054668649286e+07
3.079884202154875919e+07
3.079295930442002043e+07
3.078719867699690536e+07
3.078155700991239399e+07
3.077603224628912657e+07
3.077062314471498504e+07
3.076532856443342939e+07
3.076014680145033821e+07
3.075507537258885056e+07
3.075011131410030648e+07
3.074525174275679514e+07
3.074049430873222277e+07
3.073583729105295986e+07
3.073127933794475347e+07
3.072681906461618096e+07
3.072245476976390556e+07
3.071818441553014144e+07
3.071400583071722835e+07
3.070991696993980184e+07
3.070591605207942799e+07
3.070200151510686055e+07
3.069817184416332841e+07
3.069442540538447350e+07
3.069076039206861705e+07
3.068717490205900371e+07
3.068366707889328897e+07
3.068023521908199415e+07
3.067687778424523398e+07
3.067359332625468448e+07
3.067038038662034273e+07
3.066723743689974770e+07
3.066416288905517757e+07
3.066115515485765040e+07
3.065821270576348901e+07
3.065533409344232455e+07
3.065251792452866957e+07
3.064976281514814869e+07
3.064706736038199440e+07
3.064443013827215508e+07
3.064184974161659926e+07
3.063932481299197674e+07
3.063685405977797508e+07
3.063443624257335067e+07
3.063207014877152070e+07
3.062975457063199207e+07
3.062748830064316839e+07
3.062527014307356626e+07
3.062309892998318747e+07
3.062097352927171439e+07
3.061889284034075588e+07
3.061685578262735903e+07
3.061486128659689799e+07
3.061290829359861463e+07
3.061099576372364163e+07
3.060912268521793559e+07
3.060728807877027988e+07
3.060549099445779994e+07
3.060373050443211198e+07
3.060200569673216343e+07
3.060031567380424961e+07
3.059865955536097661e+07
3.059703648227235302e+07
3.059544561815812066e+07
3.059388614773786813e+07
3.059235727364161611e+07
3.059085821430608630e+07
3.058938820438414067e+07
3.058794649699708074e+07
3.058653236585245281e+07
3.058514510557799786e+07
3.058378403009931743e+07
3.058244847025986016e+07
3.058113777217229828e+07
3.057985129697210342e+07
3.057858842150896788e+07
3.057734853894625977e+07
3.057613105855574086e+07
3.057493540479252115e+07
3.057376101632049307e+07
3.057260734561591968e+07
3.057147385924003273e+07
3.057036003833176196e+07
3.056926537874635682e+07
3.056818939059089497e+07
3.056713159737027064e+07
3.056609153518854827e+07
3.056506875231760740e+07
3.056406280911242962e+07
3.056307327800766379e+07
3.056209974334238842e+07
3.056114180096937343e+07
3.056019905780890211e+07
3.055927113154180348e+07
3.055835765050178021e+07
3.055745825365652144e+07
3.055657259050473943e+07
3.055570032079618052e+07
3.055484111412215233e+07
3.055399464950675517e+07
3.055316061510130763e+07
3.055233870798753947e+07
3.055152863401701301e+07
3.055073010761266574e+07
3.054994285151738673e+07
3.054916659653459489e+07
3.054840108131477237e+07
3.054764605220099166e+07
3.054690126309678331e+07
3.054616647530489415e+07
3.054544145731297880e+07
3.054472598454512283e+07
3.054401983911971748e+07
3.054332280964219943e+07
3.054263469103080407e+07
3.054195528435314819e+07
3.054128439665449411e+07
3.054062184077746794e+07
3.053996743518795818e+07
3.053932100382007658e+07
3.053868237593842298e+07
3.053805138600335270e+07
3.053742787352476642e+07
3.053681168290162086e+07
3.053620266325651482e+07
3.053560066827799380e+07
3.053500555607650802e+07
3.053441718905107677e+07
3.053383543375984579e+07
3.053326016079088300e+07
3.053269124463537335e+07
3.053212856356752664e+07
3.053157199953259528e+07
3.053102143803981692e+07
3.053047676805492491e+07
3.052993788188944757e+07
3.052940467508805171e+07
3.052887704631811753e+07
3.052835489726473391e+07
3.052783813253154233e+07
3.052732665954580903e+07
3.052682038846601918e+07
3.052631923209203780e+07
3.052582310577876866e+07
3.052533192735399306e+07
3.052484561703946814e+07
3.052436409737351537e+07
3.052388729313379526e+07
3.052341513126030564e+07
3.052294754077983648e+07
3.052248445273319632e+07
3.052202580010555685e+07
3.052157151775985956e+07
3.052112154237239808e+07
3.052067581237071753e+07
3.052023426787389815e+07
3.051979685063518584e+07
3.051936350398688391e+07
3.051893417278653011e+07
3.051850880336414278e+07
3.051808734347016364e+07
3.051766974222484604e+07
3.051725595006919280e+07
3.051684591871796176e+07
3.051643960111451522e+07
3.051603695138739794e+07
3.051563792480861396e+07
3.051524247775347531e+07
3.051485056766212732e+07
3.051446215300234780e+07
3.051407719323358312e+07
3.051369564877172187e+07
3.051331748095489666e+07
3.051294265201021731e+07
