1.268358330834553689e+08
1.142312744354597032e+08
1.024017743855420202e+08
9.137191188223139942e+07
8.116307800857861340e+07
7.179273656573298573e+07
6.327361033346541226e+07
5.561280313357974589e+07
4.881087699948712438e+07
4.286091588339170069e+07
3.774762241012610495e+07
3.344651158015691489e+07
2.992328342478247359e+07
2.713347248810342699e+07
2.502248135481142253e+07
2.352610271613352001e+07
2.257161417845569924e+07
2.207948821979178488e+07
2.196569654355559498e+07
2.214450973161431029e+07
2.253161232648472488e+07
2.304728761576915905e+07
2.361939268483352661e+07
2.418585395309549570e+07
2.469646700879025459e+07
2.511387122354232520e+07
2.541367051742881909e+07
2.558376624537575617e+07
2.562304047211952880e+07
2.553956994450350478e+07
2.534856312322345376e+07
2.507020078871796280e+07
2.472753358018281311e+07
2.434455563520319760e+07
2.394453857024335116e+07
2.354867822200916708e+07
2.317507955091539025e+07
2.283808310359390453e+07
2.254791887342608720e+07
2.231065949477270246e+07
2.212843379889877886e+07
2.199985348487251997e+07
2.192059996048750728e+07
2.188411544071241841e+07
2.188234236800578237e+07
2.190645825388198346e+07
2.194755902198827639e+07
2.199725245697108656e+07
2.204813374797985703e+07
2.209412647599613667e+07
2.213068376493810490e+07
2.215485478524237126e+07
2.216523062015746534e+07
2.216179017487271503e+07
2.214567108801406622e+07
2.211889250178693235e+07
2.208405626670996472e+07
2.204405104061904922e+07
2.200178020540917292e+07
2.195993000985097885e+07
2.192078928374817967e+07
2.188612685709780827e+07
2.185712781363591552e+07
2.183438521631186455e+07
2.181794021094559133e+07
2.180736062743295729e+07
2.180184646694350243e+07
2.180035002106666565e+07
2.180169876530462503e+07
2.180471047687989846e+07
2.180829205100043491e+07
2.181151598845981807e+07
2.181367123596763611e+07
2.181428771845795214e+07
2.181313627923678607e+07
2.181020765905924886e+07
2.180567548252829537e+07
2.179984893138711527e+07
2.179312088621269912e+07
2.178591688280022889e+07
2.177864937016792968e+07
2.177168061107823998e+07
2.176529627869711816e+07
2.175969051303544641e+07
2.175496202774966881e+07
2.175111989388529211e+07
2.174809693215961009e+07
2.174576824594596028e+07
2.174397231847684830e+07
2.174253224854008853e+07
2.174127505763458461e+07
2.174004750420501828e+07
2.173872741846064478e+07
2.173723015811637789e+07
2.173551032333384827e+07
2.173355931318924204e+07
2.173139962656790018e+07
2.172907699405248463e+07
2.172665147593639046e+07
2.172418858974127471e+07
2.172175136309653521e+07
2.171939397514507547e+07
2.171715738458693773e+07
2.171506707655393705e+07
2.171313282093185186e+07
2.171135014227188379e+07
2.170970306911844015e+07
2.170816766346258670e+07
2.170671582666287571e+07
2.170531892787013948e+07
2.170395089156393334e+07
2.170259049657067284e+07
2.170122276371788234e+07
2.169983942824154720e+07
2.169843859411850572e+07
2.169702374225450680e+07
2.169560230864138901e+07
2.169418406192555651e+07
2.169277949549585581e+07
2.169139841300906241e+07
2.169004883562177420e+07
2.168873630201294646e+07
2.168746357603852823e+07
2.168623072780974582e+07
2.168503551661808416e+07
2.168387398092053831e+07
2.168274113202371448e+07
2.168163165288292617e+07
2.168054051893033087e+07
2.167946348058748990e+07
2.167839737331216782e+07
2.167734024705956876e+07
2.167629132986010239e+07
2.167525085762859881e+07
2.167421981310039014e+07
2.167319962069183588e+07
2.167219184171812236e+07
2.167119790704101697e+07
2.167021891354028881e+07
2.166925549862479046e+07
2.166830779504698515e+07
2.166737545798580348e+07
2.166645774872527272e+07
2.166555365480210632e+07
2.166466202527388558e+07
2.166378170140868053e+07
2.166291162695481256e+07
2.166205092737824470e+07
2.166119895317615569e+07
2.166035528778443858e+07
2.165951972505504638e+07
2.165869222436919063e+07
2.165787285299709812e+07
2.165706172536369786e+07
2.165625894766701758e+07
2.165546457418257743e+07
2.165467857899325714e+07
2.165390084422738850e+07
2.165313116352573410e+07
2.165236925765527785e+07
2.165161479809060693e+07
2.165086743402374536e+07
2.165012681856876612e+07
2.164939263074865937e+07
2.164866459099595249e+07
2.164794246915791929e+07
2.164722608518416435e+07
2.164651530363982171e+07
2.164581002383652329e+07
2.164511016766946763e+07
2.164441566720958799e+07
2.164372645378491282e+07
2.164304244978431612e+07
2.164236356382836401e+07
2.164168968937338889e+07
2.164102070632337034e+07
2.164035648524467275e+07
2.163969689100205898e+07
2.163904179043502733e+07
2.163839105573561043e+07
2.163774456854736805e+07
2.163710222216744721e+07
2.163646392215975374e+07
2.163582958554970473e+07
2.163519913894717395e+07
2.163457251604104042e+07
2.163394965492480248e+07
2.163333049565950036e+07
2.163271497837648913e+07
2.163210304209231958e+07
2.163149462427457422e+07
2.163088966108036414e+07
2.163028808810389414e+07
2.162968984142225981e+07
2.162909485872070119e+07
2.162850308030451089e+07
2.162791444985476136e+07
2.162732891484794766e+07
2.162674642662389576e+07
2.162616694014182687e+07
2.162559041350468248e+07
2.162501680735304207e+07
2.162444608423243091e+07
2.162387820802389085e+07
2.162331314350279421e+07
2.162275085606008023e+07
2.162219131158970296e+07
2.162163447652003914e+07
2.162108031794909388e+07
2.162052880383463204e+07
2.161997990319093689e+07
2.161943358625143766e+07
2.161888982456978410e+07
2.161834859104647115e+07
2.161780985988277197e+07
2.161727360647528246e+07
2.161673980727187544e+07
2.161620843961280957e+07
2.161567948157931492e+07
2.161515291186722368e+07
2.161462870969651267e+07
2.161410685476021841e+07
2.161358732720946521e+07
2.161307010766636953e+07
2.161255517725363374e+07
2.161204251762903854e+07
2.161153211101445556e+07
2.161102394021174312e+07
2.161051798860149458e+07
2.161001424012418836e+07
2.160951267924625427e+07
2.160901329091582447e+07
2.160851606051366776e+07
2.160802097380501404e+07
2.160752801689663529e+07
2.160703717620225996e+07
2.160654843841747940e+07
2.160606179050363600e+07
2.160557721967905760e+07
2.160509471341502666e+07
2.160461425943381339e+07
2.160413584570639208e+07
2.160365946044796333e+07
2.160318509211046994e+07
2.160271272937181592e+07
2.160224236112261564e+07
2.160177397645135596e+07
2.160130756462930515e+07
2.160084311509646475e+07
2.160038061744935811e+07
2.159992006143128127e+07
2.159946143692511693e+07
2.159900473394844681e+07
2.159854994265032187e+07
2.159809705330907181e+07
2.159764605633044988e+07
2.159719694224540517e+07
2.159674970170720294e+07
2.159630432548762113e+07
2.159586080447229743e+07
2.159541912965543568e+07
2.159497929213413224e+07
2.159454128310270235e+07
2.159410509384733438e+07
2.159367071574126184e+07
2.159323814024057239e+07
2.159280735888070613e+07
2.159237836327359080e+07
2.159195114510519803e+07
2.159152569613348693e+07
2.159110200818645209e+07
2.159068007316028699e+07
2.159025988301752135e+07
2.158984142978510261e+07
2.158942470555253327e+07
2.158900970246998966e+07
2.158859641274660081e+07
2.158818482864886895e+07
2.158777494249931723e+07
2.158736674667533115e+07
2.158696023360826075e+07
2.158655539578264207e+07
2.158615222573558986e+07
2.158575071605624259e+07
2.158535085938520730e+07
2.158495264841404557e+07
2.158455607588459924e+07
2.158416113458839059e+07
2.158376781736586243e+07
2.158337611710563675e+07
2.158298602674373239e+07
2.158259753926280886e+07
2.158221064769142866e+07
2.158182534510336816e+07
2.158144162461698800e+07
2.158105947939462960e+07
2.158067890264208242e+07
2.158029988760810345e+07
2.157992242758394033e+07
2.157954651590289921e+07
