1.480246404590958357e+08
1.381001632154064775e+08
1.317823816187285781e+08
1.287001019704024494e+08
1.278456573195084631e+08
1.277509726902236044e+08
1.272672484595209062e+08
1.260403839432705790e+08
1.243167768397112191e+08
1.225630507202386409e+08
1.211965726944677681e+08
1.204408228393398076e+08
1.202736253865262121e+08
1.204679353688929230e+08
1.207183597440532744e+08
1.207901641604089737e+08
1.206042442732233405e+08
1.202282186921633780e+08
1.198077554903176874e+08
1.194852110450462252e+08
1.193372967399473935e+08
1.193494122227193862e+08
1.194328873389618248e+08
1.194748601107005477e+08
1.193939341344919205e+08
1.191728467427056730e+08
1.188560302193295062e+08
1.185201454853608608e+08
1.182357978470602632e+08
1.180380828841863722e+08
1.179171864623337686e+08
1.178310802219121009e+08
1.177320763653702438e+08
1.175923773021963686e+08
1.174155426818293333e+08
1.172298864541593939e+08
1.170698808082552105e+08
1.169567834474444240e+08
1.168885498570804447e+08
1.168432476487070322e+08
1.167927063773358166e+08
1.167178188011278212e+08
1.166168513853953034e+08
1.165031084506042898e+08
1.163947756810826659e+08
1.163037279748333842e+08
1.162297443089848161e+08
1.161626983781905770e+08
1.160903582779436857e+08
1.160063795300456583e+08
1.159136217115378082e+08
1.158213991183506697e+08
1.157391548085361123e+08
1.156708875010496378e+08
1.156136370600330085e+08
1.155604249441135526e+08
1.155052047525204420e+08
1.154464128344176114e+08
1.153870530068092793e+08
1.153317786290517896e+08
1.152833318165099025e+08
1.152407970245455950e+08
1.152005876486313939e+08
1.151591265311833173e+08
1.151151644464951158e+08
1.150702061407693326e+08
1.150270200826182961e+08
1.149875358985802531e+08
1.149517318901420087e+08
1.149179325207409859e+08
1.148843862622037828e+08
1.148505794780010581e+08
1.148174215901084542e+08
1.147863608919766843e+08
1.147582217610374391e+08
1.147326478920533955e+08
1.147085133468032479e+08
1.146848099552135170e+08
1.146613141794992983e+08
1.146385488496614397e+08
1.146171846620839089e+08
1.145974391785855293e+08
1.145789311186593473e+08
1.145610371889943480e+08
1.145433962458204478e+08
1.145261340023982525e+08
1.145096720282324255e+08
1.144943361407616585e+08
1.144801046565509439e+08
1.144666747003458738e+08
1.144537421438664198e+08
1.144412336375431120e+08
1.144293028205618262e+08
1.144181313493870646e+08
1.144077475353644639e+08
1.143979857135013640e+08
1.143886391268298477e+08
1.143795996033586264e+08
1.143709123772121668e+08
1.143626887866192311e+08
1.143549782970627993e+08
1.143477210489185154e+08
1.143408047076395750e+08
1.143341600321022719e+08
1.143278026662536263e+08
1.143217933971079737e+08
1.143161644350275695e+08
1.143108827646817416e+08
1.143058773129032552e+08
1.143010952487469763e+08
1.142965322375870347e+08
1.142922130621218979e+08
1.142881504668358862e+08
1.142843218262775838e+08
1.142806839049670398e+08
1.142772052006734908e+08
1.142738825898829252e+08
1.142707315100793093e+08
1.142677582500183582e+08
1.142649492851386964e+08
1.142622799861469567e+08
1.142597332220632732e+08
1.142573078092616946e+08
1.142550103380855769e+08
1.142528409687723368e+08
1.142507879215746522e+08
1.142488345853173584e+08
1.142469702753968537e+08
1.142451935968484432e+08
1.142435064729605168e+08
1.142419061830627024e+08
1.142403840156731457e+08
1.142389303153881431e+08
1.142375401162304878e+08
1.142362134265713096e+08
1.142349507514401972e+08
1.142337491071664691e+08
1.142326024180434644e+08
1.142315051036409140e+08
1.142304546329121292e+08
1.142294506022203714e+08
1.142284918849237561e+08
1.142275751359872371e+08
1.142266959870851636e+08
1.142258512505299300e+08
1.142250396761979163e+08
1.142242607207820415e+08
1.142235129609977901e+08
1.142227938304210454e+08
1.142221007865716964e+08
1.142214323156112432e+08
1.142207877847539186e+08
1.142201664521967173e+08
1.142195668348491788e+08
1.142189871688141078e+08
1.142184256893702596e+08
1.142178816744578779e+08
1.142173545341924131e+08
1.142168433797596544e+08
1.142163469530605376e+08
1.142158640518805683e+08
1.142153938734707385e+08
1.142149359254356623e+08
1.142144896673520207e+08
1.142140543217494935e+08
1.142136290298671126e+08
1.142132131137611866e+08
1.142128061288868785e+08
1.142124076809784025e+08
1.142120172513518035e+08
1.142116342242561728e+08
1.142112580489955395e+08
1.142108883288854361e+08
1.142105247484268844e+08
1.142101669499201924e+08
1.142098145092133582e+08
1.142094670203398168e+08
1.142091241713082045e+08
1.142087857233016193e+08
1.142084514320659637e+08
1.142081210105110556e+08
1.142077941666288972e+08
1.142074706574325562e+08
1.142071502916303128e+08
1.142068328860456347e+08
1.142065182347537577e+08
1.142062061249396205e+08
1.142058963723794967e+08
1.142055888307474256e+08
1.142052833677786291e+08
1.142049798417898566e+08
1.142046781056222916e+08
1.142043780274296701e+08
1.142040794993777424e+08
1.142037824250576496e+08
1.142034867039120495e+08
1.142031922315841019e+08
1.142028989126028121e+08
1.142026066674869061e+08
1.142023154262765050e+08
1.142020251184557974e+08
1.142017356718687117e+08
1.142014470199482441e+08
1.142011591064612567e+08
1.142008718819659948e+08
1.142005852975129485e+08
1.142002993036233783e+08
1.142000138546322882e+08
1.141997289117743969e+08
1.141994444411042929e+08
1.141991604094799012e+08
1.141988767836984396e+08
1.141985935330251306e+08
1.141983106310692430e+08
1.141980280545532554e+08
1.141977457809486389e+08
1.141974637880845070e+08
1.141971820557881892e+08
1.141969005669942498e+08
1.141966193068586588e+08
1.141963382611970752e+08
1.141960574161828458e+08
1.141957767592765391e+08
1.141954962797961980e+08
1.141952159683242887e+08
1.141949358158416599e+08
1.141946558137117326e+08
1.141943759543455839e+08
1.141940962315138876e+08
1.141938166398974359e+08
1.141935371745168865e+08
1.141932578307121247e+08
1.141929786044968665e+08
1.141926994926612973e+08
1.141924204924623668e+08
1.141921416013412327e+08
1.141918628170119226e+08
1.141915841377153695e+08
1.141913055622453988e+08
1.141910270897155553e+08
1.141907487193776369e+08
1.141904704506714940e+08
1.141901923371149302e+08
1.141899142711611837e+08
1.141896363067878783e+08
1.141893584442517012e+08
1.141890806839742810e+08
1.141888030266184360e+08
1.141885254730433971e+08
1.141882480241987705e+08
1.141879706810841858e+08
1.141876934447869062e+08
1.141874163165054023e+08
1.141871394848500788e+08
1.141868625769170076e+08
1.141865857810298949e+08
1.141863090985887945e+08
1.141860325310866237e+08
1.141857560800777674e+08
1.141854797471351475e+08
1.141852035338413417e+08
1.141849274418022037e+08
1.141846514726466686e+08
1.141843756280080825e+08
1.141840999095156789e+08
1.141838243188089430e+08
1.141835488575533628e+08
1.141832735274347663e+08
1.141829983301399052e+08
1.141827232673449516e+08
1.141824483407176137e+08
1.141821735519190580e+08
1.141818989025985599e+08
1.141816243943891376e+08
1.141813500289129317e+08
1.141810758077898473e+08
1.141808017326384187e+08
1.141805278050676584e+08
1.141802540266701877e+08
1.141799810317984670e+08
1.141797082036790699e+08
1.141794357441791594e+08
1.141791625735899508e+08
1.141788895597482622e+08
1.141786167041284740e+08
1.141783440082016140e+08
1.141780714734520018e+08
1.141777991013584882e+08
1.141775268933709264e+08
1.141772548509090841e+08
1.141769829753733724e+08
1.141767112681441009e+08
1.141764397305730879e+08
1.141761683639862835e+08
1.141758971696987897e+08
1.141756261490237415e+08
1.141753553032650203e+08
1.141750846337056905e+08
1.141748141416051686e+08
1.141745438282024413e+08
