3.714792323083453178e+08
3.324423021718395352e+08
2.968025428300893307e+08
2.645817994273080826e+08
2.357800430516600609e+08
2.103734383674576879e+08
1.883113692418260574e+08
1.695118377351869345e+08
1.539571763762947619e+08
1.417224123153151572e+08
1.316659024757118672e+08
1.236307147770107687e+08
1.174373282210594416e+08
1.128839077164883167e+08
1.097494325702434778e+08
1.077996788282867521e+08
1.067951367526530623e+08
1.065001425434324294e+08
1.066919489281145632e+08
1.071688493228034675e+08
1.077519231476307958e+08
1.081369515457729399e+08
1.082093434446893185e+08
1.079054535177753270e+08
1.072073054026123136e+08
1.061351716307445616e+08
1.047390077634942830e+08
1.030894865008653998e+08
1.012693171642652154e+08
9.936525808644138277e+07
9.746117288831754029e+07
9.563233000136134028e+07
9.394108004722382128e+07
9.243396874594335258e+07
9.114029403079631925e+07
9.007203687442673743e+07
8.922504002275186777e+07
8.858126853669881821e+07
8.811186804936203361e+07
8.778074639541614056e+07
8.754833234758692980e+07
8.737518448715987802e+07
8.722515851147952676e+07
8.706789442985303700e+07
8.688048051627844572e+07
8.664823836665868759e+07
8.636467516475617886e+07
8.603071994010004401e+07
8.565340567710450292e+07
8.524418512474948168e+07
8.481711646970519423e+07
8.438706911625978351e+07
8.396813304968784750e+07
8.357234070368283987e+07
8.320877699030117691e+07
8.288311298886570334e+07
8.259753622666019201e+07
8.235104061519271135e+07
8.213999177898687124e+07
8.195887304898349941e+07
8.180111164163774252e+07
8.165988859577777982e+07
8.152885385235579312e+07
8.140268298250873387e+07
8.127743466813819110e+07
8.115071500489737093e+07
8.102163573673406243e+07
8.089062113458889723e+07
8.075910251102072001e+07
8.062914107530575991e+07
8.050304608704368770e+07
8.038302138012152910e+07
8.027088107939909399e+07
8.016785620204864442e+07
8.007449996956692636e+07
7.999075499478471279e+07
7.991596958230289817e+07
7.984883430704703927e+07
7.978791053196930885e+07
7.973167122421810031e+07
7.967866748105835915e+07
7.962766407271891832e+07
7.957772813538576663e+07
7.952826867707538605e+07
7.947902865473304689e+07
7.943003929079094529e+07
7.938154538716492057e+07
7.933391813629364967e+07
7.928756692609719932e+07
7.924286162783956528e+07
7.920007439092999697e+07
7.915934444696547091e+07
7.912066730716556311e+07
7.908390614341388643e+07
7.904881969687281549e+07
7.901510047292244434e+07
7.898241736592495441e+07
7.895045417430952191e+07
7.891894142035436630e+07
7.888767766170868278e+07
7.885653736046639085e+07
7.882546898502683640e+07
7.879448310145550966e+07
7.876363442235231400e+07
7.873300128085181117e+07
7.870266568681618571e+07
7.867269680051679909e+07
7.864313900531423092e+07
7.861400658939093351e+07
7.858528377951994538e+07
7.855692950930479169e+07
7.852888550638878345e+07
7.850108589775511622e+07
7.847346657907390594e+07
7.844597303223116696e+07
7.841856562813079357e+07
7.839122201084804535e+07
7.836393665855434537e+07
7.833671812836869061e+07
7.830958478616589308e+07
7.828255977422636747e+07
7.825566638959497213e+07
7.822892423255388439e+07
7.820234644455240667e+07
7.817593893573169410e+07
7.814970055491977930e+07
7.812362456018933654e+07
7.809770073363772035e+07
7.807191772156730294e+07
7.804626524435645342e+07
7.802073540540640056e+07
7.799532434742039442e+07
7.797003170912581682e+07
7.794486058726225793e+07
7.791981654118426144e+07
7.789490643346287310e+07
7.787013728108905256e+07
7.784551513774885237e+07
7.782104457875591516e+07
7.779672826738098264e+07
7.777256702858388424e+07
7.774856018643021584e+07
7.772470608761470020e+07
7.770100269081306458e+07
7.767744811044417322e+07
7.765404104433239996e+07
7.763078094864463806e+07
7.760766817102146149e+07
7.758470377129419148e+07
7.756188930073681474e+07
7.753922651175516844e+07
7.751671707332563400e+07
7.749436234161466360e+07
7.747216321734508872e+07
7.745012010096427798e+07
7.742823293754138052e+07
7.740650136710272729e+07
7.738492471836447716e+07
7.736350239401850104e+07
7.734223384288635850e+07
7.732111868542642891e+07
7.730015674944657087e+07
7.727934805776761472e+07
7.725869277852007747e+07
7.723819115373653173e+07
7.721784342320218682e+07
7.719764980691601336e+07
7.717761027080990374e+07
7.715772477865721285e+07
7.713799313265609741e+07
7.711841502680814266e+07
7.709899008831998706e+07
7.707971791663235426e+07
7.706059811728662252e+07
7.704163032509228587e+07
7.702281421404784918e+07
7.700414949444465339e+07
7.698563589998386800e+07
7.696727316919399798e+07
7.694906102582380176e+07
7.693099916230277717e+07
7.691308722908098996e+07
7.689532483104032278e+07
7.687771151451124251e+07
7.686024683956640959e+07
7.684293033688181639e+07
7.682576141408713162e+07
7.680873960203191638e+07
7.679186440654060245e+07
7.677513529233226180e+07
7.675855214725103974e+07
7.674211371536144614e+07
7.672581986248633265e+07
7.670967006539094448e+07
7.669366378446875513e+07
7.667780046141381562e+07
7.666207951886872947e+07
7.664650036178950965e+07
7.663106237996450067e+07
7.661576497168004513e+07
7.660060746352344751e+07
7.658558925333437324e+07
7.657070966338278353e+07
7.655596809964931011e+07
7.654136382073733211e+07
7.652689620204606652e+07
7.651256456841607392e+07
7.649836823488764465e+07
7.648430650634227693e+07
7.647037868986871839e+07
7.645658408073042333e+07
7.644292190035271645e+07
7.642939145345845819e+07
7.641599204772984982e+07
7.640272286911134422e+07
7.638958319002147019e+07
7.637657227434521914e+07
7.636368935779528320e+07
7.635093370393243432e+07
7.633830453966379166e+07
7.632580110598668456e+07
7.631342255212074518e+07
7.630116827312105894e+07
7.628903734267488122e+07
7.627702901682101190e+07
7.626514250556489825e+07
7.625337701542401314e+07
7.624173174976432323e+07
7.623020590906174481e+07
7.621879869108730555e+07
7.620750929103356600e+07
7.619633668273860216e+07
7.618528049358263612e+07
7.617433969345226884e+07
7.616351373743729293e+07
7.615280165635280311e+07
7.614220215070626140e+07
7.613171474676296115e+07
7.612133895402754843e+07
7.611107370123352110e+07
7.610091779942019284e+07
7.609087092136625946e+07
7.608093181064763665e+07
7.607109989237514138e+07
7.606137434364731610e+07
7.605175467774948478e+07
7.604223939847040176e+07
7.603282802014037967e+07
7.602352003563719988e+07
7.601431461079087853e+07
7.600520999964421988e+07
7.599620600277820230e+07
7.598730180029225349e+07
7.597849689272907376e+07
7.596978982207146287e+07
7.596118009809720516e+07
7.595266689400951564e+07
7.594424940166759491e+07
7.593592715531975031e+07
7.592769864980560541e+07
7.591956354595966637e+07
7.591152079239839315e+07
7.590356970650783181e+07
7.589570948535878956e+07
7.588793961128517985e+07
7.588025871885362267e+07
7.587266626755899191e+07
7.586515981856194139e+07
7.585774156870028377e+07
7.585040982918648422e+07
7.584316339166221023e+07
7.583600142204847932e+07
7.582892325612732768e+07
7.582192806252171099e+07
7.581501514037671685e+07
7.580818357218874991e+07
7.580143266386134923e+07
7.579476165096294880e+07
7.578816977236591280e+07
7.578165627031028271e+07
7.577522039046591520e+07
7.576886138199289143e+07
7.576257849760103226e+07
7.575637126132729650e+07
7.575023841292953491e+07
7.574417945236006379e+07
7.573819372644263506e+07
7.573228038004228473e+07
7.572643876780495048e+07
7.572066813633915782e+07
7.571496778497600555e+07
7.570933700074937940e+07
7.570377507473225892e+07
7.569828130207398534e+07
7.569285498203642666e+07
7.568749541802833974e+07
7.568220191763851047e+07
7.567697379266755283e+07
7.567181035915839672e+07
7.566671093742556870e+07
