3.823847209313696623e+08
3.466932649613086581e+08
3.166015418296343684e+08
2.906489864761193395e+08
2.685671387591819763e+08
2.501927693229345083e+08
2.352150805202640295e+08
2.232052509440982342e+08
2.136934727470944524e+08
2.062262629679601192e+08
2.000123122841070890e+08
1.945542683965839744e+08
1.895588954066120684e+08
1.848268773095358014e+08
1.802248885535965562e+08
1.756703755872645676e+08
1.711235700917802155e+08
1.665819214397228360e+08
1.620742427772128880e+08
1.576534233628331423e+08
1.533877127798266411e+08
1.493511637394703031e+08
1.456141096166924834e+08
1.422346063438458145e+08
1.392516863170770109e+08
1.366810911990626156e+08
1.345139019073396921e+08
1.327181613953556269e+08
1.312432159449968785e+08
1.300261204431646913e+08
1.289991540382416993e+08
1.280973106612147391e+08
1.272647132186592817e+08
1.264591059343091697e+08
1.256540000210414678e+08
1.248384525499025732e+08
1.240148373731674254e+08
1.231952152383839488e+08
1.223970207325985432e+08
1.216387767558389604e+08
1.209364309961485714e+08
1.203007484797783792e+08
1.197359697251195610e+08
1.192397561268991679e+08
1.188042366794540882e+08
1.184178434189522266e+08
1.180675242275436074e+08
1.177409244244337231e+08
1.174281729974924922e+08
1.171230302197143584e+08
1.168232760537185073e+08
1.165303765151377618e+08
1.162485746607410759e+08
1.159836326272169203e+08
1.157414844980406761e+08
1.155270388526533693e+08
1.153433163799431920e+08
1.151910211571761817e+08
1.150685644703146666e+08
1.149724715081154108e+08
1.148980499845016152e+08
1.148401607350990474e+08
1.147939471901733875e+08
1.147553955921004713e+08
1.147216547355164886e+08
1.146910965277648270e+08
1.146631498479589224e+08
1.146379782000356019e+08
1.146160904203150868e+08
1.145979729787968993e+08
1.145838140201672614e+08
1.145733580312633216e+08
1.145659055135223269e+08
1.145604259372216463e+08
1.145557476731141210e+08
1.145507691094697118e+08
1.145446415295838714e+08
1.145368872399661243e+08
1.145274323698078990e+08
1.145165638529496789e+08
1.145048179728789926e+08
1.144928415191084445e+08
1.144812514295094162e+08
1.144705230661425292e+08
1.144609250322528780e+08
1.144525063928821832e+08
1.144451303150682449e+08
1.144385392787546813e+08
1.144324326382412016e+08
1.144265377605835646e+08
1.144206604491772950e+08
1.144147073055044115e+08
1.144086801832370162e+08
1.144026491802078635e+08
1.143967144507716447e+08
1.143909679944605529e+08
1.143854647288057506e+08
1.143802084570586383e+08
1.143751536139989644e+08
1.143702204076963514e+08
1.143653169634435624e+08
1.143603624077063203e+08
1.143553048508617580e+08
1.143501305628003180e+08
1.143448632818887383e+08
1.143395551436835080e+08
1.143342725258804560e+08
1.143290808467732966e+08
1.143240319601696730e+08
1.143191568942680359e+08
1.143144641229491532e+08
1.143099436085067540e+08
1.143055739536554962e+08
1.143013306449621618e+08
1.142971930775945187e+08
1.142931488424491435e+08
1.142891947146239877e+08
1.142853347309551090e+08
1.142815764360874593e+08
1.142779266737484336e+08
1.142743881878101230e+08
1.142709578701284826e+08
1.142676269108372629e+08
1.142643825492300987e+08
1.142612107337891012e+08
1.142580988561235517e+08
1.142550378262012899e+08
1.142520230400252491e+08
1.142490541519001275e+08
1.142461338926993608e+08
1.142432663892083764e+08
1.142404554978337437e+08
1.142377035771266818e+08
1.142350109348068982e+08
1.142323759496091902e+08
1.142297957763726860e+08
1.142272671443594098e+08
1.142247872275562286e+08
1.142223541575312465e+08
1.142199671594473869e+08
1.142176263266124725e+08
1.142153319161021113e+08
1.142130843670668304e+08
1.142108842267613411e+08
1.142087302226984352e+08
1.142066208725705296e+08
1.142045543130725622e+08
1.142025284541120231e+08
1.142005415665813982e+08
1.141985923211526275e+08
1.141966799032108486e+08
1.141948039398884773e+08
1.141929643284298778e+08
1.141911610312307477e+08
1.141893939012044668e+08
1.141876625810855925e+08
1.141859664908162504e+08
1.141843048885719180e+08
1.141826769716486186e+08
1.141810819776063114e+08
1.141795192532412708e+08
1.141779882747996449e+08
1.141764886589963436e+08
1.141750199534448087e+08
1.141735817992691547e+08
1.141721737284994423e+08
1.141707951800894737e+08
1.141694455094635934e+08
1.141681240222689509e+08
1.141668300186608136e+08
1.141655628333804905e+08
1.141643218605698198e+08
1.141631065587748289e+08
1.141619163788882494e+08
1.141607509790303856e+08
1.141596098449424803e+08
1.141584925092960000e+08
1.141573984862173200e+08
1.141563272756113410e+08
1.141552783747024238e+08
1.141542512915012538e+08
1.141532455552001595e+08
1.141522607203861475e+08
1.141512963989275396e+08
1.141503521150196344e+08
1.141494275025009215e+08
1.141485221595409214e+08
1.141476356791779697e+08
1.141467676498068869e+08
1.141459176591693163e+08
1.141450852999711037e+08
1.141442701750375032e+08
1.141434719004304558e+08
1.141426901058952808e+08
1.141419244395357370e+08
1.141411745384547710e+08
1.141404400651303232e+08
1.141397206789722145e+08
1.141390160424207151e+08
1.141383258218148798e+08
1.141376496890483350e+08
1.141369873232395798e+08
1.141363384117699713e+08
1.141357026503734589e+08
1.141350797423474640e+08
1.141344693972528875e+08
1.141338713295908272e+08
1.141332852578770667e+08
1.141327109043291211e+08
1.141321479951389581e+08
1.141315962611087114e+08
1.141310553728066385e+08
1.141305252030514032e+08
1.141300054342581332e+08
1.141294958199075162e+08
1.141289961209704280e+08
1.141285060963386893e+08
1.141280255162048340e+08
1.141275541526929885e+08
1.141270917822420746e+08
1.141266381857891530e+08
1.141261931489602029e+08
1.141257564621698558e+08
1.141253279205794036e+08
1.141249073239232302e+08
1.141244944762590379e+08
1.141240891857163161e+08
1.141236912643050849e+08
1.141233005278159678e+08
1.141229167958042771e+08
1.141225398916219473e+08
1.141221696424522102e+08
1.141218058793085217e+08
1.141214484369811416e+08
1.141210971539374590e+08
1.141207518721987456e+08
1.141204124372214079e+08
1.141200786978041530e+08
1.141197505060286820e+08
1.141194277172282189e+08
1.141191101899674088e+08
1.141187977860167921e+08
1.141184903703090250e+08
1.141181878108734488e+08
1.141178899787549973e+08
1.141175967479275167e+08
1.141173079952134192e+08
1.141170236002162695e+08
1.141167434452678561e+08
1.141164674153860956e+08
1.141161953982361853e+08
1.141159272840890735e+08
1.141156629657734931e+08
1.141154023386209011e+08
1.141151453004070818e+08
1.141148917512942702e+08
1.141146415937776566e+08
1.141143947326376140e+08
1.141141510748973489e+08
1.141139105297830403e+08
1.141136730086841881e+08
1.141134384251115173e+08
1.141132066946522295e+08
1.141129777349229753e+08
1.141127514655227065e+08
1.141125278079868257e+08
1.141123066857438982e+08
1.141120880240754932e+08
1.141118717500776798e+08
1.141116577926241606e+08
1.141114460823289454e+08
1.141112365515089035e+08
1.141110291341458261e+08
1.141108237658485174e+08
1.141106203838157654e+08
1.141104189268007874e+08
1.141102193350767791e+08
1.141100215504043251e+08
1.141098255159990042e+08
1.141096311764997095e+08
1.141094384779369831e+08
1.141092473677012920e+08
1.141090577945115566e+08
1.141088697083843052e+08
1.141086830606034994e+08
1.141084978036912531e+08
1.141083138913795650e+08
1.141081312785827667e+08
1.141079499213703126e+08
1.141077697769403160e+08
1.141075908035930693e+08
1.141074129607053697e+08
1.141072362087050080e+08
1.141070605090460926e+08
1.141068858241849393e+08
1.141067121175565720e+08
1.141065393535517603e+08
1.141063674974945486e+08
1.141061965156202167e+08
1.141060263750534058e+08
