4.278646215354253054e+08
3.666078699074676037e+08
3.123821131820368171e+08
2.653354437453273237e+08
2.255279210705277920e+08
1.929093155194007158e+08
1.672949282874632478e+08
1.483410073831536770e+08
1.355238218315001130e+08
1.281296230516835153e+08
1.252645159728374332e+08
1.258920504583629221e+08
1.289005392470631897e+08
1.331926335027434677e+08
1.377802685653462410e+08
1.418642108443109989e+08
1.448820133109139800e+08
1.465188983787394762e+08
1.466866427161701918e+08
1.454814898632375598e+08
1.431327008970895410e+08
1.399506718798319101e+08
1.362800780763034225e+08
1.324606747985429764e+08
1.287966408462323099e+08
1.255344745589251220e+08
1.228491577168695927e+08
1.208381981522126496e+08
1.195230599671138376e+08
1.188572339235368669e+08
1.187398201176723242e+08
1.190330104073626697e+08
1.195814378677792847e+08
1.202311659435501993e+08
1.208461799676897228e+08
1.213207024354457557e+08
1.215863370134389400e+08
1.216138482761034817e+08
1.214101047085413188e+08
1.210112665123944134e+08
1.204735892889128625e+08
1.198632874309619814e+08
1.192467759358125031e+08
1.186823693470831811e+08
1.182141861715929210e+08
1.178686715739472508e+08
1.176537968036246598e+08
1.175606874408046454e+08
1.175671620902835131e+08
1.176424961432656497e+08
1.177526404353103042e+08
1.178651443899086118e+08
1.179531707799783945e+08
1.179981777062905133e+08
1.179910873778180480e+08
1.179319909428573251e+08
1.178286403866760880e+08
1.176941115367355049e+08
1.175440846591777951e+08
1.173941800583253354e+08
1.172577139922553003e+08
1.171441330128651410e+08
1.170582482342628390e+08
1.170002654483299255e+08
1.169664832332108617e+08
1.169504652300128192e+08
1.169444371863865107e+08
1.169406679552564025e+08
1.169326282373082042e+08
1.169157834822910428e+08
1.168879549445669353e+08
1.168492585744134933e+08
1.168016957113546729e+08
1.167485130085088313e+08
1.166934675781957954e+08
1.166401292025762051e+08
1.165913238140914142e+08
1.165487872555710077e+08
1.165130519429800212e+08
1.164835491833422184e+08
1.164588768845705986e+08
1.164371630017976910e+08
1.164164492408169210e+08
1.163950277296570987e+08
1.163716817641013563e+08
1.163458044384059906e+08
1.163173946719350666e+08
1.162869505711096376e+08
1.162552948183276355e+08
1.162233731168281138e+08
1.161920650237038136e+08
1.161620382135170996e+08
1.161336647481132746e+08
1.161070040870435238e+08
1.160818449978579730e+08
1.160577892905807942e+08
1.160343554256385118e+08
1.160110801225530207e+08
1.159875996145296097e+08
1.159636992170829773e+08
1.159393271313730925e+08
1.159145758286089599e+08
1.158896397536294460e+08
1.158647610951639861e+08
1.158401757274118662e+08
1.158160693845650554e+08
1.157925507973987460e+08
1.157696439015262723e+08
1.157472975893918574e+08
1.157254081877053380e+08
1.157038482452955097e+08
1.156824950313453376e+08
1.156612532708578110e+08
1.156400686533735693e+08
1.156189310153514296e+08
1.155978682994532883e+08
1.155769340284098685e+08
1.155561918640022576e+08
1.155357008136912584e+08
1.155155039320326149e+08
1.154956221950775385e+08
1.154760539089326262e+08
1.154567788366403878e+08
1.154377653954589516e+08
1.154189789939509034e+08
1.154003894660226107e+08
1.153819764031026065e+08
1.153637315060058981e+08
1.153456580240846127e+08
1.153277678814391196e+08
1.153100774807958007e+08
1.152926032872265577e+08
1.152753581564806104e+08
1.152583490550684035e+08
1.152415764171775579e+08
1.152250349955315292e+08
1.152087157694192380e+08
1.151926083207050860e+08
1.151767030873884261e+08
1.151609930300385058e+08
1.151454744515572339e+08
1.151301469380502403e+08
1.151150125852445662e+08
1.151000748030972183e+08
1.150853370341678709e+08
1.150708016834873557e+08
1.150564694605518132e+08
1.150423392088133544e+08
1.150284081769464314e+08
1.150146725954407901e+08
1.150011283769381940e+08
1.149877717617847174e+08
1.149745997729114890e+08
1.149616104102797657e+08
1.149488025859479010e+08
1.149361758595335782e+08
1.149237300691218376e+08
1.149114649603431225e+08
1.148993798992245942e+08
1.148874737205291390e+08
1.148757447232040465e+08
1.148641907885411382e+08
1.148528095723558664e+08
1.148415987136155367e+08
1.148305560079887360e+08
1.148196795118556172e+08
1.148089675645813942e+08
1.147984187382170111e+08
1.147880317393703461e+08
1.147778052950732112e+08
1.147677380527961701e+08
1.147578285161951482e+08
1.147480750259094685e+08
1.147384757823183239e+08
1.147290288976044208e+08
1.147197324595863223e+08
1.147105845899616480e+08
1.147015835835986733e+08
1.146927275243381411e+08
1.146840148750067949e+08
1.146754440510722101e+08
1.146670134865504652e+08
1.146587215992533565e+08
1.146505667800268233e+08
1.146425473674197197e+08
1.146346616641381979e+08
1.146269079493078589e+08
1.146192844981128573e+08
1.146117896003690362e+08
1.146044215736587346e+08
1.145971787687764615e+08
1.145900595675603151e+08
1.145830617881214917e+08
1.145761850223598778e+08
1.145694271043190211e+08
1.145627864514550120e+08
1.145562614752400219e+08
1.145498505830346495e+08
1.145435521830585599e+08
1.145373646907089800e+08
1.145312865344339609e+08
1.145253161597918272e+08
1.145194520310363770e+08
1.145136926303215921e+08
1.145080364552202523e+08
1.145024820155670941e+08
1.144970278306323141e+08
1.144916724273665547e+08
1.144864143400433362e+08
1.144812521111958176e+08
1.144761842934188843e+08
1.144712094514492750e+08
1.144663261639637649e+08
1.144615330247051567e+08
1.144568286427909583e+08
1.144522116423010230e+08
1.144476924763660431e+08
1.144432981026657522e+08
1.144389859043781757e+08
1.144347545367494524e+08
1.144306026732484996e+08
1.144265290049526989e+08
1.144225322400712967e+08
1.144186111036089957e+08
1.144147643371445537e+08
1.144109906986795068e+08
1.144072889625096321e+08
1.144036579202468097e+08
1.144000963759586066e+08
1.143966031529722810e+08
1.143931770889324844e+08
1.143898170367223620e+08
1.143865218642294407e+08
1.143832904541479498e+08
1.143801217038235664e+08
1.143770145251362324e+08
1.143739678444087356e+08
1.143709806023255289e+08
1.143680517538475245e+08
1.143651802681138515e+08
1.143623651283276975e+08
1.143596053316296637e+08
1.143568998889657259e+08
1.143542478249579966e+08
1.143516481777845919e+08
1.143490999990720153e+08
1.143466023537992090e+08
1.143441544707024097e+08
1.143417551397683471e+08
1.143394036164659113e+08
1.143370990183117688e+08
1.143348404757232368e+08
1.143326271319120824e+08
1.143304581427741051e+08
1.143283326767776161e+08
1.143262499148527235e+08
1.143242090502837002e+08
1.143222092886036336e+08
1.143202498474910557e+08
1.143183299566666484e+08
1.143164488577889651e+08
1.143146058043468595e+08
1.143128000615500361e+08
1.143110309062160701e+08
1.143092976266564429e+08
1.143075995225613117e+08
1.143059359048847258e+08
1.143043060957304984e+08
1.143027094282386601e+08
1.143011452464723289e+08
1.142996129053043425e+08
1.142981117703033537e+08
1.142966412176184058e+08
1.142952006338625550e+08
1.142937894159952402e+08
1.142924069712038338e+08
1.142910527167848945e+08
1.142897260800251663e+08
1.142884264980830252e+08
1.142871534178699553e+08
1.142859062959321439e+08
1.142846845983324349e+08
1.142834878005318940e+08
1.142823153872713745e+08
1.142811668524530828e+08
1.142800416990219355e+08
1.142789394388473779e+08
1.142778595926051438e+08
1.142768016896597296e+08
1.142757652679473460e+08
1.142747498738593608e+08
1.142737550621261299e+08
1.142727803957014680e+08
1.142718254456475228e+08
1.142708897910197973e+08
1.142699730187529325e+08
1.142690747290531099e+08
1.142681945132448077e+08
1.142673319867384136e+08
1.142664867668521702e+08
