2.730751002320838928e+09
2.597421820481418610e+09
2.466549965843972206e+09
2.338330180011720657e+09
2.212966267521395683e+09
2.090649712559091091e+09
1.971559141595696211e+09
1.855873386114813328e+09
1.743760276334269524e+09
1.635372149804266930e+09
1.530849999445125103e+09
1.430321048170833588e+09
1.333892904447856903e+09
1.241650555929672241e+09
1.153659915329212427e+09
1.069972376675329208e+09
9.906234160560587645e+08
9.156279137731966972e+08
8.449790967006118298e+08
7.786494620378036499e+08
7.165917963641679287e+08
6.587401699341125488e+08
6.054572081767439842e+08
5.562735617735781670e+08
5.108041830743820667e+08
4.689509707174247503e+08
4.306046988965365887e+08
3.956447618445472717e+08
3.639392006409438848e+08
3.353450706764720082e+08
3.097090727310806513e+08
2.868684588997821212e+08
2.666521450074115992e+08
2.488821657677521706e+08
2.333753889782241583e+08
2.199454071832011044e+08
2.084045576300845146e+08
1.985659918475617170e+08
1.902457269933654964e+08
1.832646569611202478e+08
1.774504533759606779e+08
1.726392863528449237e+08
1.686773474606037140e+08
1.654220719877005219e+08
1.627415608383586705e+08
1.605017121549268961e+08
1.585984153599205911e+08
1.569417424272385240e+08
1.554556527395294905e+08
1.540774601437220275e+08
1.527571034671384692e+08
1.514561772203134000e+08
1.501468463642661273e+08
1.488106641372002959e+08
1.474373242835366726e+08
1.460233972084966600e+08
1.445710733762573600e+08
1.430869530585581064e+08
1.415809039659989774e+08
1.400650113059220612e+08
1.385526325694797635e+08
1.370575737398080230e+08
1.355933877851731181e+08
1.341727998476540744e+08
1.328072588329720646e+08
1.315066127690233886e+08
1.302788894135954380e+08
1.291301804684887379e+08
1.280646171103339791e+08
1.270844202205807269e+08
1.261900150279643834e+08
1.253801960906456113e+08
1.246523267119445503e+08
1.240025642002662122e+08
1.234260976043656617e+08
1.229173860616001189e+08
1.224703927110551000e+08
1.220788038565494418e+08
1.217362288600999415e+08
1.214363761641111374e+08
1.211732030688918084e+08
1.209410370380959511e+08
1.207346690199365020e+08
1.205494190717380792e+08
1.203811760927012861e+08
1.202264138210556358e+08
1.200821862396622300e+08
1.199461051048357934e+08
1.198163032584781945e+08
1.196913869536853582e+08
1.195703804863448590e+08
1.194526662064062357e+08
1.193379227028029561e+08
1.192260636148367524e+08
1.191171792612642944e+08
1.190114820311302841e+08
1.189092586127446294e+08
1.188108278288206458e+08
1.187165044165801108e+08
1.186265731131446660e+08
1.185412666284845769e+08
1.184607515195749998e+08
1.183851202011826932e+08
1.183143880968028605e+08
1.182484953605933487e+08
1.181873122645691931e+08
1.181306473774453402e+08
1.180782580533033609e+08
1.180298602569330633e+08
1.179851424409370124e+08
1.179437757281102538e+08
1.179054250069416165e+08
1.178697589504226446e+08
1.178364583320229948e+08
1.178052227453015149e+08
1.177757764117110819e+08
1.177478712789396644e+08
1.177212896522252113e+08
1.176958446568585187e+08
1.176713798102439046e+08
1.176477674968478382e+08
1.176249066325145662e+08
1.176027197391061932e+08
1.175811496428295374e+08
1.175601559935744703e+08
1.175397117801037729e+08
1.175197999716535658e+08
1.175004105077218711e+08
1.174815374676640034e+08
1.174631768180185556e+08
1.174453245156874657e+08
1.174279750732491612e+08
1.174111205484455526e+08
1.173947499622163624e+08
1.173788490089991689e+08
1.173634001253676414e+08
1.173483827687280476e+08
1.173337738811515272e+08
1.173195484739157557e+08
1.173056802783934176e+08
1.172921424150508344e+08
1.172789080397612453e+08
1.172659509348300695e+08
1.172532460205609202e+08
1.172407697460249662e+08
1.172285005027865469e+08
1.172164186807964295e+08
1.172045068753436655e+08
1.171927498762867451e+08
1.171811348363281339e+08
1.171696502033222020e+08
1.171582868832708448e+08
1.171470373388480246e+08
1.171358952103888690e+08
1.171248553289709687e+08
1.171139134188990295e+08
1.171030658790950924e+08
1.170923095873310566e+08
1.170816417322652042e+08
1.170710596760485172e+08
1.170605608482824564e+08
1.170501426704052985e+08
1.170398024682912230e+08
1.170295376091701686e+08
1.170193452602977455e+08
1.170092225629451871e+08
1.169991666188179702e+08
1.169891745239547193e+08
1.169792434062900543e+08
1.169693704634746611e+08
1.169595529981600344e+08
1.169497884486162663e+08
1.169400744132160544e+08
1.169304086679488271e+08
1.169207891766981781e+08
1.169112140945016742e+08
1.169016817644022703e+08
1.168921907087884843e+08
1.168827396163088232e+08
1.168733273255388737e+08
1.168639528065883815e+08
1.168546151417745054e+08
1.168453135063715577e+08
1.168360471502901465e+08
1.168268153813598603e+08
1.168176175506992638e+08
1.168084530404703170e+08
1.167993212541402578e+08
1.167902216092222333e+08
1.167811535323382765e+08
1.167721164563527256e+08
1.167631098192561269e+08
1.167541330644431859e+08
1.167451856420167536e+08
1.167362670107607841e+08
1.167273766404569447e+08
1.167185140142611414e+08
1.167096786309103668e+08
1.167008700065855980e+08
1.166920876763142049e+08
1.166833311948485374e+08
1.166746001370052993e+08
1.166658940974907577e+08
1.166572126902678460e+08
1.166485555475435257e+08
1.166399223184691668e+08
1.166313126676493883e+08
1.166227262735560983e+08
1.166141628269331604e+08
1.166056220558995306e+08
1.165971036179184616e+08
1.165886072586610317e+08
1.165801327041475177e+08
1.165716797269365937e+08
1.165632479843847603e+08
1.165548372599075884e+08
1.165464473016241193e+08
1.165380778625304401e+08
1.165297287005131841e+08
1.165213995784448832e+08
1.165130902643301487e+08
1.165048005314745605e+08
1.164965301586524546e+08
1.164882789302545488e+08
1.164800466364015043e+08
1.164718330730148107e+08
1.164636380418408513e+08
1.164554613504284471e+08
1.164473028120635152e+08
1.164391622456663847e+08
1.164310394756603390e+08
1.164229343318187892e+08
1.164148466491008848e+08
1.164067762674824297e+08
1.163987230317901969e+08
1.163906867915446758e+08
1.163826674008160233e+08
1.163746647180958539e+08
1.163666786061857045e+08
1.163587089321029931e+08
1.163507555670022964e+08
1.163428183861111104e+08
1.163348972686764896e+08
1.163269920979204029e+08
1.163191027610006928e+08
1.163112291489746869e+08
1.163033711567633301e+08
1.162955286831133068e+08
1.162877016305562109e+08
1.162798899053627551e+08
1.162720934174926579e+08
1.162643120805387199e+08
1.162565458116665184e+08
1.162487945315493196e+08
1.162410581642997563e+08
1.162333366373984814e+08
1.162256298816211224e+08
1.162179378309643269e+08
1.162102604225716293e+08
1.162025975966600776e+08
1.161949492964476645e+08
1.161873154680828750e+08
1.161796960605753958e+08
1.161720910257291645e+08
1.161645003180771619e+08
1.161569238948179781e+08
1.161493617157539576e+08
1.161418137432307452e+08
1.161342800029348582e+08
1.161267603403902948e+08
1.161192547860868126e+08
1.161117633119591475e+08
1.161042859000409395e+08
1.160968225110380948e+08
1.160893731313131005e+08
1.160819377414797544e+08
1.160745163241820335e+08
1.160671088640391529e+08
1.160597153475910276e+08
1.160523357632440925e+08
1.160449701012179852e+08
1.160376183534931540e+08
1.160302805137585998e+08
1.160229565773613751e+08
1.160156465412562490e+08
1.160083504039566815e+08
1.160010681654865146e+08
1.159937998273329437e+08
1.159865453923998177e+08
1.159793048649623990e+08
1.159720782506225705e+08
1.159648655562650859e+08
1.159576667900143862e+08
1.159504819611924589e+08
1.159433110802769661e+08
1.159361541588605642e+08
1.159290112096106410e+08
1.159218822462296039e+08
1.159147672834161222e+08
1.159076663368268013e+08
