1.296851876928797066e+08
1.213509296253252923e+08
1.188969647560887188e+08
1.203403682230449170e+08
1.220796884262925684e+08
1.221962459108692110e+08
1.210114618933632374e+08
1.194984500943291187e+08
1.184440266814590394e+08
1.181815306443749815e+08
1.185507160394211709e+08
1.190739639795022756e+08
1.193012617150874138e+08
1.190702142899778634e+08
1.185137602355727255e+08
1.179061963840868175e+08
1.174931355175454766e+08
1.173778223585364074e+08
1.174920828334468305e+08
1.176582023363958001e+08
1.177042121938442290e+08
1.175586860525378883e+08
1.172704706191145331e+08
1.169585928036958277e+08
1.167360833664462566e+08
1.166503529666432589e+08
1.166668925659326315e+08
1.167005307039897442e+08
1.166720841550571173e+08
1.165533745748576373e+08
1.163749582220363617e+08
1.161984393941297233e+08
1.160755463193196356e+08
1.160192157018703818e+08
1.160016280846961737e+08
1.159771662581299543e+08
1.159132026210415959e+08
1.158082822126998752e+08
1.156880471236697882e+08
1.155848887411789596e+08
1.155164695897607803e+08
1.154767292715782821e+08
1.154434531126702130e+08
1.153953322936159372e+08
1.153259067834379524e+08
1.152454838602299094e+08
1.151715239195111096e+08
1.151156752506768703e+08
1.150767027287122756e+08
1.150433104682476223e+08
1.150035311848371625e+08
1.149531762430614829e+08
1.148975050675849020e+08
1.148459304542774856e+08
1.148045769628635645e+08
1.147723559464695901e+08
1.147428912505826354e+08
1.147100346873184144e+08
1.146723577692644149e+08
1.146334196058485955e+08
1.145982463977516294e+08
1.145692536095385849e+08
1.145447933374587446e+08
1.145210458328281343e+08
1.144952933088118136e+08
1.144680420216769278e+08
1.144416097671263218e+08
1.144182502565949559e+08
1.143983969568367004e+08
1.143804926104138792e+08
1.143625441504686177e+08
1.143437763549758792e+08
1.143250257372938395e+08
1.143077513276485503e+08
1.142926941608660817e+08
1.142793500441101789e+08
1.142665665797114968e+08
1.142535874259578437e+08
1.142405936043331176e+08
1.142283632298048139e+08
1.142174797294983864e+08
1.142078384770878255e+08
1.141988285175101757e+08
1.141899238302379400e+08
1.141811024708653092e+08
1.141727542250542045e+08
1.141652411299849451e+08
1.141585567707438767e+08
1.141523718197482824e+08
1.141463627095677108e+08
1.141404811690191627e+08
1.141349306209630966e+08
1.141299183830849826e+08
1.141254466621858180e+08
1.141213282852975428e+08
1.141173750093078613e+08
1.141135556959960163e+08
1.141099815830843151e+08
1.141067611159593761e+08
1.141038827257669270e+08
1.141012319375969768e+08
1.140987043627645075e+08
1.140962904371042848e+08
1.140940557818682790e+08
1.140920527305312306e+08
1.140902606222184896e+08
1.140886078609190583e+08
1.140870405278000087e+08
1.140855623898937255e+08
1.140842116642602086e+08
1.140830081927263737e+08
1.140819285620510429e+08
1.140809293110376149e+08
1.140799868004737198e+08
1.140791107078766227e+08
1.140783218873516619e+08
1.140776230625699162e+08
1.140769934308666587e+08
1.140764086377566308e+08
1.140758612697491795e+08
1.140753606203454435e+08
1.140749155073252469e+08
1.140745209211753607e+08
1.140741618003100604e+08
1.140738270202827156e+08
1.140735170289937109e+08
1.140732382786450088e+08
1.140729923571033478e+08
1.140727724487715065e+08
1.140725695866401345e+08
1.140723802999578118e+08
1.140722071799485087e+08
1.140720529745087177e+08
1.140719157379647791e+08
1.140717901324956417e+08
1.140716723815670460e+08
1.140715627854832113e+08
1.140714634232629836e+08
1.140713743898033202e+08
1.140712929796989858e+08
1.140712162092123628e+08
1.140711432816960514e+08
1.140710752478797734e+08
1.140710127352589369e+08
1.140709546465837657e+08
1.140708991294247210e+08
1.140708453107601553e+08
1.140707936720424742e+08
1.140707448570843935e+08
1.140706985405674875e+08
1.140706536408345699e+08
1.140706093939643502e+08
1.140705658963158131e+08
1.140705235823499709e+08
1.140704824370499849e+08
1.140704419120623022e+08
1.140704015179593116e+08
1.140703612703325301e+08
1.140703214798081964e+08
1.140702822412846535e+08
1.140702432759587914e+08
1.140702042500350773e+08
1.140701651065793037e+08
1.140701260139442384e+08
1.140700870644106567e+08
1.140700481333058178e+08
1.140700090409563780e+08
1.140699697649796605e+08
1.140699304310858846e+08
1.140698911275555491e+08
1.140698517975045741e+08
1.140698123255295604e+08
1.140697726782844961e+08
1.140697329183668792e+08
1.140696930998834819e+08
1.140696531987890750e+08
1.140696131594234705e+08
1.140695729774778038e+08
1.140695327064846754e+08
1.140694923901270628e+08
1.140694520161820948e+08
1.140694115452388823e+08
1.140693709650839269e+08
1.140693302990103960e+08
1.140692895680018812e+08
1.140692487651431561e+08
1.140692078736006021e+08
1.140691668968100250e+08
1.140691258583038896e+08
1.140690847748704255e+08
1.140690436409408450e+08
1.140690024418278486e+08
1.140689611739629209e+08
1.140689198458478153e+08
1.140688784635044932e+08
1.140688370234577060e+08
1.140687955215265453e+08
1.140687539625463784e+08
1.140687123569093794e+08
1.140686707095801234e+08
1.140686290165739655e+08
1.140685872720110416e+08
1.140685454749555886e+08
1.140685036279287338e+08
1.140684617316235155e+08
1.140684197842920274e+08
1.140683777859005332e+08
1.140683357401274443e+08
1.140682936510836929e+08
1.140682515193508863e+08
1.140682093423787504e+08
1.140681671179538667e+08
1.140681248459397852e+08
1.140680825269241631e+08
1.140680401608075052e+08
1.140679977475832403e+08
1.140679552887213379e+08
1.140679127866815627e+08
1.140678702429833114e+08
1.140678276573052704e+08
1.140677850285159349e+08
1.140677423560292274e+08
1.140676996399512887e+08
1.140676568804953843e+08
1.140676140779322684e+08
1.140675712330969125e+08
1.140675283474213630e+08
1.140674854221626967e+08
1.140674424577085674e+08
1.140673994537378699e+08
1.140673564098930657e+08
1.140673133261510283e+08
1.140672702027363926e+08
1.140672270400433838e+08
1.140671838387722522e+08
1.140671405999505818e+08
1.140670973245987296e+08
1.140670540133288801e+08
1.140670106662955582e+08
1.140669672834835052e+08
1.140669238649789542e+08
1.140668804110379219e+08
1.140668369220779091e+08
1.140667933987111449e+08
1.140667498417256027e+08
1.140667062519114166e+08
1.140666626298417449e+08
1.140666189758107811e+08
1.140665752899609208e+08
1.140665315724502504e+08
1.140664878235410005e+08
1.140664440436268151e+08
1.140664002332428396e+08
1.140663563930326700e+08
1.140663125236406326e+08
1.140662686255866587e+08
1.140662246992227435e+08
1.140661807447941899e+08
1.140661367625381052e+08
1.140660927527524233e+08
1.140660487158266902e+08
1.140660046522445977e+08
1.140659605625505745e+08
1.140659164472781420e+08
1.140658723068772256e+08
1.140658281416911483e+08
1.140657839519929886e+08
1.140657397380471081e+08
1.140656955001584589e+08
1.140656512386971265e+08
1.140656069540971369e+08
1.140655626468276083e+08
1.140655183173444867e+08
1.140654739660480917e+08
1.140654295932731926e+08
1.140653851993135065e+08
1.140653407844607234e+08
1.140652963490364254e+08
1.140652518934068233e+08
1.140652074179770350e+08
1.140651629231671542e+08
1.140651184093794823e+08
1.140650738769750595e+08
1.140650293262721598e+08
1.140649847575649619e+08
1.140649401711496860e+08
1.140648955673446059e+08
1.140648509464974105e+08
1.140648063089777678e+08
1.140647616551584899e+08
1.140647169853951484e+08
1.140646723000143468e+08
1.140646275993171930e+08
1.140645828835936636e+08
1.140645381531395018e+08
1.140644934082675427e+08
1.140644486493088901e+08
1.140644038766045421e+08
1.140643590904914290e+08
1.140643142912900597e+08
