5.580427074119601250e+08
5.044542128715726137e+08
4.542089248853935003e+08
4.073889853152545094e+08
3.640601819618558288e+08
3.242677473805581927e+08
2.880327733010280132e+08
2.553495486049627066e+08
2.261836999142214954e+08
2.004712286741285622e+08
1.781179311340940595e+08
1.590329162217443585e+08
1.430785289761512876e+08
1.299738045907122791e+08
1.195068465564695597e+08
1.114407596911915839e+08
1.055436980822675526e+08
1.015243380734537691e+08
9.904150003018590808e+07
9.782015282552745938e+07
9.759082525302734971e+07
9.809668754202280939e+07
9.910003973107913136e+07
1.003877744553590268e+08
1.017755464320898056e+08
1.031104941000316441e+08
1.042724452655665427e+08
1.051736700099722594e+08
1.057573234761844575e+08
1.059947957804722339e+08
1.058792161551039219e+08
1.054262928956843317e+08
1.046655639561364055e+08
1.036417723781473041e+08
1.024101596645407081e+08
1.010301529132144749e+08
9.956163902585595846e+07
9.806177458032090962e+07
9.658238842808878422e+07
9.516801397924086452e+07
9.385454868682947755e+07
9.266852779441426694e+07
9.162696792068411410e+07
9.073771689321705699e+07
9.000024787519232929e+07
8.940679397941845655e+07
8.894373485018767416e+07
8.859312985558718443e+07
8.833430351644691825e+07
8.814537598591537774e+07
8.800467154092422128e+07
8.789192817227081954e+07
8.778926111159163713e+07
8.768185261957234144e+07
8.755836211046507955e+07
8.741106152646814287e+07
8.723573104220272601e+07
8.703134537497220933e+07
8.679960467340855300e+07
8.654436079079559445e+07
8.627098880385610461e+07
8.598575507897831500e+07
8.569522254644714296e+07
8.540572797592337430e+07
8.512295603141902387e+07
8.485162468576297164e+07
8.459528709459480643e+07
8.435624683731491864e+07
8.413557544609069824e+07
8.393321595899635553e+07
8.374815288031119108e+07
8.357862556179691851e+07
8.342236456786730886e+07
8.327682882947349548e+07
8.313942731349922717e+07
8.300771015334981680e+07
8.287952021922108531e+07
8.275309890972831845e+07
8.262714613180974126e+07
8.250083544881764054e+07
8.237379066268314421e+07
8.224603219488185644e+07
8.211790012608635426e+07
8.198996536118677258e+07
8.186293678279477358e+07
8.173757240623587370e+07
8.161460130945008993e+07
8.149466021439529955e+07
8.137824929222062230e+07
8.126570552216568589e+07
8.115719481459668279e+07
8.105272015523710847e+07
8.095214131206345558e+07
8.085520606314919889e+07
8.076158398543502390e+07
8.067090289194941521e+07
8.058278286208599806e+07
8.049686587365722656e+07
8.041283868087229133e+07
8.033044831916153431e+07
8.024950988472889364e+07
8.016990716279858351e+07
8.009158706863185763e+07
8.001454962405070662e+07
7.993883463198283315e+07
7.986450727357476950e+07
7.979164352643024921e+07
7.972031824534431100e+07
7.965059345095194876e+07
7.958251116567471623e+07
7.951609004241324961e+07
7.945132264219932258e+07
7.938817837150770426e+07
7.932660663063329458e+07
7.926654020730593801e+07
7.920790391235701740e+07
7.915061752050121129e+07
7.909460306530505419e+07
7.903978777230468392e+07
7.898610716966521740e+07
7.893350786845116317e+07
7.888194703688746691e+07
7.883139239961665869e+07
7.878181952321776748e+07
7.873321149171258509e+07
7.868555542349955440e+07
7.863884045301575959e+07
7.859305561320987344e+07
7.854818831579428911e+07
7.850422308527088165e+07
7.846114116879358888e+07
7.841892026822561026e+07
7.837753467300426960e+07
7.833695696125560999e+07
7.829715804117292166e+07
7.825810845905907452e+07
7.821977875603327155e+07
7.818214175860857964e+07
7.814517124537467957e+07
7.810884362308026850e+07
7.807313745820258558e+07
7.803803360079203546e+07
7.800351487299823761e+07
7.796956570109595358e+07
7.793617196310251951e+07
7.790331949774035811e+07
7.787099533833181858e+07
7.783918634196475148e+07
7.780787929230588675e+07
7.777706075857901573e+07
7.774671708333380520e+07
7.771683455512166023e+07
7.768739940792502463e+07
7.765839828388701379e+07
7.762981753345771134e+07
7.760164458544017375e+07
7.757386725141856074e+07
7.754647399977977574e+07
7.751945398355543613e+07
7.749279703249010444e+07
7.746649358502137661e+07
7.744053464756931365e+07
7.741491199450117350e+07
7.738961686411778629e+07
7.736464173736487329e+07
7.733997903901475668e+07
7.731562129917602241e+07
7.729156131632839143e+07
7.726779201732078195e+07
7.724430649707776308e+07
7.722109803564006090e+07
7.719816015001019835e+07
7.717548652463574708e+07
7.715307110398307443e+07
7.713090814382627606e+07
7.710899109276592731e+07
7.708731646966499090e+07
7.706587892293457687e+07
7.704467335801494122e+07
7.702369524150127172e+07
7.700294023510956764e+07
7.698240417501464486e+07
7.696208305360202491e+07
7.694197300473840535e+07
7.692207029305423796e+07
7.690237130715796351e+07
7.688287255623197556e+07
7.686357066913810372e+07
7.684446239500418305e+07
7.682554460426560044e+07
7.680681428927072883e+07
7.678826856378693879e+07
7.676990466102144122e+07
7.675171993005129695e+07
7.673371182423217595e+07
7.671587792149949074e+07
7.669821587767869234e+07
7.668072344617451727e+07
7.666339846447207034e+07
7.664623884792912006e+07
7.662924258437973261e+07
7.661240772964641452e+07
7.659573240393476188e+07
7.657921481603960693e+07
7.656285315277069807e+07
7.654664542782109976e+07
7.653059061994343996e+07
7.651468682373557985e+07
7.649893249848642945e+07
7.648332615681967139e+07
7.646786640728035569e+07
7.645255178781418502e+07
7.643738089216744900e+07
7.642235282973186672e+07
7.640746581632761657e+07
7.639271879125307500e+07
7.637811016542452574e+07
7.636363929319161177e+07
7.634930455094422400e+07
7.633510537098075449e+07
7.632103997521942854e+07
7.630712709924168885e+07
7.629336192348420620e+07
7.627972919933050871e+07
7.626622595364156365e+07
7.625285117086270452e+07
7.623960385490921140e+07
7.622648302810184658e+07
7.621348796013550460e+07
7.620061729665677249e+07
7.618787023772005737e+07
7.617524591611191630e+07
7.616274343380579352e+07
7.615036189741152525e+07
7.613810042682968080e+07
7.612595815207804739e+07
7.611393421261349320e+07
7.610202800431872904e+07
7.609023818808948994e+07
7.607856417649334669e+07
7.606700514134532213e+07
7.605556032271081209e+07
7.604422878289915621e+07
7.603300977487458289e+07
7.602190259879691899e+07
7.601090625103341043e+07
7.600002004148250818e+07
7.598924318178820610e+07
7.597857488779006898e+07
7.596801666587164998e+07
7.595756344609618187e+07
7.594721618580874801e+07
7.593697436603803933e+07
7.592683724412204325e+07
7.591680405623796582e+07
7.590687601795701683e+07
7.589705453637281060e+07
7.588732852469787002e+07
7.587770341438582540e+07
7.586817845487914979e+07
7.585875289779776335e+07
7.584942599685847759e+07
7.584019739670529962e+07
7.583106563011929393e+07
7.582203023937402666e+07
7.581309053935766220e+07
7.580424592168563604e+07
7.579549548067128658e+07
7.578683844841429591e+07
7.577827424865241349e+07
7.576980229217442870e+07
7.576142153560559452e+07
7.575313114453217387e+07
7.574493060122430325e+07
7.573681978694370389e+07
7.572879685354483128e+07
7.572086311364766955e+07
7.571301598465342820e+07
7.570525505643591285e+07
7.569757848996120691e+07
7.568998675579971075e+07
7.568247914534008503e+07
7.567505495206382871e+07
7.566771347158752382e+07
7.566045400170685351e+07
7.565327584244143963e+07
7.564617829608038068e+07
7.563916066722816229e+07
7.563222226285055280e+07
7.562536239232075214e+07
7.561858036746519804e+07
7.561187550260952115e+07
7.560524711462439597e+07
7.559869452297128737e+07
7.559221704974822700e+07
7.558581403411988914e+07
7.557948477479322255e+07
7.557322861646862328e+07
7.556704489224594831e+07
7.556093299018785357e+07
