5.262604081810204387e+08
4.826269784670393467e+08
4.440529691819344759e+08
4.105088834499248862e+08
3.817265714697487354e+08
3.572081865928480625e+08
3.363509395411871076e+08
3.184801707624790668e+08
3.029508540792339444e+08
2.892283418333824873e+08
2.769133702355160713e+08
2.657251447629400492e+08
2.554391669942990839e+08
2.459092520041394532e+08
2.370115849155803919e+08
2.286463242243725657e+08
2.207387986501052380e+08
2.132134251509332657e+08
2.060360156464466453e+08
1.992879166651078761e+08
1.932977998354991078e+08
1.875133758947852254e+08
1.819703514652040005e+08
1.766850823219265938e+08
1.716811571834779084e+08
1.669848824514817894e+08
1.626209447917963266e+08
1.586086247990349531e+08
1.549588885462642312e+08
1.516725816916227341e+08
1.487398156516032219e+08
1.461405337683432698e+08
1.438461086660136580e+08
1.418217277434434295e+08
1.400292436628627479e+08
1.384301370040027499e+08
1.369882478931252956e+08
1.356719833068563938e+08
1.344558106378747523e+08
1.333209287920141220e+08
1.322551436448102295e+08
1.312520595561486185e+08
1.303097682513522804e+08
1.294287683722592741e+08
1.286105904914948493e+08
1.278574700033988953e+08
1.271661051862483025e+08
1.265348297862432897e+08
1.259615580495442450e+08
1.254418580177424848e+08
1.249693013585767895e+08
1.245361324454705417e+08
1.241341244378373027e+08
1.237554511876139641e+08
1.233934444744367152e+08
1.230431259601083100e+08
1.227014623664556742e+08
1.223673339659619331e+08
1.220412575730669200e+08
1.217249314338267148e+08
1.214206933467400372e+08
1.211309803809045851e+08
1.208578686126793027e+08
1.206027479698547423e+08
1.203661584645823389e+08
1.201477865916862786e+08
1.199465939686023593e+08
1.197610389452927113e+08
1.195893360311984718e+08
1.194297072896227092e+08
1.192805846297480464e+08
1.191407378201084733e+08
1.190093191576185673e+08
1.188858317706162632e+08
1.187700396645708382e+08
1.186618459537169188e+08
1.185611662355906516e+08
1.184678214786603749e+08
1.183814673238375634e+08
1.183015679011499435e+08
1.182274128998527676e+08
1.181581692273955047e+08
1.180929534596946388e+08
1.180309095098957717e+08
1.179712771570275277e+08
1.179134407013394237e+08
1.178569520522234589e+08
1.178015278799542487e+08
1.177470252105935812e+08
1.176934026760866493e+08
1.176406765616656989e+08
1.175888797662677169e+08
1.175380302227339000e+08
1.174881124093568623e+08
1.174390725649850368e+08
1.173908255535743237e+08
1.173432694740304202e+08
1.172963033046127856e+08
1.172498431030441225e+08
1.172038333501547277e+08
1.171582515913724005e+08
1.171131062081977427e+08
1.170684286415929049e+08
1.170242622275774777e+08
1.169806504447845072e+08
1.169376267074971944e+08
1.168952076955675185e+08
1.168533908334271312e+08
1.168121558367080390e+08
1.167714693848321885e+08
1.167312915162749141e+08
1.166915822211392522e+08
1.166523069349996895e+08
1.166134400106957257e+08
1.165749659047502130e+08
1.165368782296714187e+08
1.164991772885993421e+08
1.164618668953826427e+08
1.164249512915114164e+08
1.163884328045566529e+08
1.163523106108427346e+08
1.163165806992424130e+08
1.162812367360682189e+08
1.162462715627288371e+08
1.162116787842689902e+08
1.161774540908152163e+08
1.161435959538406432e+08
1.161101057798316330e+08
1.160769873286448568e+08
1.160442457756611258e+08
1.160118865952851772e+08
1.159799145319926739e+08
1.159483328553629816e+08
1.159171430039844215e+08
1.158863446228309870e+08
1.158559359134897590e+08
1.158259141631505489e+08
1.157962763034578711e+08
1.157670193712386489e+08
1.157381407891914845e+08
1.157096384412413538e+08
1.156815104776356816e+08
1.156537554653319716e+08
1.156263715880659372e+08
1.155993567994482964e+08
1.155727086109533012e+08
1.155464240817842484e+08
1.155204999092290998e+08
1.154949325858884454e+08
1.154697185787874609e+08
1.154448544866389930e+08
1.154203371430850327e+08
1.153961636511883587e+08
1.153723313526565433e+08
1.153488377487268001e+08
1.153257386461502612e+08
1.153030114943015277e+08
1.152806139159500003e+08
1.152585431365969032e+08
1.152367962457224131e+08
1.152153702349438071e+08
1.151942620499656498e+08
1.151734686400407553e+08
1.151529869924029410e+08
1.151328141350430250e+08
1.151129471697158217e+08
1.150933831880357862e+08
1.150741192824644446e+08
1.150551525097988546e+08
1.150364798744009435e+08
1.150180983245157003e+08
1.150000047611570805e+08
1.149821960559146106e+08
1.149646690723346770e+08
1.149474206836140305e+08
1.149304477936185151e+08
1.149137473313828707e+08
1.148973162566724569e+08
1.148811515507031977e+08
1.148652502063455582e+08
1.148496092190358937e+08
1.148342255807139724e+08
1.148190962778688669e+08
1.148042182934825569e+08
1.147895886100969762e+08
1.147752042216492742e+08
1.147610621291274875e+08
1.147471593498199880e+08
1.147334929165928960e+08
1.147200598766820431e+08
1.147068572892632931e+08
1.146938822228154540e+08
1.146811317531930059e+08
1.146686029629954994e+08
1.146562929423833489e+08
1.146441987910786271e+08
1.146323176210180223e+08
1.146206465590363145e+08
1.146091827490531057e+08
1.145979233534526974e+08
1.145868655536101907e+08
1.145760065497453213e+08
1.145653435604254454e+08
1.145548738220643103e+08
1.145445945886921287e+08
1.145345031321350634e+08
1.145245967425953448e+08
1.145148727295031250e+08
1.145053284224513322e+08
1.144959611659972966e+08
1.144867683444264829e+08
1.144777473457981348e+08
1.144688955862587094e+08
1.144602105039389431e+08
1.144516895588879883e+08
1.144433302330850810e+08
1.144351300305854231e+08
1.144270864778060615e+08
1.144191971239122748e+08
1.144114595412388146e+08
1.144038713256770074e+08
1.143964300969759524e+08
1.143891334989351481e+08
1.143819791994957775e+08
1.143749648907615244e+08
1.143680882889903188e+08
1.143613471345944703e+08
1.143547391921745837e+08
1.143482622505932003e+08
1.143419141230793595e+08
1.143356926473430395e+08
1.143295956856778562e+08
1.143236211250338852e+08
1.143177668770523220e+08
1.143120308780642152e+08
1.143064110890625119e+08
1.143009054956618994e+08
1.142955121080572903e+08
1.142902289609896243e+08
1.142850541137199849e+08
1.142799856500076950e+08
1.142750216780849844e+08
1.142701603306203783e+08
1.142653997646646202e+08
1.142607381615767628e+08
1.142561737269323915e+08
1.142517046904175133e+08
1.142473293057144284e+08
1.142430458503837585e+08
1.142388526257460862e+08
1.142347479567641616e+08
1.142307301919242740e+08
1.142267977031143159e+08
1.142229488831970692e+08
1.142191821550453603e+08
1.142154959576855898e+08
1.142118887552634925e+08
1.142083590346161127e+08
1.142049053051120043e+08
1.142015260984886587e+08
1.141982199686880708e+08
1.141949854916899800e+08
1.141918212653423846e+08
1.141887259091884792e+08
1.141856980642889738e+08
1.141827363930398822e+08
1.141798395789855719e+08
1.141770063266278803e+08
1.141742353612320274e+08
1.141715254286305308e+08
1.141688752950251698e+08
1.141662837467879951e+08
1.141637495902612507e+08
1.141612716515558213e+08
1.141588487763485014e+08
1.141564798296775520e+08
1.141541636957368255e+08
1.141518992776681930e+08
1.141496854973533005e+08
1.141475212952038646e+08
1.141454056299517900e+08
1.141433374784386456e+08
1.141413158354046643e+08
1.141393397132775635e+08
1.141374081419606954e+08
1.141355201686207652e+08
1.141336748574752510e+08
1.141318712895793617e+08
1.141301085626127720e+08
1.141283857906666398e+08
1.141267021040306240e+08
1.141250566489803195e+08
1.141234485875652879e+08
1.141218770973976851e+08
1.141203413714413345e+08
1.141188406178016961e+08
1.141173740595163852e+08
1.141159409343465567e+08
1.141145404945690632e+08
1.141131720067695677e+08
