2.045266077007274032e+08
1.767267280388169289e+08
1.547810051481269598e+08
1.386763323756425083e+08
1.281882784854563773e+08
1.227859044792131633e+08
1.215542238751815706e+08
1.232070729915304184e+08
1.262618486259090304e+08
1.293484483515962660e+08
1.314944139297719896e+08
1.322378509835851490e+08
1.315628581858399361e+08
1.297507109490081966e+08
1.272301290432516634e+08
1.244613355145280659e+08
1.218564850200421512e+08
1.197289465123485774e+08
1.182649868864498585e+08
1.175149591294903755e+08
1.174037735055222511e+08
1.177598738924083412e+08
1.183588347587602586e+08
1.189731330471512377e+08
1.194170034126735032e+08
1.195764894746290445e+08
1.194197425413779318e+08
1.189886406767767668e+08
1.183771266161853224e+08
1.177032839187311232e+08
1.170816251183996052e+08
1.166005622771309614e+08
1.163082383401466906e+08
1.162082466129390895e+08
1.162649191262794733e+08
1.164162143706248105e+08
1.165907211806544065e+08
1.167245840886207223e+08
1.167744858588661253e+08
1.167241677575672716e+08
1.165838570639132261e+08
1.163837617519458532e+08
1.161639981058099419e+08
1.159637669017567188e+08
1.158123350413238108e+08
1.157236305816463977e+08
1.156952091885893494e+08
1.157112755516004711e+08
1.157485205128769577e+08
1.157829729009310603e+08
1.157960233792209029e+08
1.157782153753349781e+08
1.157301432379206568e+08
1.156606450922071487e+08
1.155831489386913031e+08
1.155113856453706920e+08
1.154556748266993314e+08
1.154206760538779497e+08
1.154049864533268511e+08
1.154024359225978255e+08
1.154044879769338965e+08
1.154029313872205615e+08
1.153920796648403853e+08
1.153699364520885497e+08
1.153381517031146586e+08
1.153009602469007522e+08
1.152635551372928023e+08
1.152304435285846442e+08
1.152042631465360224e+08
1.151853188218749315e+08
1.151718837826291323e+08
1.151610471429164857e+08
1.151497784436792284e+08
1.151358577563964128e+08
1.151184140625108927e+08
1.150979650073783100e+08
1.150760260994690061e+08
1.150544740946680605e+08
1.150348997780046612e+08
1.150181528072389960e+08
1.150041912456092238e+08
1.149922359964039475e+08
1.149811341677550822e+08
1.149697830489426255e+08
1.149574698411185443e+08
1.149440307884954810e+08
1.149298067611883581e+08
1.149154420129814595e+08
1.149016167974364161e+08
1.148888128527714610e+08
1.148771837191372961e+08
1.148665564897104502e+08
1.148565441480429769e+08
1.148467099859001040e+08
1.148367255448105931e+08
1.148264607308700383e+08
1.148159949201399088e+08
1.148055519203765988e+08
1.147953959575581253e+08
1.147857307834494561e+08
1.147766366953864843e+08
1.147680614632731080e+08
1.147598596133353412e+08
1.147518582541344911e+08
1.147439216396651119e+08
1.147359915463281423e+08
1.147280929046858251e+08
1.147203084466738254e+08
1.147127363481909931e+08
1.147054500243818760e+08
1.146984734132437706e+08
1.146917791104499400e+08
1.146853059349364638e+08
1.146789856771438122e+08
1.146727703815421462e+08
1.146666430803196281e+08
1.146606191887984276e+08
1.146547332992547303e+08
1.146490213592503816e+08
1.146435053662475497e+08
1.146381860285698026e+08
1.146330448874818385e+08
1.146280528841426522e+08
1.146231837686803639e+08
1.146184207825639248e+08
1.146137618884199858e+08
1.146092146770663112e+08
1.146047913142820299e+08
1.146005023359161317e+08
1.145963507607606649e+08
1.145923299406974018e+08
1.145884279599220157e+08
1.145846316784743369e+08
1.145809312499042749e+08
1.145773227590084821e+08
1.145738061137624681e+08
1.145703849074228853e+08
1.145670626947189569e+08
1.145638402907081544e+08
1.145607150011997372e+08
1.145576813133129328e+08
1.145547326939473599e+08
1.145518636016338766e+08
1.145490703876869082e+08
1.145463519146332145e+08
1.145437083905546665e+08
1.145411401693230867e+08
1.145386466484046727e+08
1.145362257879482210e+08
1.145338743520197570e+08
1.145315886449653208e+08
1.145293653401494920e+08
1.145272020259670913e+08
1.145250972799467742e+08
1.145230503192505687e+08
1.145210598085718155e+08
1.145191259644684345e+08
1.145172464891622514e+08
1.145154192556064129e+08
1.145136419820736200e+08
1.145119125806483328e+08
1.145102293744916618e+08
1.145085911818258315e+08
1.145069968585743457e+08
1.145054455017628372e+08
1.145039359486596882e+08
1.145024668641016483e+08
1.145010366935842633e+08
1.144996438867999911e+08
1.144982870218345374e+08
1.144969648800667971e+08
1.144956764296637028e+08
1.144944207408829033e+08
1.144931968839551210e+08
1.144920038596705943e+08
1.144908405889347345e+08
1.144897059554850757e+08
1.144885988720487356e+08
1.144875183343291134e+08
1.144864634391022027e+08
1.144854333637903482e+08
1.144844273236381114e+08
1.144834445305209011e+08
1.144824841725187004e+08
1.144815454201701283e+08
1.144806274515085518e+08
1.144797294803079069e+08
1.144788507731025070e+08
1.144779906484616697e+08
1.144771484617273062e+08
1.144763235849332064e+08
1.144755153922877610e+08
1.144747232570812702e+08
1.144739465592610985e+08
1.144731846978058517e+08
1.144724371006880552e+08
1.144717032276659012e+08
1.144709825655369461e+08
1.144702746193080544e+08
1.144695789041806757e+08
1.144688949420006424e+08
1.144682222629562020e+08
1.144675604105394185e+08
1.144669089464905858e+08
1.144662674530270398e+08
1.144656355315036625e+08
1.144650127986141741e+08
1.144643988338698149e+08
1.144637933708674610e+08
1.144631960067376196e+08
1.144626062398335636e+08
1.144620240545036346e+08
1.144614489757433832e+08
1.144608806998096704e+08
1.144603189347754717e+08
1.144597633985074461e+08
1.144592138172590286e+08
1.144586699253477752e+08
1.144581314657404423e+08
1.144575981909275353e+08
1.144570698889636397e+08
1.144565462810663283e+08
1.144560271741357446e+08
1.144555123574306816e+08
1.144550016273466647e+08
1.144544947871030867e+08
1.144539916468667835e+08
1.144534920240393877e+08
1.144529957433988154e+08
1.144525026369236857e+08
1.144520125433331430e+08
1.144515253075268567e+08
1.144510407801355124e+08
1.144505588172978163e+08
1.144500792806407362e+08
1.144496020153148174e+08
1.144491269379709214e+08
1.144486539047502279e+08
1.144481827988022268e+08
1.144477135080254972e+08
1.144472459247929752e+08
1.144467799457855523e+08
1.144463154719189256e+08
1.144458524083030373e+08
1.144453906641687006e+08
1.144449301527286917e+08
1.144444707909860164e+08
1.144440124995317161e+08
1.144435552023760527e+08
1.144430988268322945e+08
1.144426433034416139e+08
1.144421885659086704e+08
1.144417345510179549e+08
1.144412811985194832e+08
1.144408284509929419e+08
1.144403762537119538e+08
1.144399245545278788e+08
1.144394733037794381e+08
1.144390224542210400e+08
1.144385719609541297e+08
1.144381217813499570e+08
1.144376718749602139e+08
1.144372222034220397e+08
1.144367727303073108e+08
1.144363234212831706e+08
1.144358742436890304e+08
1.144354251667152345e+08
1.144349761612850130e+08
1.144345271999912411e+08
1.144340782570277452e+08
1.144336293081200421e+08
1.144331803304603100e+08
1.144327313026488423e+08
1.144322822046422958e+08
1.144318330177050531e+08
1.144313837243607342e+08
1.144309343128317595e+08
1.144304847590214014e+08
1.144300350534307063e+08
1.144295851831266582e+08
1.144291351361995637e+08
1.144286849017246366e+08
1.144282344697245061e+08
1.144277838311317712e+08
1.144273329777509570e+08
1.144268819022209793e+08
1.144264305979791284e+08
1.144259790592271835e+08
1.144255272809000462e+08
1.144250752586357296e+08
1.144246229887464643e+08
1.144241704681901634e+08
1.144237176945424378e+08
1.144232646659697592e+08
1.144228113812039495e+08
1.144223578395182192e+08
1.144219040407043099e+08
1.144214499850506485e+08
1.144209956733204722e+08
1.144205411067308187e+08
