9.725737270414762497e+08
8.979081900915937424e+08
8.268274230284683704e+08
7.594268210281836987e+08
6.957845541508738995e+08
6.359592347159740925e+08
5.799881208183720112e+08
5.278856369966465831e+08
4.796424558114912510e+08
4.352250730583905578e+08
3.945760081748677492e+08
3.576145233304073811e+08
3.242377306056799293e+08
2.943219224240746498e+08
2.677239146606316566e+08
2.442825326965625882e+08
2.238202442585605383e+08
2.061450482440755665e+08
1.910526318528788090e+08
1.783287032157970071e+08
1.677320158315558732e+08
1.590572690388927758e+08
1.520826661157365739e+08
1.465732375399818420e+08
1.423002412137115896e+08
1.390553893368810117e+08
1.363992086352335215e+08
1.342509805295196176e+08
1.325776569404489547e+08
1.312563869293114394e+08
1.301791965516342670e+08
1.292535859882802665e+08
1.283876066352837682e+08
1.274484047248817384e+08
1.263880836414265484e+08
1.251770634039108455e+08
1.238021091688978076e+08
1.222640644897858053e+08
1.205753928176684678e+08
1.187576433408405185e+08
1.168389497622261792e+08
1.148516394049218297e+08
1.128300247511108518e+08
1.108084413361231387e+08
1.088195668815457523e+08
1.068930486097169518e+08
1.050544541449797601e+08
1.033245431755329370e+08
1.017463807268733084e+08
1.003184094324496984e+08
9.899427514877271652e+07
9.777827280799882114e+07
9.667108669235554338e+07
9.567020162441205978e+07
9.477039802380533516e+07
9.396429970975799859e+07
9.324294286700592935e+07
9.259633973334559798e+07
9.201401197762399912e+07
9.148547370274537802e+07
9.100065026275500655e+07
9.055022021306180954e+07
9.012587630886827409e+07
8.972050446210718155e+07
8.932828117880511284e+07
8.894470035720470548e+07
8.856653127122402191e+07
8.818760187846405804e+07
8.780552345179779828e+07
8.742006590668770671e+07
8.703194783047124743e+07
8.664260769504570961e+07
8.625397364948107302e+07
8.586824668147505820e+07
8.548770599799095094e+07
8.511454265538834035e+07
8.475072586190271378e+07
8.439790733579747379e+07
8.405735779003477097e+07
8.372993871026152372e+07
8.341610433915363252e+07
8.311592730465170741e+07
8.282914398400950432e+07
8.255521479807001352e+07
8.229339094984260201e+07
8.204278293851870298e+07
8.180243084415331483e+07
8.157136418574535847e+07
8.134865537525349855e+07
8.113346116458873451e+07
8.092505274961556494e+07
8.072283346476370096e+07
8.052634566641713679e+07
8.033526672350114584e+07
8.014939816865679622e+07
7.996864710373744369e+07
7.979300526170580089e+07
7.962252377731725574e+07
7.945729002203416824e+07
7.929740462049749494e+07
7.914296201781484485e+07
7.899403417222246528e+07
7.885065873452474177e+07
7.871283153394721448e+07
7.858050326705656946e+07
7.845357998804472387e+07
7.833192680919378996e+07
7.821537352157309651e+07
7.810372308503720164e+07
7.799675960892505944e+07
7.789425719207488000e+07
7.779598810269129276e+07
7.770172998203969002e+07
7.761127166049678624e+07
7.752441751534995437e+07
7.744099017471013963e+07
7.736083168127028644e+07
7.728380332169158757e+07
7.720978418192115426e+07
7.713866909544970095e+07
7.707036576756483316e+07
7.700479177308669686e+07
7.694187148960028589e+07
7.688153300014819205e+07
7.682370674677965045e+07
7.676832179138560593e+07
7.671530617308443785e+07
7.666458489211136103e+07
7.661608011163131893e+07
7.656971146290734410e+07
7.652539631851638854e+07
7.648305079833619297e+07
7.644259062191413343e+07
7.640393213651069999e+07
7.636699327501979470e+07
7.633169439848354459e+07
7.629795897276535630e+07
7.626571405048027635e+07
7.623489054961811006e+07
7.620542333801531792e+07
7.617725114693775773e+07
7.615031633601319790e+07
7.612456461380758882e+07
7.609994459157922864e+07
7.607640742469495535e+07
7.605390641402085125e+07
7.603239665825283527e+07
7.601183470543162525e+07
7.599217857374781370e+07
7.597338724750590324e+07
7.595542083878055215e+07
7.593824051151408255e+07
7.592180851250036061e+07
7.590608823521633446e+07
7.589104430148994923e+07
7.587664264696182311e+07
7.586285059832429886e+07
7.584963703498125076e+07
7.583697201556274295e+07
7.582482740438178182e+07
7.581317643185180426e+07
7.580199387451505661e+07
7.579125560570698977e+07
7.578093905614599586e+07
7.577102278149729967e+07
7.576148645643228292e+07
7.575231082022929192e+07
7.574347721598300338e+07
7.573496868223279715e+07
7.572676831822529435e+07
7.571886022027745843e+07
7.571122920404139161e+07
7.570386077423383296e+07
7.569674110240317881e+07
7.568985701055341959e+07
7.568319595837125182e+07
7.567674603194385767e+07
7.567049593216718733e+07
7.566443496146760881e+07
7.565855300900800526e+07
7.565284052749603987e+07
7.564728851787033677e+07
7.564188850041900575e+07
7.563663248944056034e+07
7.563151296560579538e+07
7.562652284797865152e+07
7.562165546650269628e+07
7.561690453565004468e+07
7.561226412977063656e+07
7.560772866049310565e+07
7.560329288314333558e+07
7.559895177092811465e+07
7.559470080023041368e+07
7.559053527199128270e+07
7.558645115736401081e+07
7.558244453318938613e+07
7.557851170877692103e+07
7.557464921532532573e+07
7.557085379557442665e+07
7.556712239352852106e+07
7.556345214416608214e+07
7.555984036311970651e+07
7.555628453636701405e+07
7.555278231001409888e+07
7.554933146818999946e+07
7.554592997166693211e+07
7.554257587613448501e+07
7.553926737167924643e+07
7.553600276252353191e+07
7.553278045942185819e+07
7.552959897266413271e+07
7.552645694066502154e+07
7.552335298398071527e+07
7.552028591023206711e+07
7.551725456881996989e+07
7.551425788139478862e+07
7.551129483751031756e+07
7.550836449050845206e+07
7.550546595359289646e+07
7.550259839606246352e+07
7.549976103968751431e+07
7.549695315522296727e+07
7.549417405906093121e+07
7.549142312101043761e+07
7.548869971715837717e+07
7.548600329339259863e+07
7.548333331828120351e+07
7.548068929170086980e+07
7.547807074250538647e+07
7.547547722637352347e+07
7.547290832382801175e+07
7.547036363841417432e+07
7.546784279502430558e+07
7.546534543835309148e+07
7.546287123146846890e+07
7.546041985448448360e+07
7.545799100332310796e+07
7.545558438855507970e+07
7.545319961364597082e+07
7.545083665641702712e+07
7.544849514463831484e+07
7.544617483722159266e+07
7.544387550290356576e+07
7.544159691945637763e+07
7.543933887295427918e+07
7.543710115709523857e+07
7.543488357257640362e+07
7.543268592652115226e+07
7.543050803195506334e+07
7.542834971862733364e+07
7.542621078733183444e+07
7.542409107743832469e+07
7.542199042120233178e+07
7.541990865477375686e+07
7.541784561789156497e+07
7.541580115360286832e+07
7.541377510800388455e+07
7.541176733000057936e+07
7.540977767108760774e+07
7.540780598514431715e+07
7.540585212824663520e+07
7.540391595849436522e+07
7.540199733585305512e+07
7.540009612200994790e+07
7.539821218024311960e+07
7.539634537530341744e+07
7.539449557330812514e+07
7.539266264202703536e+07
7.539084644925802946e+07
7.538904686507871747e+07
7.538726376021409035e+07
7.538549700636973977e+07
7.538374647617739439e+07
7.538201204314646125e+07
7.538029358162033558e+07
7.537859096673759818e+07
7.537690407439705729e+07
7.537523278122681379e+07
7.537357693933534622e+07
7.537193647708168626e+07
7.537031124800008535e+07
7.536870113139066100e+07
7.536710600717496872e+07
7.536552575588223338e+07
7.536396025863806903e+07
7.536240939715483785e+07
7.536087305372399092e+07
7.535935111120977998e+07
7.535784346756255627e+07
7.535634997763067484e+07
7.535487054059453309e+07
7.535340504157187045e+07
7.535195336623835564e+07
7.535051540082682669e+07
7.534909103212720156e+07
7.534768014748650789e+07
7.534628263480980694e+07
7.534489838256092370e+07
7.534352727976383269e+07
7.534216921600419283e+07
