2.263073271069434881e+08
2.097027645185613930e+08
1.975720729745963216e+08
1.882420423911776841e+08
1.809491355487492383e+08
1.753297829309598804e+08
1.710696097841012478e+08
1.678023409357793033e+08
1.651259442490322888e+08
1.626615948066994846e+08
1.601192983013525009e+08
1.573410805829469860e+08
1.543066868470922709e+08
1.511058298807060421e+08
1.478922013684834242e+08
1.448346314335759282e+08
1.420756563216865659e+08
1.397030049175991118e+08
1.377366764155480564e+08
1.361322971329501867e+08
1.347989232654284239e+08
1.336261426258742064e+08
1.325126995654820800e+08
1.313886842336457670e+08
1.302264689186535180e+08
1.290389906174377352e+08
1.278683782907182425e+08
1.267692615892260373e+08
1.257915569323342890e+08
1.249667669859044850e+08
1.243006257066132128e+08
1.237733433616811335e+08
1.233467674331459701e+08
1.229759891104685366e+08
1.226216556771631092e+08
1.222592474146652520e+08
1.218828027839055806e+08
1.215026727740098536e+08
1.211386751213345230e+08
1.208114626597983539e+08
1.205349073687195331e+08
1.203117320460061431e+08
1.201333509602529407e+08
1.199834440524030775e+08
1.198436512563587874e+08
1.196992328937941492e+08
1.195428290634441674e+08
1.193752625096547753e+08
1.192035350762210786e+08
1.190370699986089468e+08
1.188837151219147742e+08
1.187469266937713027e+08
1.186249576740180254e+08
1.185120688229918778e+08
1.184010591324303150e+08
1.182860099094696045e+08
1.181641929862418771e+08
1.180365404932082295e+08
1.179066935673422366e+08
1.177791866994155049e+08
1.176575779115968645e+08
1.175432472408411056e+08
1.174352344115669280e+08
1.173310229098727256e+08
1.172278285916029662e+08
1.171238031703604460e+08
1.170186735232367963e+08
1.169136444636546075e+08
1.168107037028847039e+08
1.167117565461798310e+08
1.166179947927082479e+08
1.165290142111323774e+08
1.164438145130350143e+08
1.163610959946959615e+08
1.162798656687636375e+08
1.161998101539630592e+08
1.161213083842391968e+08
1.160451327886050642e+08
1.159720200502021015e+08
1.159023208125153035e+08
1.158358774557434916e+08
1.157721493796823323e+08
1.157104917578336447e+08
1.156504380582247972e+08
1.155918547837467045e+08
1.155349156544326693e+08
1.154799381959466338e+08
1.154271746843369901e+08
1.153766716241733283e+08
1.153282486930323243e+08
1.152815914024817497e+08
1.152363946362346113e+08
1.151924796097151786e+08
1.151498311193340123e+08
1.151085492777359933e+08
1.150687533674534708e+08
1.150304931338849068e+08
1.149937111904404759e+08
1.149582671618692875e+08
1.149240015650868118e+08
1.148908005327305049e+08
1.148586273866054416e+08
1.148275101960014403e+08
1.147974984916756451e+08
1.147686165898064673e+08
1.147408385063547492e+08
1.147140941843805313e+08
1.146882986320268214e+08
1.146633846937044859e+08
1.146393210232537091e+08
1.146161083392667472e+08
1.145937589460578710e+08
1.145722738118951321e+08
1.145516297190642506e+08
1.145317834067930281e+08
1.145126843246773928e+08
1.144942917288798988e+08
1.144765824720485806e+08
1.144595481451021731e+08
1.144431845564582050e+08
1.144274807800519764e+08
1.144124141640794277e+08
1.143979531096992046e+08
1.143840648076215088e+08
1.143707226172165871e+08
1.143579088676800132e+08
1.143456122117321193e+08
1.143338219997944981e+08
1.143225234986250103e+08
1.143116966559615433e+08
1.143013185612120926e+08
1.142913675155405402e+08
1.142818259951186180e+08
1.142726808988064826e+08
1.142639213766223788e+08
1.142555359571237415e+08
1.142475108386434913e+08
1.142398301904249191e+08
1.142324779339127094e+08
1.142254396469957083e+08
1.142187033814921677e+08
1.142122590611733198e+08
1.142060970708880126e+08
1.142002070545287430e+08
1.141945776390724033e+08
1.141891970961056948e+08
1.141840543537287116e+08
1.141791396450476944e+08
1.141744444305931628e+08
1.141699625079206824e+08
1.141656825931349993e+08
1.141615973953309953e+08
1.141576985126231164e+08
1.141539775562509596e+08
1.141504268355844468e+08
1.141470394109371006e+08
1.141438088164336681e+08
1.141407286884421408e+08
1.141377925583902001e+08
1.141349939882265925e+08
1.141323265198309571e+08
1.141297843320400566e+08
1.141273620008396059e+08
1.141250544434668124e+08
1.141228567232820690e+08
1.141207639278984964e+08
1.141187711867759228e+08
1.141168737879309952e+08
1.141150672923303545e+08
1.141133475635280013e+08
1.141117106917330921e+08
1.141101529366946369e+08
1.141086705964683890e+08
1.141072600585958809e+08
1.141059178471526057e+08
1.141046406782733202e+08
1.141034254707227349e+08
1.141022693081258237e+08
1.141011693844238818e+08
1.141001229707629234e+08
1.140991274203019738e+08
1.140981801975826472e+08
1.140972789038830698e+08
1.140964212778994292e+08
1.140956051725848615e+08
1.140948285262087733e+08
1.140940893468819410e+08
1.140933857167403698e+08
1.140927158066133410e+08
1.140920778859613836e+08
1.140914703190402389e+08
1.140908915500384867e+08
1.140903400876988024e+08
1.140898144985913932e+08
1.140893134189472497e+08
1.140888355266989619e+08
1.140883795964343399e+08
1.140879444596437514e+08
1.140875290042715073e+08
1.140871321669257879e+08
1.140867529303600639e+08
1.140863903254681379e+08
1.140860434337930828e+08
1.140857113869092017e+08
1.140853933621123135e+08
1.140850885768345892e+08
1.140847962848165184e+08
1.140845157752451003e+08
1.140842463736246526e+08
1.140839874354816079e+08
1.140837383535449058e+08
1.140834985551653653e+08
1.140832674963723123e+08
1.140830446600950360e+08
1.140828295558477342e+08
1.140826217198161781e+08
1.140824207141935527e+08
1.140822261254460514e+08
1.140820375621309131e+08
1.140818546531741917e+08
1.140816770470293462e+08
1.140815044114004374e+08
1.140813364328550249e+08
1.140811728158951104e+08
1.140810132816000879e+08
1.140808575663142353e+08
1.140807054207628369e+08
1.140805566095985770e+08
1.140804109110574722e+08
1.140802681163991094e+08
1.140801280290642530e+08
1.140799904637504220e+08
1.140798552456624955e+08
1.140797222100311667e+08
1.140795912017783672e+08
1.140794620751330554e+08
1.140793346930977404e+08
1.140792089268288910e+08
1.140790846550752372e+08
1.140789617637628764e+08
1.140788401456969827e+08
1.140787197002746165e+08
1.140786003331287205e+08
1.140784819557104707e+08
1.140783644848829806e+08
1.140782478425907642e+08
1.140781319556089044e+08
1.140780167553206831e+08
1.140779021774714887e+08
1.140777881618883908e+08
1.140776746521983743e+08
1.140775615955851972e+08
1.140774489425952733e+08
1.140773366469695866e+08
1.140772246654699743e+08
1.140771129576872885e+08
1.140770014858457148e+08
1.140768902146265209e+08
1.140767791110211313e+08
1.140766681442049891e+08
1.140765572854135185e+08
1.140764465078110546e+08
1.140763357863580287e+08
1.140762250976886600e+08
1.140761144200064838e+08
1.140760037329934239e+08
1.140758930177225620e+08
1.140757822565681189e+08
1.140756714331143349e+08
1.140755605320704132e+08
1.140754495391958952e+08
1.140753384412354231e+08
1.140752272258573174e+08
1.140751158815923035e+08
1.140750043977723271e+08
1.140748927644734830e+08
1.140747809724655598e+08
1.140746690131670982e+08
1.140745568786035776e+08
1.140744445613656640e+08
1.140743320545679629e+08
1.140742193518103063e+08
1.140741064471428841e+08
1.140739933350353092e+08
1.140738800103479028e+08
1.140737664683037549e+08
1.140736527044617236e+08
1.140735387146910429e+08
1.140734244951487780e+08
1.140733100422594100e+08
1.140731953526959419e+08
1.140730804233612716e+08
1.140729652513705790e+08
1.140728498340343535e+08
1.140727341688432992e+08
1.140726182534548938e+08
1.140725020856806785e+08
1.140723856634744257e+08
1.140722689849205166e+08
1.140721520482237637e+08
