1.658086244442028046e+09
1.557422458291290522e+09
1.460036244675939560e+09
1.366035545901249409e+09
1.275519247488450766e+09
1.188574604244939327e+09
1.105275597903562307e+09
1.025681593379362941e+09
9.498357462405709028e+08
8.777641804648891687e+08
8.094756333346319199e+08
7.449615628025251627e+08
6.841969915791300535e+08
6.271419146830942631e+08
5.737432314912129641e+08
5.239366231439335942e+08
4.776479932978265882e+08
4.347945585155147910e+08
3.952855639934034944e+08
3.590227147862330675e+08
3.259003181947649121e+08
2.958052866279320717e+08
2.686171343995797634e+08
2.442080804813472629e+08
2.224432111604920924e+08
2.031806924341128170e+08
1.862720883704310060e+08
1.715629177531064451e+08
1.588935551065825224e+08
1.481004945174952149e+08
1.390179011873283982e+08
1.314793407689979970e+08
1.253195951850201637e+08
1.203764957152166963e+08
1.164926970085910261e+08
1.135173484611624777e+08
1.113076026924240589e+08
1.097299068403171003e+08
1.086610525721210092e+08
1.079890195077280998e+08
1.076132662530499995e+08
1.074452254441385269e+08
1.074082141280574501e+08
1.074373060418608189e+08
1.074787355318238884e+08
1.074894189490911663e+08
1.074361855759410858e+08
1.072949260556188375e+08
1.070496624063311666e+08
1.066915647241518199e+08
1.062179463457556963e+08
1.056312662999263257e+08
1.049381492997824699e+08
1.041484627117442936e+08
1.032744476098250449e+08
1.023299289021363854e+08
1.013296061009447277e+08
1.002884354673725218e+08
9.922110318124751747e+07
9.814159111718060076e+07
9.706283361340492964e+07
9.599645855332821608e+07
9.495261229024764895e+07
9.393985275653937459e+07
9.296511135821014643e+07
9.203370916547009349e+07
9.114942245485469699e+07
9.031458582614928484e+07
8.953022512328875065e+07
8.879621184557992220e+07
8.811143050325559080e+07
8.747395323606508970e+07
8.688121337881171703e+07
8.633017438413739204e+07
8.581748853827947378e+07
8.535381790778104961e+07
8.493029259063898027e+07
8.453184836070820689e+07
8.415535668749180436e+07
8.379794053353419900e+07
8.345701808796608448e+07
8.313033311897164583e+07
8.281596807142561674e+07
8.251234587299001217e+07
8.221821798849350214e+07
8.193264429884862900e+07
8.165496629414123297e+07
8.138477285692080855e+07
8.112186585406024754e+07
8.086622006574860215e+07
8.061794603602507710e+07
8.037725311524152756e+07
8.014441482216095924e+07
7.991973948637896776e+07
7.970353446533688903e+07
7.949609224021440744e+07
7.929766672964429855e+07
7.910846016066700220e+07
7.892861184542921185e+07
7.875819196603989601e+07
7.859719846888406575e+07
7.844555820638875663e+07
7.830312980757017434e+07
7.816970768728202581e+07
7.804503016173897684e+07
7.792878721920773387e+07
7.782062890709406137e+07
7.772017400086073577e+07
7.762701931774088740e+07
7.754074757783332467e+07
7.746093591410124302e+07
7.738716122102855146e+07
7.731900787193834782e+07
7.725607153352391720e+07
7.719796359397399426e+07
7.714431393149125576e+07
7.709477310939654708e+07
7.704901328599518538e+07
7.700672883784863353e+07
7.696763614458808303e+07
7.693147292354905605e+07
7.689799716796258092e+07
7.686698592942065001e+07
7.683823373280858994e+07
7.681155113038522005e+07
7.678676316237565875e+07
7.676370789771014452e+07
7.674223513687339425e+07
7.672220504512339830e+07
7.670348760670439899e+07
7.668596120019081235e+07
7.666951213526105881e+07
7.665403415872770548e+07
7.663942800290110707e+07
7.662560108683633804e+07
7.661246730382509530e+07
7.659994687041150033e+07
7.658796621323034167e+07
7.657645787210139632e+07
7.656536040077455342e+07
7.655461825022356212e+07
7.654418162316730618e+07
7.653400629231819510e+07
7.652405337851543725e+07
7.651428908823439479e+07
7.650468441284695268e+07
7.649521479436436296e+07
7.648585976417681575e+07
7.647660256250764430e+07
7.646742974694508314e+07
7.645833079854887724e+07
7.644929774080909789e+07
7.644032473613920808e+07
7.643140777416163683e+07
7.642254431263047457e+07
7.641373298417690396e+07
7.640497332774692774e+07
7.639626555359983444e+07
7.638761034217396379e+07
7.637900867606268823e+07
7.637046166383013129e+07
7.636197059025804698e+07
7.635353659948498011e+07
7.634516079288932681e+07
7.633684415129831433e+07
7.632858751215806603e+07
7.632039155947221816e+07
7.631225682343669236e+07
7.630418368700906634e+07
7.629617239701893926e+07
7.628822307782174647e+07
7.628033574590004981e+07
7.627251032420688868e+07
7.626474665540510416e+07
7.625704451347772777e+07
7.624940361345633864e+07
7.624182361923383176e+07
7.623430414959599078e+07
7.622684478272092342e+07
7.621944505946612358e+07
7.621210448579081893e+07
7.620482252182051539e+07
7.619759863438291848e+07
7.619043222320607305e+07
7.618332267280539870e+07
7.617626934250423312e+07
7.616927156927028298e+07
7.616232867101638019e+07
7.615543995032231510e+07
7.614860469849367440e+07
7.614182219984325767e+07
7.613509173606392741e+07
7.612841259055513144e+07
7.612178405256928504e+07
7.611520542105682194e+07
7.610867600810734928e+07
7.610219514190761745e+07
7.609576216916269064e+07
7.608937645695328712e+07
7.608303739402663708e+07
7.607674439154160023e+07
7.607049688330768049e+07
7.606429432557317615e+07
7.605813619642776251e+07
7.605202199489270151e+07
7.604595123977218568e+07
7.603992346833993495e+07
7.603393823492908478e+07
7.602799510948711634e+07
7.602209367614832520e+07
7.601623353186723590e+07
7.601041428514502943e+07
7.600463555487224460e+07
7.599889696930056810e+07
7.599319816514904797e+07
7.598753878684270382e+07
7.598191848587577045e+07
7.597633692028811574e+07
7.597079375424051285e+07
7.596528865767298639e+07
7.595982130603033304e+07
7.595439141028359532e+07
7.594899859569026530e+07
7.594364258333869278e+07
7.593832306879776716e+07
7.593303977525797486e+07
7.592779231058135629e+07
7.592258050797602534e+07
7.591740403088918328e+07
7.591226259697903693e+07
7.590715592794322968e+07
7.590208374939441681e+07
7.589704579073935747e+07
7.589204181703248620e+07
7.588707150084531307e+07
7.588213461441069841e+07
7.587723090123453736e+07
7.587236010812042654e+07
7.586752198509749770e+07
7.586271628535723686e+07
7.585794276519805193e+07
7.585320133875390887e+07
7.584849145834589005e+07
7.584381304456679523e+07
7.583916586570008099e+07
7.583454969292800128e+07
7.582996430029401183e+07
7.582540946466398239e+07
7.582088496568527818e+07
7.581639058574327826e+07
7.581192610991530120e+07
7.580749132592156529e+07
7.580308602407371998e+07
7.579870999722115695e+07
7.579436304069563746e+07
7.579004495225457847e+07
7.578575553202380240e+07
7.578149458244013786e+07
7.577726190819436312e+07
7.577305731617505848e+07
7.576888061541363597e+07
7.576473161703087389e+07
7.576061013418513536e+07
7.575651598202241957e+07
7.575244897762835026e+07
7.574840893998180330e+07
7.574439568991068006e+07
7.574040911196681857e+07
7.573644890651756525e+07
7.573251496631161869e+07
7.572860711012706161e+07
7.572472517194481194e+07
7.572086898283967376e+07
7.571703837546473742e+07
7.571323318401724100e+07
7.570945323212033510e+07
7.570569838091754913e+07
7.570196850672319531e+07
7.569826335032206774e+07
7.569458280948349833e+07
7.569092671360728145e+07
7.568729494105583429e+07
7.568368728216315806e+07
7.568010361120331287e+07
7.567654377611508965e+07
7.567300762605881691e+07
7.566949501139184833e+07
7.566600578364491463e+07
7.566253979549926519e+07
7.565909690076448023e+07
7.565567695435708761e+07
7.565227981227980554e+07
7.564890533160132170e+07
7.564555337043693662e+07
7.564222378792959452e+07
7.563891644423156977e+07
7.563563120048663020e+07
7.563236791881291568e+07
7.562912646228611469e+07
7.562590669492316246e+07
