2.926410303454644084e+08
2.725175464669656754e+08
2.538965380240054131e+08
2.368195767149029970e+08
2.213167141756898165e+08
2.073957301651985049e+08
1.950346917012105584e+08
1.841761554005347788e+08
1.747239146773517430e+08
1.665438605026306808e+08
1.594708450251249075e+08
1.533217543859666288e+08
1.479138267148725390e+08
1.430847554530893862e+08
1.387098755097861290e+08
1.347120739942494333e+08
1.310619306274062395e+08
1.277689237162025124e+08
1.248657625843991041e+08
1.223902573343434334e+08
1.203682213119238168e+08
1.188009414650386274e+08
1.176592279127166271e+08
1.168849698657050431e+08
1.163994549157176465e+08
1.161161668210148215e+08
1.159546581914048195e+08
1.158519378937096298e+08
1.157687400217816085e+08
1.156896989807975441e+08
1.156181907490838170e+08
1.155678856384021044e+08
1.155535555053733885e+08
1.155835260473921597e+08
1.156554472921908945e+08
1.157560346943959445e+08
1.158643387534763515e+08
1.159571836802694947e+08
1.160149452039420903e+08
1.160259388063351810e+08
1.159882981728205830e+08
1.159091005958831310e+08
1.158013265255924463e+08
1.156797764049341381e+08
1.155572073996380568e+08
1.154417165891577005e+08
1.153359084580240846e+08
1.152378060517266393e+08
1.151429669528960288e+08
1.150469728458502442e+08
1.149474681379585117e+08
1.148451619023423493e+08
1.147436167617457956e+08
1.146480558622902483e+08
1.145637009835844487e+08
1.144942422225759476e+08
1.144409219979587495e+08
1.144024566850099266e+08
1.143757216341759562e+08
1.143568797196376175e+08
1.143425306003925949e+08
1.143305041714115441e+08
1.143200934563072920e+08
1.143117412667607814e+08
1.143063805610058904e+08
1.143047189323323816e+08
1.143067375833627284e+08
1.143115510842801780e+08
1.143176362951494157e+08
1.143232912746752799e+08
1.143271263984119594e+08
1.143284050773853660e+08
1.143271268673140258e+08
1.143238623354797959e+08
1.143194318485025913e+08
1.143145686486886740e+08
1.143096884525292814e+08
1.143048338972324878e+08
1.142997789146670401e+08
1.142942262304261774e+08
1.142880018694405258e+08
1.142811681287396848e+08
1.142740209146031737e+08
1.142669879198291600e+08
1.142604826243469566e+08
1.142547778189586699e+08
1.142499460716534257e+08
1.142458806895140558e+08
1.142423765831938982e+08
1.142392296690864116e+08
1.142363123536535800e+08
1.142335998820548803e+08
1.142311434928709269e+08
1.142290172349463254e+08
1.142272591533292234e+08
1.142258390096355230e+08
1.142246607998049259e+08
1.142235946007178724e+08
1.142225200151193440e+08
1.142213610866174102e+08
1.142200991834781766e+08
1.142187619239144623e+08
1.142173966906266958e+08
1.142160426540075541e+08
1.142147133215548843e+08
1.142133960182445347e+08
1.142120639991813600e+08
1.142106939321947098e+08
1.142092802255231887e+08
1.142078388863036335e+08
1.142064007640211582e+08
1.142049991734357774e+08
1.142036578287073076e+08
1.142023845512629300e+08
1.142011728859299719e+08
1.142000087600028515e+08
1.141988795644281209e+08
1.141977794894541949e+08
1.141967107154767811e+08
1.141956800839796364e+08
1.141946933834774047e+08
1.141937512802393138e+08
1.141928480531328917e+08
1.141919736356422901e+08
1.141911174744084775e+08
1.141902721084996760e+08
1.141894348335082829e+08
1.141886069959606528e+08
1.141877916774472594e+08
1.141869911756193936e+08
1.141862055388122499e+08
1.141854326946370155e+08
1.141846697594363242e+08
1.141839146931679547e+08
1.141831673301322460e+08
1.141824292839218676e+08
1.141817032846133411e+08
1.141809915345473140e+08
1.141802950855566263e+08
1.141796136066527963e+08
1.141789458943497837e+08
1.141782906752506196e+08
1.141776472367282957e+08
1.141770155928499252e+08
1.141763961866757274e+08
1.141757893739265651e+08
1.141751950075928569e+08
1.141746123367832601e+08
1.141740402313122600e+08
1.141734775683309138e+08
1.141729235573313534e+08
1.141723778484095931e+08
1.141718404084627777e+08
1.141713107551912367e+08
1.141707898162623942e+08
1.141702764740191996e+08
1.141697708276975304e+08
1.141692718378839344e+08
1.141687799143814743e+08
1.141682946668372750e+08
1.141678161696331501e+08
1.141673445039603412e+08
1.141668796546152234e+08
1.141664214787320793e+08
1.141659697491858453e+08
1.141655242340355664e+08
1.141650847605050206e+08
1.141646512300662845e+08
1.141642235849135220e+08
1.141638012629829347e+08
1.141633848938447833e+08
1.141629742617584318e+08
1.141625689310005307e+08
1.141621684226231277e+08
1.141617725139996409e+08
1.141613814712476283e+08
1.141609957916426212e+08
1.141606147772905976e+08
1.141602383211362064e+08
1.141598662996539026e+08
1.141594985877362341e+08
1.141591350755682588e+08
1.141587756768409312e+08
1.141584203245352805e+08
1.141580689584761858e+08
1.141577215130185485e+08
1.141573779117528796e+08
1.141570380708175451e+08
1.141567019070717394e+08
1.141563693451984227e+08
1.141560403195469379e+08
1.141557147704752386e+08
1.141553926383644938e+08
1.141550738593766391e+08
1.141547583652919829e+08
1.141544460868939459e+08
1.141541369583028555e+08
1.141538309195238352e+08
1.141535279160310626e+08
1.141532278962148279e+08
1.141529308086694628e+08
1.141526366010315120e+08
1.141523452207971513e+08
1.141520566172250211e+08
1.141517707428932786e+08
1.141514875539321005e+08
1.141512070089440346e+08
1.141509290674424022e+08
1.141506536887966394e+08
1.141503808321875036e+08
1.141501104573555887e+08
1.141498425254725814e+08
1.141495769995140582e+08
1.141493138439497054e+08
1.141490530240443647e+08
1.141487945052701533e+08
1.141485382531772405e+08
1.141482842337196767e+08
1.141480324137421101e+08
1.141477827612810731e+08
1.141475352455138713e+08
1.141472898364440501e+08
1.141470465045655668e+08
1.141468052207158357e+08
1.141465659627602994e+08
1.141463286894113272e+08
1.141460933799787313e+08
1.141458600079443753e+08
1.141456285474064201e+08
1.141453989728871137e+08
1.141451712592246532e+08
1.141449453815898597e+08
1.141447217847248018e+08
1.141444995070336610e+08
1.141442789937195480e+08
1.141440602218038440e+08
1.141438435711772591e+08
1.141436282146744877e+08
1.141434149069806039e+08
1.141432028773169070e+08
1.141429928444820195e+08
1.141427840557326525e+08
1.141425768562834561e+08
1.141423712256898433e+08
1.141421671437447369e+08
1.141419645904836208e+08
1.141417635462113470e+08
1.141415639915229082e+08
1.141413659072993100e+08
1.141411692746796608e+08
1.141409740750275850e+08
1.141407802899094224e+08
1.141405879010920376e+08
1.141403968905519843e+08
1.141402072404827625e+08
1.141400189332903922e+08
1.141398319515788704e+08
1.141396462781334966e+08
1.141394618959116936e+08
1.141392787880434394e+08
1.141390969378369451e+08
1.141389163287823647e+08
1.141387369445486665e+08
1.141385587689749897e+08
1.141383817860610485e+08
1.141382059799613655e+08
1.141380313349842131e+08
1.141378578355930001e+08
1.141376854664065689e+08
1.141375142121963948e+08
1.141373440578814894e+08
1.141371749885238111e+08
1.141370069893257022e+08
1.141368400456300378e+08
1.141366741429208070e+08
1.141365092668227404e+08
1.141363454030991197e+08
1.141361825376484990e+08
1.141360206565015316e+08
1.141358597458192706e+08
1.141356997918926030e+08
1.141355407811419964e+08
1.141353827001167536e+08
1.141352255354937017e+08
1.141350692740753889e+08
1.141349139387511760e+08
1.141347594446283132e+08
1.141346058148633242e+08
1.141344530367554426e+08
1.141343010977268666e+08
1.141341499853217006e+08
1.141339996872046143e+08
1.141338501911597252e+08
1.141337014850899875e+08
1.141335535570164919e+08
1.141334063950781524e+08
1.141332599875309467e+08
1.141331143227472007e+08
1.141329693892149180e+08
1.141328251755372584e+08
