2.134785020882266164e+08
1.862961288447819352e+08
1.627206112051238716e+08
1.428217402541819513e+08
1.266108551345978379e+08
1.140187443952530324e+08
1.048710604364776611e+08
9.886664984136550128e+07
9.556809444111889601e+07
9.441654456867060065e+07
9.477767380111739039e+07
9.601085511460529268e+07
9.754020193894189596e+07
9.890665866780909896e+07
9.979278004448172450e+07
1.000230360863116086e+08
9.954767826597547531e+07
9.841694340408706665e+07
9.675182831135404110e+07
9.471530340863084793e+07
9.248648629550619423e+07
9.023907257247395813e+07
8.812454928091388941e+07
8.626032063902397454e+07
8.472269371467581391e+07
8.354469098226395249e+07
8.271823117163825035e+07
8.220048260247573256e+07
8.192329250727498531e+07
8.180462367007818818e+07
8.176036558129999042e+07
8.171504121761710942e+07
8.161001317037715018e+07
8.140837063949069381e+07
8.109622609720411897e+07
8.068074794349816442e+07
8.018568266166454554e+07
7.964536961066015065e+07
7.909820588571500778e+07
7.858060234048491716e+07
7.812204619459295273e+07
7.774184786856018007e+07
7.744773626415064931e+07
7.723628905009633303e+07
7.709490910543873906e+07
7.700488378010669351e+07
7.694494573414927721e+07
7.689474013304391503e+07
7.683767798267810047e+07
7.676280877941048145e+07
7.666554781264373660e+07
7.654729820534770191e+07
7.641418253169618547e+07
7.627521198542432487e+07
7.614026906835827231e+07
7.601825517050942779e+07
7.591568091067358851e+07
7.583586700062023103e+07
7.577880077636410296e+07
7.574157916079625487e+07
7.571928054399996996e+07
7.570605444065195322e+07
7.569621077059391141e+07
7.568511865489917994e+07
7.566978510962408781e+07
7.564905736959877610e+07
7.562346950596082211e+07
7.559481350167529285e+07
7.556555338008569181e+07
7.553821279990230501e+07
7.551485242016990483e+07
7.549671927636212111e+07
7.548410816623736918e+07
7.547642799238738418e+07
7.547243084356556833e+07
7.547053362886014581e+07
7.546915711510682106e+07
7.546701373406028748e+07
7.546329524235823750e+07
7.545773846749895811e+07
7.545057455738124251e+07
7.544238985351583362e+07
7.543393898197768629e+07
7.542595636258593202e+07
7.541900214426243305e+07
7.541337079121086001e+07
7.540906940175154805e+07
7.540585975842458010e+07
7.540334541429099441e+07
7.540107801023894548e+07
7.539865811246477067e+07
7.539580875324973464e+07
7.539241219543506205e+07
7.538850616657064855e+07
7.538424796413682401e+07
7.537985871563686430e+07
7.537556322920826077e+07
7.537153925332227349e+07
7.536788580281594396e+07
7.536461396092331409e+07
7.536165959632840753e+07
7.535891048781011999e+07
7.535623991430190206e+07
7.535353808180770278e+07
7.535073443019390106e+07
7.534780742684753239e+07
7.534478106006763875e+07
7.534171210618901253e+07
7.533867093520236015e+07
7.533572333697408438e+07
7.533291541267406940e+07
7.533026664869952202e+07
7.532776957116520405e+07
7.532539618548262119e+07
7.532310810350635648e+07
7.532086740225370228e+07
7.531864548915128410e+07
7.531642817017871141e+07
7.531421632838451862e+07
7.531202278323343396e+07
7.530986674076496065e+07
7.530776760561466217e+07
7.530573979415452480e+07
7.530378967234280705e+07
7.530191502967073023e+07
7.530010679954180121e+07
7.529835223157119751e+07
7.529663840802663565e+07
7.529495531080828607e+07
7.529329754740010202e+07
7.529166460435980558e+07
7.529005989577105641e+07
7.528848888069897890e+07
7.528695702737385035e+07
7.528546812672933936e+07
7.528402333123816550e+07
7.528262107945531607e+07
7.528125773553022742e+07
7.527992868363292515e+07
7.527862949851067364e+07
7.527735687016235292e+07
7.527610907765436172e+07
7.527488596173764765e+07
7.527368848875775933e+07
7.527251809293559194e+07
7.527137601270478964e+07
7.527026280229198933e+07
7.526917812163530290e+07
7.526812081435164809e+07
7.526708920278464258e+07
7.526608148128205538e+07
7.526509608165390790e+07
7.526413191365666687e+07
7.526318843447503448e+07
7.526226555669096112e+07
7.526136344791762531e+07
7.526048229680499434e+07
7.525962211704468727e+07
7.525878263818612695e+07
7.525796329920566082e+07
7.525716332882463932e+07
7.525638187450909615e+07
7.525561813459621370e+07
7.525487145484510064e+07
7.525414136757448316e+07
7.525342757191433012e+07
7.525272987108190358e+07
7.525204809243059158e+07
7.525138201668325067e+07
7.525073133556786180e+07
7.525009564543059468e+07
7.524947447247603536e+07
7.524886733787707984e+07
7.524827371858943999e+07
7.524769321080495417e+07
7.524712545664709806e+07
7.524657016025754809e+07
7.524602706935223937e+07
7.524549593122842908e+07
7.524497649236220121e+07
7.524446861416645348e+07
7.524397169174692035e+07
7.524348553958338499e+07
7.524300982327878475e+07
7.524254422145797312e+07
7.524208846330113709e+07
7.524164222630797327e+07
7.524120529150211811e+07
7.524077742893531919e+07
7.524035841420578957e+07
7.523994802041441202e+07
7.523954601420417428e+07
7.523915215637977421e+07
7.523876620607258379e+07
7.523838792647254467e+07
7.523801708999292552e+07
7.523765348128414154e+07
7.523729683084976673e+07
7.523694707890658081e+07
7.523660397358638048e+07
7.523626733252218366e+07
7.523593697430808842e+07
7.523561271774877608e+07
7.523529438267394900e+07
7.523498181177392602e+07
7.523467479243057966e+07
7.523437317855091393e+07
7.523407681080371141e+07
7.523378553625215590e+07
7.523349920720501244e+07
7.523321767984648049e+07
7.523294081310856342e+07
7.523266846808844805e+07
7.523240050807981193e+07
7.523213679907093942e+07
7.523187721043169498e+07
7.523162161583566666e+07
7.523136989217743278e+07
7.523112192153182626e+07
7.523087758937750757e+07
7.523063678441216052e+07
7.523039939806483686e+07
7.523016532418824732e+07
7.522993445898143947e+07
7.522970670110647380e+07
7.522948195190200210e+07
7.522926011558137834e+07
7.522904109932774305e+07
7.522882481324939430e+07
7.522861117021460831e+07
7.522840008562286198e+07
7.522819147718247771e+07
7.522798526475013793e+07
7.522778137025685608e+07
7.522757971771037579e+07
7.522738023323991895e+07
7.522718284513996542e+07
7.522698748387882113e+07
7.522679408205641806e+07
7.522660257431703806e+07
7.522641289723825455e+07
7.522622498922266066e+07
7.522603879041343927e+07
7.522585424264332652e+07
7.522567128941294551e+07
7.522548987588505447e+07
7.522530994887815416e+07
7.522513145684629679e+07
7.522495434983971715e+07
7.522477857944853604e+07
7.522460409873864055e+07
7.522443086218944192e+07
7.522425882564178109e+07
7.522408794625927508e+07
7.522391818250066042e+07
7.522374949409829080e+07
7.522358184203606844e+07
7.522341518852250278e+07
7.522324949695682526e+07
7.522308473189021647e+07
7.522292085898518562e+07
7.522275784497711062e+07
7.522259565764074028e+07
7.522243426576185226e+07
7.522227363911364973e+07
7.522211374843454361e+07
7.522195456540575624e+07
7.522179606262660027e+07
7.522163821358764172e+07
7.522148099264195561e+07
7.522132437497693300e+07
7.522116833658710122e+07
7.522101285424952209e+07
7.522085790550148487e+07
7.522070346861992776e+07
7.522054952260172367e+07
7.522039628460903466e+07
7.522024430026516318e+07
7.522009273712262511e+07
7.521994157688145339e+07
7.521979080187912285e+07
7.521964039508236945e+07
7.521949034007726610e+07
7.521934062105417252e+07
7.521919122278623283e+07
7.521904213060319424e+07
7.521889333036467433e+07
7.521874480843569338e+07
7.521859655166685581e+07
7.521844854737946391e+07
7.521830078335331380e+07
7.521815324781574309e+07
7.521800592942930758e+07
7.521785881727749109e+07
7.521771190084871650e+07
7.521756523592638969e+07
7.521741868088158965e+07
7.521727229229299724e+07
7.521712606111699343e+07
7.521697997864764929e+07
