9.256419386784751713e+07
9.035425597147163749e+07
8.992179662768816948e+07
8.903454452354870737e+07
8.769385987635698915e+07
8.640559531354957819e+07
8.543465732729181647e+07
8.470894008161042631e+07
8.399606634539805353e+07
8.317827952889023721e+07
8.232022617610186338e+07
8.155219224417780340e+07
8.094486931865039468e+07
8.046277369033956528e+07
8.001546455467176437e+07
7.954794576821219921e+07
7.907784830972108245e+07
7.866196228983896971e+07
7.834003103281217813e+07
7.810275382030068338e+07
7.790511642750300467e+07
7.770904202198986709e+07
7.751269465361350775e+07
7.734167202241070569e+07
7.721729162902857363e+07
7.713396897630575299e+07
7.706452622521880269e+07
7.698501097791853547e+07
7.689297072140881419e+07
7.680302721816964447e+07
7.672761138420066237e+07
7.666315295113433897e+07
7.659439450239983201e+07
7.651057253015089035e+07
7.641555589280468225e+07
7.632220514362753928e+07
7.623875810480912030e+07
7.616220077694389224e+07
7.608454789568930864e+07
7.600358105045726895e+07
7.592565679255123436e+07
7.585845512760576606e+07
7.580295921005763113e+07
7.575376240384253860e+07
7.570640284933263063e+07
7.566238474598038197e+07
7.562629293305769563e+07
7.559947457101652026e+07
7.557833576386795938e+07
7.555877212390759587e+07
7.554052103080506623e+07
7.552608635956889391e+07
7.551635756325721741e+07
7.550894367296455801e+07
7.550103042015826702e+07
7.549247750369811058e+07
7.548508180346651375e+07
7.547950218248641491e+07
7.547426686407110095e+07
7.546785583778619766e+07
7.546064082236097753e+07
7.545400579953981936e+07
7.544828689664083719e+07
7.544253187457086146e+07
7.543613128808271885e+07
7.542973309926232696e+07
7.542424134349726140e+07
7.541958608918318152e+07
7.541507249023768306e+07
7.541053023616196215e+07
7.540649465440373123e+07
7.540328774965249002e+07
7.540053255338485539e+07
7.539775601483860612e+07
7.539502227041006088e+07
7.539265032716068625e+07
7.539059256149679422e+07
7.538847903095188737e+07
7.538615878867881000e+07
7.538383293216365576e+07
7.538164078756801784e+07
7.537942826345910132e+07
7.537702910402011871e+07
7.537453326667129993e+07
7.537211808696867526e+07
7.536977659529155493e+07
7.536738875280332565e+07
7.536496277607986331e+07
7.536262799188748002e+07
7.536042934721070528e+07
7.535828873735785484e+07
7.535616852750304341e+07
7.535413571543340385e+07
7.535223748226979375e+07
7.535042584085942805e+07
7.534864943059551716e+07
7.534693223683048785e+07
7.534531012902070582e+07
7.534375685529148579e+07
7.534222764438721538e+07
7.534072750952857733e+07
7.533928404106082022e+07
7.533788778639523685e+07
7.533650866133145988e+07
7.533514727255748212e+07
7.533382590709890425e+07
7.533254475218296051e+07
7.533128555098274350e+07
7.533004784334611893e+07
7.532884780711263418e+07
7.532768763665190339e+07
7.532655461681193113e+07
7.532544627443709970e+07
7.532437192486600578e+07
7.532333163533556461e+07
7.532231544706881046e+07
7.532131961767737567e+07
7.532034914456246793e+07
7.531940327593490481e+07
7.531847442143692076e+07
7.531755992971864343e+07
7.531666320799437165e+07
7.531578359494371712e+07
7.531491612024819851e+07
7.531405973863422871e+07
7.531321716045731306e+07
7.531238797913563251e+07
7.531156914474657178e+07
7.531076053349433839e+07
7.530996406225258112e+07
7.530917909031644464e+07
7.530840352152177691e+07
7.530763749144613743e+07
7.530688207195954025e+07
7.530613634089666605e+07
7.530539877908809483e+07
7.530466940195110440e+07
7.530394868855917454e+07
7.530323547108183801e+07
7.530252867422133684e+07
7.530182843311333656e+07
7.530113474529449642e+07
7.530044673699368536e+07
7.529976379659068584e+07
7.529908613327361643e+07
7.529841357654824853e+07
7.529774546391150355e+07
7.529708157269312441e+07
7.529642204466560483e+07
7.529576661744649708e+07
7.529511482714028656e+07
7.529446658204445243e+07
7.529382186022697389e+07
7.529318030610047281e+07
7.529254158280521631e+07
7.529190563127502799e+07
7.529127232530225813e+07
7.529064134321911633e+07
7.529001248367324471e+07
7.528938568578070402e+07
7.528876076564076543e+07
7.528813747793965042e+07
7.528751572260721028e+07
7.528689543842220306e+07
7.528627646099913120e+07
7.528565864620146155e+07
7.528504194321960211e+07
7.528442626695144176e+07
7.528381147811561823e+07
7.528319749688871205e+07
7.528258433235849440e+07
7.528197179729065299e+07
7.528135984391957521e+07
7.528074842269986868e+07
7.528013747655674815e+07
7.527952691677862406e+07
7.527891670346555114e+07
7.527830675567124784e+07
7.527769705279490352e+07
7.527708751210601628e+07
7.527647810989180207e+07
7.527586881156988442e+07
7.527525956773026288e+07
7.527465034252022207e+07
7.527404111594691873e+07
7.527343185899904370e+07
7.527282253970885277e+07
7.527221313847891986e+07
7.527160363524708152e+07
7.527099400279481709e+07
7.527038422169865668e+07
7.526977428047597408e+07
7.526916416310317814e+07
7.526855385313016176e+07
7.526794334051002562e+07
7.526733261444586515e+07
7.526672166173258424e+07
7.526611047470043600e+07
7.526549904968383908e+07
7.526488738099600375e+07
7.526427546394880116e+07
7.526366329710043967e+07
7.526305087819051743e+07
7.526243820476591587e+07
7.526182527800561488e+07
7.526121210062922537e+07
7.526059867437463999e+07
7.525998500202412903e+07
7.525937108756801486e+07
7.525875693430325389e+07
7.525814256224080920e+07
7.525752794547790289e+07
7.525691310663387179e+07
7.525629805203111470e+07
7.525568278881403804e+07
7.525506723321920633e+07
7.525445157478126884e+07
7.525383574576269090e+07
7.525321972508561611e+07
7.525260353726574779e+07
7.525198719169715047e+07
7.525137069817766547e+07
7.525075406644558907e+07
7.525013730638313293e+07
7.524952042864751816e+07
7.524890344431707263e+07
7.524828641020467877e+07
7.524766924586024880e+07
7.524705200839348137e+07
7.524643470903113484e+07
7.524581735933189094e+07
7.524519997131982446e+07
7.524458255712711811e+07
7.524396512888944149e+07
7.524334769881203771e+07
7.524273027907793224e+07
7.524211288195806742e+07
7.524149552002796531e+07
7.524087820604903996e+07
7.524026095277914405e+07
7.523964377297490835e+07
7.523902667937278748e+07
7.523840968470373750e+07
7.523779280415683985e+07
7.523717604614250362e+07
7.523655942605796456e+07
7.523594295694789290e+07
7.523532665182402730e+07
7.523471052366423607e+07
7.523409458549661934e+07
7.523347885046157241e+07
7.523286333174294233e+07
7.523224804249377549e+07
7.523163299582135677e+07
7.523101820478710532e+07
7.523040368245235085e+07
7.522978944193819165e+07
7.522917549640414119e+07
7.522856185898718238e+07
7.522794854277625680e+07
7.522733556081090868e+07
7.522672292610898614e+07
7.522611065171307325e+07
7.522549875069233775e+07
7.522488723610079288e+07
7.522427612094828486e+07
7.522366541819587350e+07
7.522305514077273011e+07
7.522244530160981417e+07
7.522183591364932060e+07
7.522122698981803656e+07
7.522061854300084710e+07
7.522001058603295684e+07
7.521940313171079755e+07
7.521879619281618297e+07
7.521818978212708235e+07
7.521758391240145266e+07
7.521697859635561705e+07
7.521637386303260922e+07
7.521576969227087498e+07
7.521516611307585239e+07
7.521456313803049922e+07
7.521396078080502152e+07
7.521335905168253183e+07
7.521275796424862742e+07
7.521215753092423081e+07
7.521155776409819722e+07
7.521095867613533139e+07
7.521036027936978638e+07
7.520976258609245718e+07
7.520916635068744421e+07
7.520857009854784608e+07
7.520797458633428812e+07
7.520737982616299391e+07
7.520678585205283761e+07
7.520619263222464919e+07
7.520560020420858264e+07
7.520500857283346355e+07
7.520441775357678533e+07
7.520382775830005109e+07
