1.229513951625600606e+08
1.165865903470855355e+08
1.112313530359073281e+08
1.067515484946765453e+08
1.030459097881531566e+08
1.000389057021743357e+08
9.762096995266705751e+07
9.565350743075582385e+07
9.399639976459208131e+07
9.253787579091989994e+07
9.121057820338499546e+07
8.998999677661508322e+07
8.888069166247829795e+07
8.789562182370452583e+07
8.703619823734255135e+07
8.628370071996197104e+07
8.560553274325489998e+07
8.496843628039644659e+07
8.434890582456737757e+07
8.373742258659273386e+07
8.313748294545730948e+07
8.256116231978388131e+07
8.202302119377505779e+07
8.153435224469403923e+07
8.109958518736514449e+07
8.071585592223919928e+07
8.037548175635212660e+07
8.006996419926986098e+07
7.979355613294309378e+07
7.954481559923818707e+07
7.932563379448415339e+07
7.913845183858418465e+07
7.898316932210280001e+07
7.885531704045730829e+07
7.874635616976188123e+07
7.864590609662324190e+07
7.854474840721245110e+07
7.843716130045008659e+07
7.832159082457953691e+07
7.819961358013369143e+07
7.807399045792585611e+07
7.794692994365853071e+07
7.781936956121617556e+07
7.769139291896891594e+07
7.756325232686790824e+07
7.743618100781756639e+07
7.731244054081720114e+07
7.719457486292870343e+07
7.708434473406040668e+07
7.698201112458300591e+07
7.688636506739084423e+07
7.679544230906164646e+07
7.670754386965128779e+07
7.662184514650768042e+07
7.653842773784443736e+07
7.645780569079723954e+07
7.638035667052945495e+07
7.630606508581721783e+07
7.623467451977014542e+07
7.616607160645066202e+07
7.610056852110661566e+07
7.603883764479503036e+07
7.598157055732642114e+07
7.592909594054992497e+07
7.588121224227581918e+07
7.583732332725545764e+07
7.579674912389934063e+07
7.575898460846008360e+07
7.572375424289441109e+07
7.569088199397562444e+07
7.566012691596342623e+07
7.563113523437128961e+07
7.560354026498770714e+07
7.557711616533814371e+07
7.555185392658276856e+07
7.552790012218441069e+07
7.550541079933550954e+07
7.548442991987837851e+07
7.546487270245878398e+07
7.544659849225628376e+07
7.542949849598774314e+07
7.541352311466149986e+07
7.539864144246292114e+07
7.538478345248058438e+07
7.537182400532130897e+07
7.535962335599827766e+07
7.534808698638167977e+07
7.533719371193771064e+07
7.532697247239221632e+07
7.531745250026170909e+07
7.530862916197079420e+07
7.530046721259215474e+07
7.529292784363242984e+07
7.528598819141905010e+07
7.527963534927353263e+07
7.527384415650299191e+07
7.526856286811047792e+07
7.526372118637323380e+07
7.525925314857897162e+07
7.525511479640533030e+07
7.525128366205847263e+07
7.524774475955212116e+07
7.524447836592869461e+07
7.524145983225905895e+07
7.523866814704956114e+07
7.523609200417597592e+07
7.523372639634048939e+07
7.523156330474331975e+07
7.522958574296861887e+07
7.522777035163438320e+07
7.522609516723987460e+07
7.522454499679777026e+07
7.522311041310860217e+07
7.522178309781990945e+07
7.522055310507324338e+07
7.521941046589986980e+07
7.521834852686598897e+07
7.521736487314832211e+07
7.521645867235311866e+07
7.521562709821328521e+07
7.521486414001631737e+07
7.521416236231654882e+07
7.521351530955287814e+07
7.521291815479284525e+07
7.521236650312128663e+07
7.521185520839841664e+07
7.521137869654676318e+07
7.521093237574341893e+07
7.521051352426467836e+07
7.521012074401846528e+07
7.520975264553299546e+07
7.520940709645619988e+07
7.520908155880852044e+07
7.520877384162679315e+07
7.520848233005070686e+07
7.520820553649263084e+07
7.520794162688702345e+07
7.520768852021813393e+07
7.520744443791067600e+07
7.520720828765618801e+07
7.520697951318289340e+07
7.520675764885333180e+07
7.520654206991344690e+07
7.520633211198881269e+07
7.520612729277752340e+07
7.520592731249415874e+07
7.520573183289444447e+07
7.520554030776590109e+07
7.520535205605202913e+07
7.520516647763673961e+07
7.520498317244371772e+07
7.520480186976440251e+07
7.520462229621750116e+07
7.520444414614547789e+07
7.520426732486911118e+07
7.520409135549680889e+07
7.520391631570670009e+07
7.520374293387471139e+07
7.520356931800672412e+07
7.520339609705968201e+07
7.520322309771850705e+07
7.520305020332399011e+07
7.520287731286257505e+07
7.520270431316891313e+07
7.520253132386419177e+07
7.520235783397853374e+07
7.520218405222894251e+07
7.520200997268071771e+07
7.520183556815926731e+07
7.520166079297852516e+07
7.520148560600690544e+07
7.520130998090934753e+07
7.520113389412444830e+07
7.520095731144781411e+07
7.520078019277672470e+07
7.520060250859954953e+07
7.520042424740551412e+07
7.520024540652468801e+07
7.520006597936028242e+07
7.519988595343735814e+07
7.519970531767387688e+07
7.519952406652624905e+07
7.519934219545681775e+07
7.519915969481927156e+07
7.519897655071544647e+07
7.519879275154019892e+07
7.519860829202239215e+07
7.519842317085647583e+07
7.519823738632485271e+07
7.519805093559187651e+07
7.519786381730759144e+07
7.519767603281798959e+07
7.519748758390748501e+07
7.519729847001059353e+07
7.519710868829990923e+07
7.519691823606160283e+07
7.519672711214025319e+07
7.519653531609693170e+07
7.519634284689691663e+07
7.519614970373070240e+07
7.519595588475356996e+07
7.519576139113602042e+07
7.519556622353734076e+07
7.519537038167485595e+07
7.519517386446511745e+07
7.519497667086723447e+07
7.519477880020469427e+07
7.519458025173521042e+07
7.519438102432182431e+07
7.519418111676813662e+07
7.519398052834852040e+07
7.519377925881817937e+07
7.519357730794541538e+07
7.519337467519977689e+07
7.519317135989369452e+07
7.519296736142788827e+07
7.519276267924815416e+07
7.519255731262609363e+07
7.519235126063041389e+07
7.519214452234964073e+07
7.519193709706987441e+07
7.519172898420670629e+07
7.519152018313758075e+07
7.519131069316792488e+07
7.519110051362456381e+07
7.519088964389297366e+07
7.519067808333429694e+07
7.519046583121126890e+07
7.519025288673265278e+07
7.519003924915134907e+07
7.518982491779129207e+07
7.518960989199534059e+07
7.518939417109070718e+07
7.518917775441694260e+07
7.518896064135944843e+07
7.518874283133083582e+07
7.518852432372905314e+07
7.518830511793319881e+07
7.518808521333917975e+07
7.518786460938374698e+07
7.518764330553296208e+07
7.518742130126485229e+07
7.518719859607732296e+07
7.518697518950751424e+07
7.518675108113306761e+07
7.518652627055636048e+07
7.518630075739704072e+07
7.518607454130262136e+07
7.518584762195959687e+07
7.518561999909006059e+07
7.518539167244313657e+07
7.518516264179563522e+07
7.518493290696108341e+07
7.518470246779361367e+07
7.518447132418413460e+07
7.518423947605800629e+07
7.518400692337983847e+07
7.518377366615948081e+07
7.518353970445178449e+07
7.518330503835341334e+07
7.518306966800296307e+07
7.518283359358540177e+07
7.518259681533522904e+07
7.518235933353677392e+07
7.518212114852446318e+07
7.518188226068605483e+07
7.518164267046579719e+07
7.518140237836477160e+07
7.518116138493935764e+07
7.518091969080114365e+07
7.518067729661855102e+07
7.518043420311848819e+07
7.518019041108712554e+07
7.517994592137111723e+07
7.517970073487994075e+07
7.517945485258840024e+07
7.517920827553758025e+07
7.517896100483515859e+07
7.517871304165624082e+07
7.517846438724498451e+07
7.517821504291643202e+07
7.517796501005794108e+07
7.517771429013124108e+07
7.517746288467460871e+07
7.517721079530519247e+07
7.517695802372014523e+07
7.517670457169771194e+07
7.517645044109818339e+07
7.517619563386540115e+07
7.517594015202817321e+07
7.517568399770165980e+07
7.517542717308917642e+07
7.517516968048393726e+07
7.517491152227085829e+07
7.517465270092785358e+07
7.517439321902701259e+07
7.517413307923604548e+07
7.517387228431972861e+07
7.517361083714163303e+07
7.517334874066562951e+07
