6.783967830410901308e+08
6.294499945304114819e+08
5.826203456292675734e+08
5.380032830555574894e+08
4.956913781527940035e+08
4.557728913752357960e+08
4.183221459489157200e+08
3.847951985028242469e+08
3.540278596090351343e+08
3.254639345286906958e+08
2.991031927379672527e+08
2.749312858710691929e+08
2.529182904994462430e+08
2.330181289064469934e+08
2.151681967855335772e+08
1.992892447341690063e+08
1.852859752614275217e+08
1.730483488306722939e+08
1.624534687310318351e+08
1.533678625336317122e+08
1.456500696911988556e+08
1.391534704242646694e+08
1.337292527688367069e+08
1.292294344096250683e+08
1.255098043612824827e+08
1.224327124636844397e+08
1.198695732669723034e+08
1.177030035486680269e+08
1.158285044092965722e+08
1.141556532550406456e+08
1.125926483802268058e+08
1.110333520779606402e+08
1.094324919125096500e+08
1.077632577867722213e+08
1.060152400167136937e+08
1.041919102682918757e+08
1.023078217002519965e+08
1.003856949710388184e+08
9.845354530414789915e+07
9.654197784409970045e+07
9.468176152158612013e+07
9.290175947427758574e+07
9.122726850680594146e+07
8.967879774261617661e+07
8.827128989467507601e+07
8.701376843812611699e+07
8.590937524274352193e+07
8.495574760388034582e+07
8.414567052325755358e+07
8.346793596629539132e+07
8.290833159713080525e+07
8.245068664259271324e+07
8.207790558970707655e+07
8.177292998902355134e+07
8.151957542033222318e+07
8.130321189537921548e+07
8.111126255396609008e+07
8.093351286740219593e+07
8.076078770573629439e+07
8.058849550146809220e+07
8.041428453291642666e+07
8.023735182979594171e+07
8.005841512132938206e+07
7.987930519692772627e+07
7.970255370835731924e+07
7.953100647002081573e+07
7.936748071381163597e+07
7.921448618755698204e+07
7.907401742802305520e+07
7.894742340524050593e+07
7.883528192637218535e+07
7.873749328547623754e+07
7.865340169398394227e+07
7.858181980934259295e+07
7.852115976768279076e+07
7.846958179739113152e+07
7.842513977868068218e+07
7.838591839987236261e+07
7.835014871323388815e+07
7.831629877249832451e+07
7.828313288155306876e+07
7.824974157609879971e+07
7.821554264966180921e+07
7.818025853710052371e+07
7.814387414669781923e+07
7.810658200039327145e+07
7.806872076628412306e+07
7.803071300986960530e+07
7.799300959436985850e+07
7.795603114473253489e+07
7.792014297291500866e+07
7.788561997370980680e+07
7.785263530812507868e+07
7.782125839953550696e+07
7.779146277629923820e+07
7.776314160141611099e+07
7.773612582700017095e+07
7.771021737275272608e+07
7.768519684801873565e+07
7.766084073109182715e+07
7.763696308872894943e+07
7.761340657164397836e+07
7.759005532278288901e+07
7.756683728970855474e+07
7.754372225337158144e+07
7.752071634544289112e+07
7.749785425397074223e+07
7.747519009495666623e+07
7.745278771398931742e+07
7.743071236017414927e+07
7.740902291486720741e+07
7.738776649145102501e+07
7.736697487875942886e+07
7.734666361811412871e+07
7.732683045153135061e+07
7.730745968085861206e+07
7.728852417353323102e+07
7.726998852381789684e+07
7.725181376010039449e+07
7.723395969539330900e+07
7.721638949079734087e+07
7.719907074665731192e+07
7.718197730903907120e+07
7.716508997591191530e+07
7.714839552803775668e+07
7.713188715088392794e+07
7.711556256602701545e+07
7.709942199116863310e+07
7.708346781296412647e+07
7.706770244840887189e+07
7.705212730867335200e+07
7.703674214044633508e+07
7.702154452814483643e+07
7.700652959562127292e+07
7.699169053573235869e+07
7.697701874493661523e+07
7.696250458241496980e+07
7.694813777494262159e+07
7.693390831886249781e+07
7.691980666099789739e+07
7.690582439762228727e+07
7.689195460544811189e+07
7.687819140954971313e+07
7.686453004380327463e+07
7.685096783078214526e+07
7.683750206582897902e+07
7.682413146076765656e+07
7.681085497618262470e+07
7.679767156178519130e+07
7.678458100091859698e+07
7.677158117509770393e+07
7.675867100389382243e+07
7.674584905982804298e+07
7.673311327087488770e+07
7.672046087251882255e+07
7.670789040904232860e+07
7.669540030415913463e+07
7.668298761198092997e+07
7.667065107286888361e+07
7.665838968306863308e+07
7.664620087451571226e+07
7.663408437573385239e+07
7.662203943141557276e+07
7.661006563180591166e+07
7.659816226403072476e+07
7.658632915801244974e+07
7.657456603872786462e+07
7.656287263654926419e+07
7.655124865919563174e+07
7.653969377623751760e+07
7.652820761549915373e+07
7.651678976940321922e+07
7.650543981614613533e+07
7.649415730619578063e+07
7.648294182726487517e+07
7.647179298952928185e+07
7.646071044621212780e+07
7.644969390137828887e+07
7.643874311246860027e+07
7.642785788796670735e+07
7.641703806996972859e+07
7.640628357016216218e+07
7.639559429218806326e+07
7.638497016680532694e+07
7.637441113177317381e+07
7.636391712503528595e+07
7.635348808026722074e+07
7.634312392481356859e+07
7.633282457973694801e+07
7.632258996148045361e+07
7.631241998452882469e+07
7.630231456443487108e+07
7.629227362064495683e+07
7.628229707868660986e+07
7.627238487144701183e+07
7.626253693944233656e+07
7.625275323013636470e+07
7.624303369648727775e+07
7.623337829498089850e+07
7.622378698343789577e+07
7.621425971886935830e+07
7.620479645560719073e+07
7.619539719117370248e+07
7.618606177609759569e+07
7.617679019738999009e+07
7.616758238925124705e+07
7.615843828074438870e+07
7.614935779632753134e+07
7.614034085644875467e+07
7.613138737808680534e+07
7.612249727515189350e+07
7.611367050594319403e+07
7.610490688409397006e+07
7.609620636212377250e+07
7.608756884188179672e+07
7.607899422149175406e+07
7.607048239493834972e+07
7.606203325663454831e+07
7.605364668131427467e+07
7.604532255355447531e+07
7.603706074785402417e+07
7.602886113360014558e+07
7.602072357515852153e+07
7.601264793201872706e+07
7.600463405896654725e+07
7.599668180625650287e+07
7.598879101976352930e+07
7.598096154110080004e+07
7.597319320769801736e+07
7.596548585284282267e+07
7.595783930569303036e+07
7.595025339127124846e+07
7.594272793045461178e+07
7.593526273997101188e+07
7.592785763241125643e+07
7.592051241626226902e+07
7.591322689596310258e+07
7.590600087198191881e+07
7.589883414090946317e+07
7.589172649556270242e+07
7.588467772509227693e+07
7.587768761508770287e+07
7.587075594767558575e+07
7.586388250160817802e+07
7.585706705234116316e+07
7.585030937210167944e+07
7.584360922994810343e+07
7.583696644145226479e+07
7.583038067012880743e+07
7.582385172560805082e+07
7.581737936481548846e+07
7.581096334178692102e+07
7.580460340773350000e+07
7.579829931111094356e+07
7.579205079769173265e+07
7.578585761063911021e+07
7.577971949058160186e+07
7.577363617568667233e+07
7.576760740102951229e+07
7.576163290165092051e+07
7.575571240789677203e+07
7.574984564878900349e+07
7.574403235122947395e+07
7.573827224006366730e+07
7.573256503814414144e+07
7.572691046639445424e+07
7.572130824530535936e+07
7.571575808943420649e+07
7.571025971558681130e+07
7.570481283761343360e+07
7.569941716775900126e+07
7.569407241672730446e+07
7.568877829374435544e+07
7.568353450662031770e+07
7.567834076181045175e+07
7.567319676447443664e+07
7.566810221853464842e+07
7.566305682673314214e+07
7.565806030095946789e+07
7.565311232132235169e+07
7.564821263194885850e+07
7.564336086255152524e+07
7.563855679438184202e+07
7.563380003017078340e+07
7.562909032194744051e+07
7.562442739448750019e+07
7.561981082695583999e+07
7.561524040734831989e+07
7.561071580980563164e+07
7.560623672712115943e+07
7.560180285159641504e+07
7.559741387508982420e+07
7.559306948906512558e+07
7.558876938463905454e+07
7.558451325262854993e+07
7.558030078359715641e+07
7.557613166790118814e+07
7.557200559573501348e+07
7.556792225717602670e+07
7.556388134222885966e+07
