9.397722198064410686e+08
8.734841182137800455e+08
8.097239180828469992e+08
7.486065043910216093e+08
6.902359606702404022e+08
6.347036384767295122e+08
5.820876578285173178e+08
5.324520203678711057e+08
4.858442454616075754e+08
4.423594376455971003e+08
4.026745329776607156e+08
3.658270522545735836e+08
3.317898563009041548e+08
3.005399156192004681e+08
2.719897052514775395e+08
2.460781683646715581e+08
2.227332388771401644e+08
2.018708233146561384e+08
1.833939256551274359e+08
1.671920897304391265e+08
1.531412470237461627e+08
1.411042543436965942e+08
1.309322738785305619e+08
1.224665593926691115e+08
1.155410298539346904e+08
1.099850058394571096e+08
1.056262444604262263e+08
1.022927449088388532e+08
9.981598849540054798e+07
9.803713844840270281e+07
9.680763992612558603e+07
9.599143939698442817e+07
9.546676497279137373e+07
9.512740334409365058e+07
9.486822874337252975e+07
9.461436576420968771e+07
9.430991246155755222e+07
9.391535616193670034e+07
9.340611247629781067e+07
9.277090962933585048e+07
9.200984844213180244e+07
9.113234005396729708e+07
9.015499691495546699e+07
8.909956251287160814e+07
8.799095391453313828e+07
8.685547694948771596e+07
8.571926036075747013e+07
8.462946403783242404e+07
8.367715109598317742e+07
8.276947912061956525e+07
8.192181327870826423e+07
8.114599200457753241e+07
8.045020760661274195e+07
7.983907321607048810e+07
7.931384682775484025e+07
7.887278038196390867e+07
7.851156004093049467e+07
7.822380735846418142e+07
7.800161041349044442e+07
7.783603749795989692e+07
7.771766367174139619e+07
7.763701404164852202e+07
7.758496548392942548e+07
7.755307578326852620e+07
7.753383251086488366e+07
7.752082676611727476e+07
7.750884974165016413e+07
7.749391986944654584e+07
7.747324857600325346e+07
7.744515507020108402e+07
7.740894155014073849e+07
7.736474065343761444e+07
7.731334667054444551e+07
7.725604134020918608e+07
7.719442407359381020e+07
7.713025259924501181e+07
7.706530517568087578e+07
7.700126225113467872e+07
7.693961506165622175e+07
7.688160047017475963e+07
7.682816179423505068e+07
7.677992993584522605e+07
7.673723329205313325e+07
7.670011651383574307e+07
7.666837733564952016e+07
7.664161172714692354e+07
7.661926374382111430e+07
7.660067743043267727e+07
7.658514615198487043e+07
7.657195812164053321e+07
7.656043508125624061e+07
7.654996328192284703e+07
7.654001590412253141e+07
7.653016704262509942e+07
7.652009755115059018e+07
7.650959379031130672e+07
7.649854029832106829e+07
7.648690787776601315e+07
7.647473849286636710e+07
7.646212840793795884e+07
7.644921088042318821e+07
7.643613954827944934e+07
7.642307343284282088e+07
7.641016423469576240e+07
7.639754635044887662e+07
7.638532979930870235e+07
7.637359603342367709e+07
7.636239642539930344e+07
7.635175308653786778e+07
7.634166157323756814e+07
7.633209501179730892e+07
7.632300899144046009e+07
7.631434706051312387e+07
7.630604604066403210e+07
7.629804096734705567e+07
7.629026938766986132e+07
7.628267478988397121e+07
7.627520907749558985e+07
7.626783407147720456e+07
7.626051590678179264e+07
7.625322914248026907e+07
7.624596525585007668e+07
7.623872437668517232e+07
7.623151344452443719e+07
7.622434420782174170e+07
7.621723123345522583e+07
7.621019006713274121e+07
7.620323565173310041e+07
7.619638108047959208e+07
7.618963671048982441e+07
7.618300957863293588e+07
7.617650335288923979e+07
7.617011835976594687e+07
7.616385197094124556e+07
7.615769913484328985e+07
7.615165300918406248e+07
7.614570562884928286e+07
7.613984855183815956e+07
7.613407343631598353e+07
7.612837251725378633e+07
7.612273896014341712e+07
7.611716708642098308e+07
7.611165247372736037e+07
7.610619194415387511e+07
7.610078346009644866e+07
7.609542595135220885e+07
7.609011909860098362e+07
7.608486309770524502e+07
7.607965842674115300e+07
7.607450563382899761e+07
7.606940515917733312e+07
7.606435719979101419e+07
7.605936162046197057e+07
7.605441791032886505e+07
7.604952518072509766e+07
7.604468219739757478e+07
7.603988743853455782e+07
7.603513916936516762e+07
7.603043552428224683e+07
7.602577458834064007e+07
7.602115447922080755e+07
7.601657337781307101e+07
7.601202962142363191e+07
7.600752170222690701e+07
7.600304828830575943e+07
7.599860822216016054e+07
7.599420050710505247e+07
7.598982428477035463e+07
7.598547880713053048e+07
7.598116340637752414e+07
7.597687746557354927e+07
7.597262039245310426e+07
7.596839159806737304e+07
7.596419048125481606e+07
7.596001641924452782e+07
7.595586876410992444e+07
7.595174684682440758e+07
7.594764997283700109e+07
7.594357744545516372e+07
7.593952856569932401e+07
7.593550264498072863e+07
7.593149902177809179e+07
7.592751704072573781e+07
7.592355610189290345e+07
7.591961563560016453e+07
7.591569511109289527e+07
7.591179403594860435e+07
7.590791195379795134e+07
7.590404844081056118e+07
7.590020310143424571e+07
7.589637556386114657e+07
7.589256547563968599e+07
7.588877249976679683e+07
7.588499631149387360e+07
7.588123659597405791e+07
7.587749304677990079e+07
7.587376536523389816e+07
7.587005326042990386e+07
7.586635644977986813e+07
7.586267465990017354e+07
7.585900762765319645e+07
7.585535510117669404e+07
7.585171685510361195e+07
7.584809263365761936e+07
7.584448223758569360e+07
7.584088545090948045e+07
7.583730211640039086e+07
7.583373204337583482e+07
7.583017506796188653e+07
7.582663103701160848e+07
7.582309980719684064e+07
7.581958124411398172e+07
7.581607520127367973e+07
7.581258159998872876e+07
7.580910030805048347e+07
7.580563121963523328e+07
7.580217423490768671e+07
7.579872922056920826e+07
7.579529616660276055e+07
7.579187495089851320e+07
7.578846549603262544e+07
7.578506773001302779e+07
7.578168152363443375e+07
7.577830694075836241e+07
7.577494386249433458e+07
7.577159211821293831e+07
7.576825190016272664e+07
7.576492304676640034e+07
7.576160526844933629e+07
7.575829903450888395e+07
7.575500390245509148e+07
7.575172016668418050e+07
7.574844764292383194e+07
7.574518631041331589e+07
7.574193615113794804e+07
7.573869714965888858e+07
7.573546907381823659e+07
7.573225235149267316e+07
7.572904675475145876e+07
7.572585227715164423e+07
7.572266891423395276e+07
7.571949627031990886e+07
7.571633513413985074e+07
7.571318510750745237e+07
7.571004619564725459e+07
7.570691840253035724e+07
7.570380107548820972e+07
7.570069553814813495e+07
7.569760113933989406e+07
7.569451788787260652e+07
7.569144579350799322e+07
7.568838486686542630e+07
7.568533511933290958e+07
7.568229656298469007e+07
7.567926921050511301e+07
7.567625307511830330e+07
7.567324817052337527e+07
7.567025451083403826e+07
7.566727211052195728e+07
7.566430098436319828e+07
7.566134114738690853e+07
7.565839261482590437e+07
7.565545540206897259e+07
7.565252952461427450e+07
7.564961499802450836e+07
7.564671183788323402e+07
7.564382005975311995e+07
7.564093967913588881e+07
7.563807071143445373e+07
7.563521317191705108e+07
7.563236707568380237e+07
7.562953243763557076e+07
7.562670927244482934e+07
7.562389757833948731e+07
7.562109740168508887e+07
7.561830874026601017e+07
7.561553160759288073e+07
7.561276601683138311e+07
7.561001198078349233e+07
7.560726951186969876e+07
7.560453862211212516e+07
7.560181932311876118e+07
7.559911162606844306e+07
7.559641554169660807e+07
7.559373108028204739e+07
7.559105825163444877e+07
7.558839706508277357e+07
7.558574752946454287e+07
7.558310965311595798e+07
7.558048344386288524e+07
7.557786890901270509e+07
7.557526605534696579e+07
7.557267488911470771e+07
7.557009541602653265e+07
7.556752764124947786e+07
7.556497156940224767e+07
7.556242720455129445e+07
7.555989455020716786e+07
7.555737360932156444e+07
7.555486438428473473e+07
