6.767382732891793251e+08
6.323584023445097208e+08
5.992447073581906557e+08
5.679957102111095190e+08
5.386492989880136251e+08
5.111939421037560701e+08
4.855514097807697654e+08
4.615729309581136703e+08
4.390649965816043615e+08
4.178406936482806206e+08
3.977609652839470506e+08
3.787425783226939440e+08
3.607434268352236748e+08
3.437439341711654663e+08
3.277329422537942529e+08
3.125806829418069124e+08
2.982189135487444401e+08
2.846199645807469487e+08
2.717612185035271645e+08
2.596225120418203473e+08
2.481846002332632542e+08
2.375697231302975118e+08
2.280391369501199424e+08
2.190621394148716331e+08
2.106460677979495525e+08
2.027646542480049133e+08
1.953933093737022877e+08
1.885093826156103015e+08
1.820922777605677843e+08
1.761233808063931465e+08
1.705858241082417071e+08
1.654640945215269923e+08
1.607435231066800952e+08
1.564097274490558803e+08
1.524480492103260756e+08
1.488430510454001725e+08
1.455781377078285515e+08
1.426353213091111183e+08
1.399951693086534142e+08
1.376369256041972041e+08
1.355387943920913935e+08
1.336783557650955021e+08
1.320330558327763230e+08
1.305807369653950185e+08
1.293001384882617593e+08
1.281709949825156033e+08
1.271733102992438078e+08
1.262921338082801402e+08
1.255134646124226153e+08
1.248251498657987863e+08
1.242167341729253381e+08
1.236792327726830840e+08
1.232048736625750810e+08
1.227868289967617542e+08
1.224189664145781547e+08
1.220956486786930561e+08
1.218115841421959698e+08
1.215588852550024539e+08
1.213326928039258718e+08
1.211288443414411694e+08
1.209434690709659755e+08
1.207730216469134539e+08
1.206143371067337096e+08
1.204646855136880726e+08
1.203218253766091913e+08
1.201840228538587838e+08
1.200500520160696954e+08
1.199191557417276800e+08
1.197909859172053337e+08
1.196655189983110726e+08
1.195429624217710793e+08
1.194236600178918242e+08
1.193080058778354824e+08
1.191963731163729131e+08
1.190890635092181414e+08
1.189862790299260914e+08
1.188881122711537778e+08
1.187945558273414075e+08
1.187055198479603827e+08
1.186208583647359908e+08
1.185403957595217228e+08
1.184639484449771345e+08
1.183913407816473246e+08
1.183224121519284248e+08
1.182570184681979716e+08
1.181950252674633563e+08
1.181362988154057264e+08
1.180806952164279222e+08
1.180280514365973175e+08
1.179781787974429876e+08
1.179308625220076442e+08
1.178858622834407389e+08
1.178429205061635226e+08
1.178017712720388472e+08
1.177621503824865520e+08
1.177238067456593812e+08
1.176865105119045079e+08
1.176500595200851560e+08
1.176142826772975922e+08
1.175790398076740503e+08
1.175442205878891498e+08
1.175097393058819324e+08
1.174755308225532472e+08
1.174415453801547885e+08
1.174077444226735234e+08
1.173740968971381932e+08
1.173405777373917103e+08
1.173071667386445850e+08
1.172738484936557114e+08
1.172406130109027028e+08
1.172074559481537044e+08
1.171743795151474327e+08
1.171413920032665879e+08
1.171085072068753988e+08
1.170757433528287709e+08
1.170431210589513481e+08
1.170106623338800520e+08
1.169784215627384186e+08
1.169463939240693003e+08
1.169145861305646300e+08
1.168830106425708830e+08
1.168516771328057796e+08
1.168205920447193384e+08
1.167897591076696068e+08
1.167591804283730835e+08
1.167288568620267510e+08
1.166987886039967984e+08
1.166689755343838185e+08
1.166394173774614036e+08
1.166101137064602077e+08
1.165810639807552993e+08
1.165522668873275518e+08
1.165237210292725414e+08
1.164954243540803492e+08
1.164673736535643488e+08
1.164395637697409093e+08
1.164119982480110526e+08
1.163846704314734042e+08
1.163575782597699016e+08
1.163307179122524858e+08
1.163040882032608390e+08
1.162776877306842208e+08
1.162515155525219738e+08
1.162255712695623338e+08
1.161998542243243158e+08
1.161743649895899445e+08
1.161491028533275872e+08
1.161240671363216043e+08
1.160992598787411153e+08
1.160746774166027158e+08
1.160503209358451366e+08
1.160261906365881264e+08
1.160022839812901020e+08
1.159786038348454982e+08
1.159551476601073146e+08
1.159319155125535429e+08
1.159089069298673719e+08
1.158861214394579083e+08
1.158635583428312242e+08
1.158412174868445843e+08
1.158190970757238269e+08
1.157971970491933227e+08
1.157755157526775599e+08
1.157540524564732611e+08
1.157328060780756623e+08
1.157117753206831217e+08
1.156909594109134823e+08
1.156703570434299111e+08
1.156499672895172536e+08
1.156297887782098055e+08
1.156098203668726683e+08
1.155900617383314520e+08
1.155705121003569365e+08
1.155511669987706244e+08
1.155320284034488946e+08
1.155130980830312073e+08
1.154943775743558407e+08
1.154758485281157494e+08
1.154575193697136790e+08
1.154393915603652596e+08
1.154214603681937754e+08
1.154037265544753671e+08
1.153861887332726121e+08
1.153688462785465419e+08
1.153516964998501539e+08
1.153347389888115823e+08
1.153179724832532108e+08
1.153013957460037023e+08
1.152850074090329856e+08
1.152688063969761133e+08
1.152527910263819098e+08
1.152369601645523310e+08
1.152213126076185554e+08
1.152058467726705968e+08
1.151905614421356320e+08
1.151754552726671398e+08
1.151605268944017142e+08
1.151457749494839609e+08
1.151311980667535961e+08
1.151167948689346611e+08
1.151025640091148019e+08
1.150885040288862139e+08
1.150746135741005838e+08
1.150608912520064861e+08
1.150473356678646654e+08
1.150339454253724813e+08
1.150207191269496828e+08
1.150076553739469796e+08
1.149947527668424845e+08
1.149820099054767191e+08
1.149694254148051590e+08
1.149569978432697803e+08
1.149447258164794892e+08
1.149326079379816055e+08
1.149206428043731153e+08
1.149088290221654773e+08
1.148971651969577074e+08
1.148856499364616275e+08
1.148742818506815583e+08
1.148630595520735979e+08
1.148519816557069868e+08
1.148410467794450521e+08
1.148302535599203706e+08
1.148196005895953774e+08
1.148090865119270086e+08
1.147987099582706392e+08
1.147884695639953017e+08
1.147783639687282741e+08
1.147683918165823370e+08
1.147585517959516048e+08
1.147488424810239971e+08
1.147392625705186725e+08
1.147298107369094789e+08
1.147204857935733795e+08
1.147112861015600711e+08
1.147022105038542002e+08
1.146932576875729114e+08
1.146844263460605741e+08
1.146757151790557206e+08
1.146671228928434700e+08
1.146586482003942579e+08
1.146502898214904070e+08
1.146420464828439653e+08
1.146339169182085693e+08
1.146258998684885204e+08
1.146179940818460882e+08
1.146101983138077110e+08
1.146025113273688853e+08
1.145949318930962384e+08
1.145874587892265916e+08
1.145800908017611057e+08
1.145728267245556116e+08
1.145656654203444719e+08
1.145586055767031908e+08
1.145516460728495568e+08
1.145447857348807752e+08
1.145380234054610133e+08
1.145313579105776399e+08
1.145247881665664017e+08
1.145183129189098030e+08
1.145119310927127302e+08
1.145056410919106901e+08
1.144994427459065765e+08
1.144933344769777209e+08
1.144873152338383943e+08
1.144813838351520896e+08
1.144755394198029637e+08
1.144697806058371067e+08
1.144641064340980351e+08
1.144585158861410320e+08
1.144530080146617591e+08
1.144475818684706539e+08
1.144422359576355070e+08
1.144369695452710688e+08
1.144317816223432422e+08
1.144266711887515634e+08
1.144216372533359677e+08
1.144166788338812441e+08
1.144117949571192414e+08
1.144069846587288678e+08
1.144022469833336920e+08
1.143975809844972789e+08
1.143929857247162163e+08
1.143884602754106373e+08
1.143840037169126570e+08
1.143796151384523809e+08
1.143752936381421685e+08
1.143710383229584694e+08
1.143668483087222427e+08
1.143627227200775445e+08
1.143586606904683411e+08
1.143546613621137440e+08
1.143507238859820515e+08
1.143468474217628390e+08
1.143430319619932026e+08
1.143392768374155313e+08
1.143355801149436980e+08
1.143319409863406718e+08
1.143283586519626081e+08
1.143248323215297759e+08
