1.443398986522866786e+08
1.295118762821094841e+08
1.196052362849677503e+08
1.123961233700276762e+08
1.075297151634562165e+08
1.044549220206039250e+08
1.026445581690343618e+08
1.016672236137050241e+08
1.011476140858979821e+08
1.007609654218403101e+08
1.002580289691252112e+08
9.948636640577612817e+07
9.839216943820960820e+07
9.700379378992055357e+07
9.540555656712909043e+07
9.368215555294947326e+07
9.195888527115002275e+07
9.036795806078755856e+07
8.900340006693121791e+07
8.790841287809322774e+07
8.707373339020565152e+07
8.644648179290401936e+07
8.594723300352671742e+07
8.549105497622846067e+07
8.500715367160016298e+07
8.445243819940358400e+07
8.381653182330545783e+07
8.311845651924592257e+07
8.239979190118950605e+07
8.170432960022459924e+07
8.107385989604058862e+07
8.053704171756333113e+07
8.010416501820610464e+07
7.976710109560009837e+07
7.950365408533495665e+07
7.928481959357002378e+07
7.908280126960387826e+07
7.887761064628638327e+07
7.866066157414400578e+07
7.843479167702543736e+07
7.821120183062587678e+07
7.800458000389336050e+07
7.782798708781954646e+07
7.768893214070984721e+07
7.758756145898202062e+07
7.751719943873314559e+07
7.746679474906134605e+07
7.742432801217317581e+07
7.738006016756546497e+07
7.732867838367530704e+07
7.726984608117695153e+07
7.720721116770631075e+07
7.714638999782332778e+07
7.709268246049799025e+07
7.704926925991351902e+07
7.701631470148211718e+07
7.699127155177088082e+07
7.696992371630334854e+07
7.694789462288102508e+07
7.692197016492858529e+07
7.689087358211530745e+07
7.685530512860698998e+07
7.681731023324283957e+07
7.677938998933215439e+07
7.674358105331182480e+07
7.671081563351699710e+07
7.668078801723276079e+07
7.665235168340758979e+07
7.662391261672078073e+07
7.659416917782989144e+07
7.656256290871915221e+07
7.652934954746036232e+07
7.649539997983480990e+07
7.646181354270954430e+07
7.642951005807086825e+07
7.639895101855058968e+07
7.637006990717062354e+07
7.634240444815580547e+07
7.631535004443478584e+07
7.628842208118771017e+07
7.626142783527109027e+07
7.623449807135815918e+07
7.620798944275337458e+07
7.618231378570663929e+07
7.615777241963578761e+07
7.613445785692994297e+07
7.611224944428360462e+07
7.609089093517553806e+07
7.607010615113396943e+07
7.604970226627823710e+07
7.602962207405781746e+07
7.600993329460069537e+07
7.599076953259193897e+07
7.597225486247518659e+07
7.595444476254686713e+07
7.593730510054573417e+07
7.592073162199695408e+07
7.590459536274209619e+07
7.588879184353271127e+07
7.587327203713268042e+07
7.585804661865672469e+07
7.584316547113195062e+07
7.582868478894342482e+07
7.581463797284662724e+07
7.580102151568926871e+07
7.578779963407334685e+07
7.577492204897725582e+07
7.576234546150511503e+07
7.575004847983384132e+07
7.573803476800954342e+07
7.572632489818438888e+07
7.571494234130167961e+07
7.570390042036792636e+07
7.569319612459672987e+07
7.568281208027914166e+07
7.567272454436182976e+07
7.566291283381074667e+07
7.565336573538525403e+07
7.564408251037116349e+07
7.563506868361562490e+07
7.562632988101705909e+07
7.561786729752276838e+07
7.560967533061146736e+07
7.560174358244390786e+07
7.559405643421547115e+07
7.558660178863579035e+07
7.557937268327562511e+07
7.557236615414924920e+07
7.556558099045783281e+07
7.555901564516350627e+07
7.555266601957529783e+07
7.554652465728947520e+07
7.554058235798969865e+07
7.553483129135976732e+07
7.552926332193371654e+07
7.552387365285363793e+07
7.551865861105173826e+07
7.551361564978221059e+07
7.550874117292538285e+07
7.550403035415291786e+07
7.549947762517601252e+07
7.549507696615295112e+07
7.549082273638854921e+07
7.548671019217912853e+07
7.548273604439140856e+07
7.547889656501272321e+07
7.547518944407963753e+07
7.547161063755492866e+07
7.546815598258018494e+07
7.546482116520023346e+07
7.546160193485224247e+07
7.545849449302773178e+07
7.545549547775018215e+07
7.545260193726158142e+07
7.544981106974217296e+07
7.544711975015164912e+07
7.544452434851801395e+07
7.544202226003241539e+07
7.543960980149193108e+07
7.543728353759028018e+07
7.543504130053490400e+07
7.543287995576353371e+07
7.543079697904413939e+07
7.542879023805366457e+07
7.542685648653347790e+07
7.542499375571152568e+07
7.542319913605397940e+07
7.542147017942124605e+07
7.541980459300974011e+07
7.541820021516600251e+07
7.541665496146938205e+07
7.541516677460622787e+07
7.541373353062587976e+07
7.541235334518858790e+07
7.541102416977137327e+07
7.540974411480471492e+07
7.540851104933863878e+07
7.540732394116954505e+07
7.540618083215980232e+07
7.540508004824012518e+07
7.540402003092321754e+07
7.540299920514176786e+07
7.540201610506325960e+07
7.540106926724323630e+07
7.540015731341448426e+07
7.539927892264859378e+07
7.539843280631506443e+07
7.539761774483636022e+07
7.539683251309303939e+07
7.539607593173240125e+07
7.539534706394386292e+07
7.539464441392987967e+07
7.539396713659477234e+07
7.539331422578854859e+07
7.539268470945453644e+07
7.539207764494845271e+07
7.539149211808273196e+07
7.539092724523925781e+07
7.539038217622369528e+07
7.538985609551021457e+07
7.538934822088089585e+07
7.538885780017337203e+07
7.538838410784637928e+07
7.538792644289134443e+07
7.538748412856483459e+07
7.538705651326410472e+07
7.538664297131788731e+07
7.538624290274095535e+07
7.538585573179966211e+07
7.538548090498693287e+07
7.538511781601355970e+07
7.538476609781274199e+07
7.538442518316295743e+07
7.538409459761688113e+07
7.538377388624231517e+07
7.538346261294601858e+07
7.538316035933506489e+07
7.538286672350704670e+07
7.538258131914767623e+07
7.538230377506950498e+07
7.538203373504285514e+07
7.538177085762625933e+07
7.538151481576594710e+07
7.538126529612866044e+07
7.538102199831372499e+07
7.538078463415059447e+07
7.538055292720679939e+07
7.538032661248824000e+07
7.538010543620380759e+07
7.537988915545815229e+07
7.537967753781381249e+07
7.537947036076550186e+07
7.537926741122566164e+07
7.537906843813055754e+07
7.537887334001471102e+07
7.537868188295216858e+07
7.537849388816028833e+07
7.537830918472218513e+07
7.537812760922262073e+07
7.537794900537860394e+07
7.537777322371119261e+07
7.537760012127721310e+07
7.537742956144435704e+07
7.537726141367377341e+07
7.537709555328276753e+07
7.537693186118340492e+07
7.537677022320905328e+07
7.537661052810150385e+07
7.537645267151311040e+07
7.537629655379936099e+07
7.537614207984387875e+07
7.537598915887922049e+07
7.537583770429772139e+07
7.537568763345909119e+07
7.537553886750698090e+07
7.537539133120337129e+07
7.537524495277971029e+07
7.537509966379776597e+07
7.537495539901137352e+07
7.537481209622508287e+07
7.537466969615273178e+07
7.537452814228141308e+07
7.537438738074605167e+07
7.537424736021450162e+07
7.537410803177949786e+07
7.537396934885345399e+07
7.537383126706323028e+07
7.537369374414661527e+07
7.537355673985286057e+07
7.537342021584993601e+07
7.537328413563846052e+07
7.537314846447059512e+07
7.537301316927132010e+07
7.537287821856103837e+07
7.537274358237984776e+07
7.537260923221500218e+07
7.537247514093269408e+07
7.537234128271424770e+07
7.537220763299567997e+07
7.537207416840958595e+07
7.537194086672855914e+07
7.537180770681050420e+07
7.537167466854637861e+07
7.537154173281107843e+07
7.537140888141700625e+07
7.537127609707021713e+07
7.537114336332812905e+07
7.537101066455861926e+07
7.537087798590046167e+07
7.537074532868370414e+07
7.537061264854854345e+07
7.537047994820095599e+07
7.537034721550711989e+07
7.537021443893471360e+07
7.537008160752370954e+07
7.536994871085816622e+07
7.536981573903948069e+07
7.536968268266119063e+07
7.536954953278496861e+07
7.536941628091788292e+07
