1.675487179292704344e+09
1.118080472946166992e+01
2.319223213195800781e+01
3.511971354484558105e+01
4.714675712585449219e+01
5.879089713096618652e+01
7.046001625061035156e+01
8.231064343452453613e+01
9.432149195671081543e+01
1.061275687217712402e+02
1.180882623195648193e+02
1.298048465251922607e+02
1.416393954753875732e+02
1.536866877079010010e+02
1.656806325912475586e+02
1.775342173576354980e+02
1.894475421905517578e+02
2.014791274070739746e+02
2.133797240257263184e+02
2.254357764720916748e+02
2.375328392982482910e+02
2.493937551975250244e+02
2.613007504940032959e+02
2.732387201786041260e+02
2.851873784065246582e+02
2.968405079841613770e+02
3.086959359645843506e+02
3.204809741973876953e+02
3.322070238590240479e+02
3.434289469718933105e+02
3.542442119121551514e+02
3.650473406314849854e+02
3.758345475196838379e+02
3.865868599414825439e+02
3.972568638324737549e+02
4.079620168209075928e+02
4.186968300342559814e+02
4.294757430553436279e+02
4.402562043666839600e+02
4.509752044677734375e+02
4.616816570758819580e+02
4.724451143741607666e+02
4.831965634822845459e+02
4.938704915046691895e+02
5.045898919105529785e+02
5.153150241374969482e+02
5.258781225681304932e+02
5.364847309589385986e+02
5.472905409336090088e+02
5.576767771244049072e+02
5.680801627635955811e+02
5.785152413845062256e+02
5.889044206142425537e+02
5.992199053764343262e+02
6.096068463325500488e+02
6.199463777542114258e+02
6.303103599548339844e+02
6.406422717571258545e+02
6.509827663898468018e+02
6.613127200603485107e+02
6.717265427112579346e+02
6.821602425575256348e+02
6.925312910079956055e+02
7.028453974723815918e+02
7.132291991710662842e+02
7.235520422458648682e+02
7.338823885917663574e+02
7.441909942626953125e+02
7.545000123977661133e+02
7.648150632381439209e+02
7.751365263462066650e+02
7.854427590370178223e+02
7.957858431339263916e+02
8.060841627120971680e+02
8.163765220642089844e+02
8.266859443187713623e+02
8.369966521263122559e+02
8.473108851909637451e+02
8.576588242053985596e+02
8.679481449127197266e+02
8.782188587188720703e+02
8.885031538009643555e+02
8.988362758159637451e+02
9.091610960960388184e+02
9.195340988636016846e+02
9.298827338218688965e+02
9.404050452709197998e+02
9.513842720985412598e+02
9.617076809406280518e+02
9.720287008285522461e+02
9.823395705223083496e+02
9.927078135013580322e+02
1.003012591123580933e+03
1.013351952552795410e+03
1.023715462923049927e+03
1.034035439729690552e+03
1.044350440025329590e+03
1.054770039319992065e+03
1.065089352846145630e+03
1.075420046567916870e+03
1.085720599174499512e+03
1.096050185203552246e+03
1.106569521427154541e+03
1.116921442747116089e+03
1.127237914562225342e+03
1.137548675775527954e+03
1.147858738899230957e+03
1.158146023273468018e+03
1.168604427337646484e+03
1.178972425460815430e+03
1.190961255788803101e+03
1.201263935089111328e+03
1.211634098768234253e+03
1.222108591079711914e+03
1.232436161756515503e+03
1.242750927448272705e+03
1.254677597045898438e+03
1.265003774404525757e+03
1.275367683649063110e+03
1.285822241783142090e+03
1.296140314340591431e+03
1.306558478593826294e+03
1.316972233057022095e+03
1.327333871126174927e+03
1.337898304700851440e+03
1.348214363336563110e+03
1.358545332670211792e+03
1.368875283479690552e+03
1.379481796026229858e+03
1.389878015756607056e+03
1.400224244356155396e+03
1.410526245117187500e+03
1.420956771135330200e+03
1.431267676591873169e+03
1.441597431898117065e+03
1.451914156198501587e+03
1.462212411165237427e+03
1.472674089908599854e+03
1.483048627614974976e+03
1.493404583930969238e+03
1.503727063894271851e+03
1.514563435077667236e+03
1.524911087989807129e+03
1.535318840026855469e+03
1.545755789518356323e+03
1.556166116714477539e+03
1.566562034368515015e+03
1.576912425756454468e+03
1.587224450588226318e+03
1.597521235466003418e+03
1.608050247669219971e+03
1.618405820131301880e+03
1.628712548732757568e+03
1.638996302604675293e+03
1.649313585281372070e+03
1.659618137598037720e+03
1.670037575006484985e+03
1.680417513608932495e+03
1.690791189908981323e+03
1.701194312810897827e+03
1.711642019987106323e+03
1.721977783918380737e+03
1.732301749467849731e+03
1.742634291172027588e+03
1.753006855249404907e+03
1.763366398334503174e+03
1.773699305295944214e+03
1.784029153347015381e+03
1.794339404821395874e+03
1.804662940025329590e+03
1.815003865242004395e+03
1.825309629917144775e+03
1.835624187707901001e+03
1.846023540496826172e+03
1.856366209983825684e+03
1.866667059183120728e+03
1.876963283538818359e+03
1.887260450839996338e+03
1.897556407690048218e+03
1.907856191635131836e+03
1.918154823541641235e+03
1.928446285486221313e+03
1.938767856597900391e+03
1.949091892719268799e+03
1.959384069442749023e+03
1.969662461042404175e+03
1.979973821640014648e+03
1.990273134231567383e+03
2.000681632995605469e+03
2.011079597234725952e+03
2.021384830236434937e+03
2.031711770296096802e+03
2.042041261196136475e+03
2.052370098829269409e+03
2.062703232049942017e+03
2.073042783975601196e+03
2.083384065866470337e+03
2.093719194173812866e+03
2.104074459791183472e+03
2.114439373970031738e+03
2.124765060424804688e+03
