7.952216467762597500e+14
4.654876499355451875e+14
2.498066684901955938e+14
1.346639512703065625e+14
8.895305021727457812e+13
7.983572883783485938e+13
8.726034846206692188e+13
9.935264084031756250e+13
1.085951514808866562e+14
1.097332738091757812e+14
1.021336575875815312e+14
8.933252581702912500e+13
7.563869557265598438e+13
6.344873878360225000e+13
5.339589294748628125e+13
4.587673619461341406e+13
4.137336903765066406e+13
3.975214511337358594e+13
3.981933585612704688e+13
3.989017666791358594e+13
3.885222025137888281e+13
3.653753734020961719e+13
3.329852509791735547e+13
2.955494073774008594e+13
2.572664127595473828e+13
2.226004476215150000e+13
1.949105399750766406e+13
1.745396978903242773e+13
1.592164565358496289e+13
1.467384064350005664e+13
1.361258480493679688e+13
1.265502226306552930e+13
1.171782296171722852e+13
1.082314477546572461e+13
1.008191192248548438e+13
9.542977658288945312e+12
9.117336970797568359e+12
8.680450657243292969e+12
8.194685802667546875e+12
7.683623453930166992e+12
7.156075146958887695e+12
6.606336443400777344e+12
6.047633476422817383e+12
5.526429781992154297e+12
5.101079481233341797e+12
4.796591208175864258e+12
4.591688823994575195e+12
4.439231713903850586e+12
4.283904092825302734e+12
4.077894846874084961e+12
3.800778694425612793e+12
3.476261041782708496e+12
3.158067245460442871e+12
2.891171988304372559e+12
2.695048981418021484e+12
2.566259228928721680e+12
2.484150583656214355e+12
2.423019402061054199e+12
2.360422887994759277e+12
2.280520266588365723e+12
2.175801867805222900e+12
2.049579415135339355e+12
1.917302986646882812e+12
1.797149293262372559e+12
1.698439502986219238e+12
1.618968362587934570e+12
1.552363848857043213e+12
1.494306417979943848e+12
1.439228736450780273e+12
1.381511820638701904e+12
1.320691818813910400e+12
1.259702571531583740e+12
1.200487505137089111e+12
1.143730344857057617e+12
1.090425240006683472e+12
1.041372580643875488e+12
9.977981455810358887e+11
9.605227852286866455e+11
9.278602509388878174e+11
8.969045107724510498e+11
8.653597109587312012e+11
8.322572604974243164e+11
7.979879242466347656e+11
7.637824240166945801e+11
7.306712624733277588e+11
6.996829076580778809e+11
6.720120492908802490e+11
6.477600553529609375e+11
6.257651111046206055e+11
6.045710638734803467e+11
5.831904941736486816e+11
5.611055414212243652e+11
5.385852730568016968e+11
5.166789026195969238e+11
4.963056302533910522e+11
4.777646830371694336e+11
4.610962635997463379e+11
4.459664174998190918e+11
4.313681754922023926e+11
4.163872747696639404e+11
4.007947156343610229e+11
3.850339454030791626e+11
3.699687137781137695e+11
3.562771013636723633e+11
3.438687160913063965e+11
3.321873059971208496e+11
3.207960411004182129e+11
3.095326837435432129e+11
2.983463489921587524e+11
2.873077658725869141e+11
2.766942907108006592e+11
2.667362656383065491e+11
2.573825092227967834e+11
2.484521251587656250e+11
2.397993327077707825e+11
2.313368413445845947e+11
2.230832299539995728e+11
2.151076782402951355e+11
2.074274450125019226e+11
2.000326616376652832e+11
1.929453249530628967e+11
1.861516992215054321e+11
1.795831757313652649e+11
1.732041286922903748e+11
1.670206021802598572e+11
1.610373935888546143e+11
1.552852866532691650e+11
1.497984252596498413e+11
1.445520642839383240e+11
1.394781136338176880e+11
1.345391442788756561e+11
1.297470532023703766e+11
1.251181211042578430e+11
1.206562944071399841e+11
1.163620354920778351e+11
1.122231176393382263e+11
1.082273248951049652e+11
1.043750223746187592e+11
1.006644375839085388e+11
9.708886986145103455e+10
9.364236022401637268e+10
9.031721960662455750e+10
8.710379070027468872e+10
8.399594412120568848e+10
8.099043488349678040e+10
7.808533809076037598e+10
7.528251464295147705e+10
7.258648604732257080e+10
6.999724492323326111e+10
6.750650321688683319e+10
6.510218962810422516e+10
6.277601864386443329e+10
6.052497740970970917e+10
5.835029949391391754e+10
5.625353416180290985e+10
5.423279604993807983e+10
5.228492741934481812e+10
5.040725315079854584e+10
4.859763054569972229e+10
4.685334883334856415e+10
4.517056728383611298e+10
4.354621017851175690e+10
4.197897444057377625e+10
4.046815558152358246e+10
3.901234441116647339e+10
3.760914967223768616e+10
3.625589879031386566e+10
3.495044588358368683e+10
3.369125488174164581e+10
3.247698154859463882e+10
3.130625643959050751e+10
3.017776785312508392e+10
2.909036654672443390e+10
2.804275096804244232e+10
2.703322348467679596e+10
2.606008178562112808e+10
2.512186483206814194e+10
2.421731198191534805e+10
2.334536165006644440e+10
2.250509565708866119e+10
2.169552464170389557e+10
2.091554538867736435e+10
2.016400740126053238e+10
1.943971969340139389e+10
1.874170288017008591e+10
1.806917711396640015e+10
1.742135017293085098e+10
1.679739350699143791e+10
1.619638823732463646e+10
1.561741960575185966e+10
1.505967978865813255e+10
1.452240318198723793e+10
1.400489378256840134e+10
1.350649267886111259e+10
1.302649685357597733e+10
1.256424841301683807e+10
1.211911134183160400e+10
1.169044268213866997e+10
1.127766640927409363e+10
1.088022916670118904e+10
