8.736845223927605152e+07
8.015217847197136283e+07
7.345470647386792302e+07
6.729749717372989655e+07
6.169900598468022048e+07
5.667371326145929098e+07
5.223100128824324906e+07
4.837389538788478822e+07
4.509771597138172388e+07
4.238873078210624307e+07
4.025776737829320133e+07
3.862143898043330014e+07
3.737981080118434876e+07
3.649000816491767019e+07
3.589999516609711945e+07
3.550986335724499822e+07
3.527149141258604079e+07
3.514654719438678026e+07
3.509833649268605560e+07
3.509308178708687425e+07
3.510105042092477530e+07
3.509741876288354397e+07
3.506280243190039694e+07
3.498343086280962825e+07
3.485098742031255364e+07
3.466216736714043468e+07
3.441802316047611833e+07
3.412317130126630515e+07
3.378493070640484989e+07
3.341245304349054024e+07
3.301589373806159943e+07
3.260566050983314961e+07
3.219176545504748821e+07
3.178329730507500470e+07
3.138802256099499017e+07
3.101211751969378442e+07
3.066002750200715661e+07
3.033444464479594678e+07
3.003639130304434150e+07
2.976539241927747801e+07
2.951971725642601028e+07
2.929666882901122421e+07
2.909289839924627542e+07
2.890472268581786007e+07
2.872842303125282377e+07
2.856050863141966984e+07
2.839792985396456718e+07
2.823823234689075872e+07
2.807964766843187064e+07
2.792112113183259219e+07
2.776228205268601328e+07
2.760336530680175871e+07
2.744509578577137366e+07
2.728854893033283204e+07
2.713500094926643372e+07
2.698578171752387285e+07
2.684214181276310235e+07
2.670514288742350787e+07
2.657557780119943619e+07
2.645392389221406356e+07
2.634032968794666976e+07
2.623463248885960504e+07
2.613640182056265324e+07
2.604500193082213402e+07
2.595966543847723305e+07
2.587956998469923809e+07
2.580391027465493977e+07
2.573195912975826859e+07
2.566311292676909268e+07
2.559691885975802690e+07
2.553308358275518194e+07
2.547146474250174686e+07
2.541204849737552926e+07
2.535491720401140302e+07
2.530021197097741440e+07
2.524809473361598700e+07
2.519871396323702484e+07
2.515217720282145590e+07
2.510853246530985832e+07
2.506775929423278570e+07
2.502976911604087055e+07
2.499441353121637553e+07
2.496149848437841237e+07
2.493080186856364086e+07
2.490209206042768806e+07
2.487514511828645319e+07
2.484975884080227837e+07
2.482576249840990081e+07
2.480302172225916758e+07
2.478143868022051826e+07
2.476094821353939921e+07
2.474151099882357195e+07
2.472310501049091667e+07
2.470571658592109382e+07
2.468933225919906050e+07
2.467393226696129888e+07
2.465948628997192532e+07
2.464595162905368209e+07
2.463327367321009189e+07
2.462138824160349369e+07
2.461022519681496546e+07
2.459971264663779736e+07
2.458978107258664817e+07
2.458036682935807854e+07
2.457141462526446208e+07
2.456287878889497370e+07
2.455472332146696001e+07
2.454692090108175203e+07
2.453945112516997755e+07
2.453229834058084711e+07
2.452544941612204909e+07
2.451889176721600443e+07
2.451261186016657576e+07
2.450659432120368630e+07
2.450082167042491585e+07
2.449527460839354247e+07
2.448993271493040770e+07
2.448477538191787153e+07
2.447978279576750845e+07
2.447493680689807609e+07
2.447022156587998569e+07
2.446562386074044555e+07
2.446113313713474199e+07
2.445674125667109713e+07
2.445244204238995910e+07
2.444823072196113318e+07
2.444410335572431237e+07
2.444005633287255093e+07
2.443608599468992651e+07
2.443218841511027515e+07
2.442835933995769173e+07
2.442459426158726215e+07
2.442088858847273141e+07
2.441723786115455627e+07
2.441363796678487584e+07
2.441008531279712170e+07
2.440657693353039399e+07
2.440311051905345917e+07
2.439968437015475333e+07
2.439629729521133006e+07
2.439294847196554765e+07
2.438963729960599542e+07
2.438636326434049010e+07
2.438312583593269065e+07
2.437992440493847430e+07
2.437675826222259179e+07
2.437362661518827826e+07
2.437052863005511463e+07
2.436746348701480031e+07
2.436443043520166725e+07
2.436142883671127632e+07
2.435845819265428185e+07
2.435551814857688546e+07
2.435260848067559302e+07
2.434972906741809472e+07
2.434687985304704309e+07
2.434406080987406522e+07
2.434127190542002395e+07
2.433851307867651060e+07
2.433578422751431912e+07
2.433308520701844245e+07
2.433041583668601513e+07
2.432777591324584186e+07
2.432516522545242682e+07
2.432258356752199307e+07
2.432003074874142930e+07
2.431750659794799984e+07
2.431501096278768033e+07
2.431254370468306541e+07
2.431010469112109020e+07
2.430769378713525459e+07
2.430531084772393480e+07
2.430295571250540763e+07
2.430062820329156145e+07
2.429832812461201474e+07
2.429605526666545868e+07
2.429380940980553627e+07
2.429159032952503860e+07
2.428939780097654089e+07
2.428723160231100768e+07
2.428509151645550877e+07
2.428297733130691200e+07
2.428088883862011880e+07
2.427882583206750825e+07
2.427678810502051562e+07
2.427477544855961204e+07
2.427278765008398890e+07
2.427082449270893633e+07
2.426888575544936955e+07
2.426697121403227001e+07
2.426508064208291471e+07
2.426321381240016967e+07
2.426137049806822836e+07
2.425955047323126346e+07
2.425775351345663890e+07
2.425597939571150020e+07
2.425422789805345237e+07
2.425249879917876795e+07
2.425079187797739357e+07
2.424910691321674734e+07
2.424744368342858925e+07
2.424580196701684222e+07
2.424418154255318642e+07
2.424258218919088691e+07
2.424100368711125851e+07
2.423944581792136282e+07
2.423790836494183540e+07
2.423639111335395277e+07
2.423489385020637140e+07
2.423341636430889368e+07
2.423195844605696946e+07
2.423051988723621517e+07
2.422910048085017502e+07
2.422770002100120485e+07
2.422631830283734575e+07
2.422495512256135046e+07
2.422361027748565003e+07
2.422228356611046195e+07
2.422097478820206970e+07
2.421968374485303089e+07
2.421841023851453513e+07
2.421715407299988717e+07
2.421591505346550792e+07
2.421469298638100177e+07
2.421348767950020730e+07
2.421229894184430689e+07
2.421112658370260894e+07
2.420997041665265709e+07
2.420883025359583646e+07
2.420770590880179405e+07
2.420659719795344770e+07
2.420550393818533048e+07
2.420442594810970128e+07
2.420336304782845080e+07
2.420231505893140286e+07
2.420128180448434874e+07
2.420026310901115835e+07
2.419925879847502336e+07
2.419826870026243478e+07
2.419729264317240566e+07
2.419633045741181448e+07
2.419538197459583357e+07
2.419444702775212377e+07
2.419352545132629201e+07
2.419261708118709922e+07
2.419172175463014469e+07
2.419083931037940085e+07
2.418996958858727291e+07
2.418911243083367869e+07
2.418826768012538180e+07
2.418743518089612946e+07
2.418661477900832146e+07
2.418580632175587490e+07
2.418500965786802396e+07
2.418422463751314953e+07
2.418345111230183393e+07
2.418268893528840691e+07
2.418193796097045392e+07
2.418119804528627172e+07
2.418046904561032355e+07
2.417975082074721158e+07
2.417904323092475533e+07
2.417834613778659329e+07
2.417765940438490734e+07
2.417698289517334849e+07
2.417631647600049153e+07
2.417566001410357654e+07
2.417501337810245901e+07
2.417437643799358606e+07
2.417374906514395028e+07
2.417313113228488714e+07
2.417252251350562274e+07
2.417192308424677700e+07
2.417133272129381448e+07
2.417075130277044326e+07
2.417017870813205093e+07
2.416961481815914437e+07
2.416905951495063305e+07
2.416851268191697448e+07
2.416797420377301797e+07
2.416744396653049812e+07
2.416692185749005526e+07
2.416640776523296535e+07
2.416590157961232960e+07
2.416540319174412265e+07
2.416491249399790540e+07
2.416442937998747081e+07
2.416395374456137046e+07
2.416348548379347846e+07
2.416302449497354031e+07
2.416257067659768462e+07
2.416212392835906148e+07
2.416168415113841742e+07
2.416125124699468911e+07
2.416082511915558577e+07
2.416040567200820148e+07
2.415999281108959392e+07
2.415958644307734445e+07
2.415918647578020766e+07
2.415879281812858209e+07
