6.981913103650751710e+07
6.775117112372204661e+07
6.582827422114856541e+07
6.401915685738879442e+07
6.230390227759017050e+07
6.066072545800038427e+07
5.907109425644534826e+07
5.752533972874506563e+07
5.602345785132742673e+07
5.457074391608215868e+07
5.318142860691520572e+07
5.185578330325633287e+07
5.058971040268397331e+07
4.937704672708201408e+07
4.821204863575118780e+07
4.709102708940251172e+07
4.601283714509575069e+07
4.497845447624102235e+07
4.399003068092103302e+07
4.304980023436287045e+07
4.215915450023157895e+07
4.131811663033055514e+07
4.052532815985380858e+07
3.977849476298563182e+07
3.907508346465969086e+07
3.841297712313245237e+07
3.779082807680308074e+07
3.720800064019659907e+07
3.666418029558096081e+07
3.615886479630722106e+07
3.569098085498022288e+07
3.525878763394832611e+07
3.486008126833036542e+07
3.449257448066116869e+07
3.415425690711411834e+07
3.384357218414740264e+07
3.355935368112789094e+07
3.330058256054139137e+07
3.306611038651346788e+07
3.285448970860193670e+07
3.266398671895810962e+07
3.249274921057032794e+07
3.233902529015193507e+07
3.220131350587254390e+07
3.207837677121138945e+07
3.196913541103473306e+07
3.187251884228944778e+07
3.178736711442930996e+07
3.171243276685956493e+07
3.164646957731926441e+07
3.158834667127084732e+07
3.153711972208684310e+07
3.149202452702806890e+07
3.145240764475101605e+07
3.141764311228599027e+07
3.138708521252156049e+07
3.136007855854219571e+07
3.133600939813141525e+07
3.131435965626004338e+07
3.129472932645151764e+07
3.127681711675975472e+07
3.126037594647764415e+07
3.124517233206173033e+07
3.123097149835214764e+07
3.121755064291323721e+07
3.120472496884226054e+07
3.119236566225735098e+07
3.118039744418748096e+07
3.116877827342789993e+07
3.115747480198319256e+07
3.114644788543684036e+07
3.113565394322485104e+07
3.112505708484919369e+07
3.111464100150916353e+07
3.110441169960489497e+07
3.109438963358341902e+07
3.108459699834231660e+07
3.107504824816805497e+07
3.106574859974378720e+07
3.105669939951395988e+07
3.104790504646143317e+07
3.103937615055025369e+07
3.103112711931739748e+07
3.102317050222704187e+07
3.101551231792437285e+07
3.100815128547738492e+07
3.100108188662590086e+07
3.099429853073417395e+07
3.098779791392027587e+07
3.098157832968708873e+07
3.097563701248810440e+07
3.096996777409280837e+07
3.096456062248032168e+07
3.095940340358815715e+07
3.095448409588411450e+07
3.094979216336699203e+07
3.094531830269572511e+07
3.094105316473519430e+07
3.093698625774169713e+07
3.093310590047169477e+07
3.092940018440532684e+07
3.092585816853382066e+07
3.092247047158577666e+07
3.091922898176112026e+07
3.091612607420596480e+07
3.091315400619530678e+07
3.091030490726455674e+07
3.090757126656275988e+07
3.090494646345602348e+07
3.090242492767697573e+07
3.090000185823424160e+07
3.089767277091373876e+07
3.089543322693718970e+07
3.089327889858037978e+07
3.089120584434886277e+07
3.088921072543230280e+07
3.088729078163506463e+07
3.088544359700573236e+07
3.088366684073696285e+07
3.088195815727709606e+07
3.088031523671291769e+07
3.087873595404066518e+07
3.087721843446877226e+07
3.087576098774704337e+07
3.087436197098201141e+07
3.087301968935514241e+07
3.087173239849467948e+07
3.087049838252082095e+07
3.086931602672924101e+07
3.086818382224244997e+07
3.086710030549574643e+07
3.086606398798475787e+07
3.086507333102647215e+07
3.086412677555815876e+07
3.086322279171277583e+07
3.086235990404404700e+07
3.086153667702569067e+07
3.086075168186306953e+07
3.086000347825716063e+07
3.085929062690936029e+07
3.085861172010144964e+07
3.085796540423895791e+07
3.085735037879567966e+07
3.085676537800678611e+07
3.085620915468836948e+07
3.085568048017502204e+07
3.085517815814679116e+07
3.085470103862428665e+07
3.085424802063933760e+07
3.085381804380733892e+07
3.085341007852638885e+07
3.085302312393042818e+07
3.085265621420693398e+07
3.085230842619832605e+07
3.085197888096742332e+07
3.085166673825535178e+07
3.085137118897558749e+07
3.085109145161619782e+07
3.085082677392321452e+07
3.085057643634646758e+07
3.085033975283420086e+07
3.085011606777191907e+07
3.084990475159572065e+07
3.084970519841396064e+07
3.084951682660259306e+07
3.084933908047269285e+07
3.084917143043980002e+07
3.084901337091129273e+07
3.084886441732551157e+07
3.084872410432935506e+07
3.084859198574044555e+07
3.084846763524620235e+07
3.084835064635981619e+07
3.084824063116018474e+07
3.084813721860685945e+07
3.084804005351856723e+07
3.084794879651800543e+07
3.084786312429771200e+07
3.084778272937422246e+07
3.084770731912483647e+07
3.084763661461946741e+07
3.084757034987538680e+07
3.084750827166768909e+07
3.084745013949452341e+07
3.084739572523759678e+07
3.084734481244784594e+07
3.084729719557300210e+07
3.084725267945489660e+07
3.084721107911317050e+07
3.084717221955557913e+07
3.084713593537780643e+07
3.084710207016606256e+07
3.084707047591293231e+07
3.084704101261691377e+07
3.084701354803801328e+07
3.084698795744656026e+07
3.084696412325157970e+07
3.084694193454764783e+07
3.084692128670630604e+07
3.084690208108387515e+07
3.084688422479999438e+07
3.084686763048961014e+07
3.084685221598545462e+07
3.084683790397671610e+07
3.084682462171768770e+07
3.084681230080901831e+07
3.084680087700960413e+07
3.084679029002585635e+07
3.084678048326943815e+07
3.084677140361992270e+07
3.084676300122783333e+07
3.084675522935638577e+07
3.084674804422990605e+07
3.084674140486488864e+07
3.084673527289056778e+07
3.084672961238380149e+07
3.084672438973246515e+07
3.084671957351738587e+07
3.084671513439314812e+07
3.084671104496001080e+07
3.084670727963700891e+07
3.084670381454970688e+07
3.084670062743461132e+07
3.084669769755000621e+07
3.084669500558377802e+07
3.084669253355875611e+07
3.084669026474394649e+07
3.084668818357707560e+07
3.084668627559584007e+07
3.084668452737089992e+07
3.084668292643736675e+07
3.084668146122808382e+07
3.084668012101329863e+07
3.084667889584749937e+07
3.084667777651995048e+07
3.084667675450543314e+07
3.084667582191549242e+07
3.084667497145294026e+07
3.084667419637154415e+07
3.084667349043941125e+07
3.084667284790403023e+07
3.084667226345752925e+07
3.084667173220379651e+07
3.084667124962865561e+07
3.084667081157319248e+07
3.084667041420887783e+07
3.084667005401333049e+07
3.084666972774693742e+07
3.084666943243142590e+07
3.084666916533067077e+07
3.084666892393309623e+07
3.084666870593494549e+07
3.084666850922405347e+07
3.084666833186474442e+07
3.084666817208427563e+07
3.084666802826053277e+07
3.084666789891042560e+07
3.084666778267885745e+07
3.084666767832825333e+07
3.084666758472906798e+07
3.084666750085126609e+07
3.084666742575643957e+07
3.084666735859028250e+07
3.084666729857548326e+07
3.084666724500525743e+07
3.084666719723748416e+07
3.084666715468939021e+07
3.084666711683250964e+07
3.084666708318795264e+07
3.084666705332200974e+07
3.084666702684225887e+07
3.084666700339398906e+07
3.084666698265691847e+07
3.084666696434202790e+07
3.084666694818872958e+07
3.084666693396228552e+07
3.084666692145144939e+07
3.084666691046634689e+07
3.084666690083647519e+07
3.084666689240883663e+07
3.084666688504625857e+07
3.084666687862593681e+07
3.084666687303805724e+07
3.084666686818453670e+07
3.084666686397784203e+07
3.084666686033993959e+07
3.084666685720137507e+07
3.084666685450040922e+07
3.084666685218223184e+07
3.084666685019829497e+07
3.084666684850554168e+07
3.084666684706597030e+07
3.084666684584602341e+07
3.084666684481613338e+07
3.084666684395030513e+07
3.084666684322571754e+07
3.084666684262235463e+07
3.084666684212272987e+07
3.084666684171158075e+07
3.084666684137560800e+07
