1.126376853109314144e+08
1.000782236182371080e+08
8.858478515103444457e+07
7.819238709875513613e+07
6.892875406230558455e+07
6.081209596587030590e+07
5.384855224165762961e+07
4.802936925823271275e+07
4.332796571803422272e+07
3.969716273890887946e+07
3.706700208969618380e+07
3.534371652893874794e+07
3.441049132814506441e+07
3.413058564296546578e+07
3.435309648364527524e+07
3.492114152931746095e+07
3.568161848360587656e+07
3.649518257417758554e+07
3.724489763148546964e+07
3.784226586278128624e+07
3.822993664275898039e+07
3.838110029335297644e+07
3.829614615025927126e+07
3.799747096426814795e+07
3.752336460187756270e+07
3.692176164140923321e+07
3.624443422433275729e+07
3.554199133048193902e+07
3.485988156866240501e+07
3.423547859508418292e+07
3.369625101539158076e+07
3.325896695625171065e+07
3.292984374785064161e+07
3.270551665881489217e+07
3.257466466530302912e+07
3.252009841585681587e+07
3.252109190999783576e+07
3.255573178093369305e+07
3.260307134091160446e+07
3.264491156305182725e+07
3.266708407810469344e+07
3.266017440711425617e+07
3.261968767300443351e+07
3.254571526664410532e+07
3.244220323994443938e+07
3.231594870838467032e+07
3.217545943267488480e+07
3.202980625808716565e+07
3.188758145382153988e+07
3.175605158378407359e+07
3.164056441574726999e+07
3.154423821766039729e+07
3.146793103507605940e+07
3.141045954605976492e+07
3.136901414548279345e+07
3.133970109102136642e+07
3.131813535801598802e+07
3.130000989007997885e+07
3.128157759644088522e+07
3.125999993522489443e+07
3.123353748666730523e+07
3.120158035043308139e+07
3.116453639469894767e+07
3.112361086127660796e+07
3.108052006995994598e+07
3.103718451822420955e+07
3.099544307384021580e+07
3.095682149523770064e+07
3.092237693295681849e+07
3.089262727048264071e+07
3.086756195679140463e+07
3.084672085909046233e+07
3.082932066270597279e+07
3.081440497761669010e+07
3.080099455479554459e+07
3.078821737324396521e+07
3.077540397669578344e+07
3.076214026277539134e+07
3.074827686987704039e+07
3.073390040352851897e+07
3.071927627094894275e+07
3.070477543664877489e+07
3.069079788680378348e+07
3.067770420553991944e+07
3.066576386185926199e+07
3.065512516303863376e+07
3.064580797567452490e+07
3.063771682969176769e+07
3.063066936184590310e+07
3.062443350730739534e+07
3.061876649726119637e+07
3.061344946420243382e+07
3.060831303839475662e+07
3.060325138526061922e+07
3.059822429983112216e+07
3.059324888975174353e+07
3.058838377697139978e+07
3.058370948161825538e+07
3.057930869724280760e+07
3.057524961527449638e+07
3.057157448219709098e+07
3.056829439343215898e+07
3.056539016351995245e+07
3.056281814949410409e+07
3.056051927050803974e+07
3.055842921699217707e+07
3.055648796116901189e+07
3.055464709349068254e+07
3.055287410439764708e+07
3.055115338160299510e+07
3.054948428268237039e+07
3.054787708113422245e+07
3.054634781978382170e+07
3.054491312868361920e+07
3.054358590326446667e+07
3.054237244769961014e+07
3.054127133776174486e+07
3.054027391667453200e+07
3.053936606454491615e+07
3.053853071460139751e+07
3.053775054130136967e+07
3.053701030696980283e+07
3.053629849739802629e+07
3.053560806451331452e+07
3.053493628531253338e+07
3.053428390561077744e+07
3.053365384065659344e+07
3.053304974199090898e+07
3.053247471444446594e+07
3.053193039331083745e+07
3.053141649068948254e+07
3.053093081478536874e+07
3.053046967686248571e+07
3.053002854174532369e+07
3.052960275555335730e+07
3.052918819717942178e+07
3.052878173993670195e+07
3.052838146493453905e+07
3.052798662516435236e+07
3.052759740760989487e+07
3.052721457207122818e+07
3.052683905643108487e+07
3.052647162987564504e+07
3.052611265276818722e+07
3.052576197124615312e+07
3.052541894343193993e+07
3.052508256865356863e+07
3.052475167540828884e+07
3.052442511951445788e+07
3.052410195002361387e+07
3.052378151410866901e+07
3.052346348935534433e+07
3.052314784861140698e+07
3.052283477547854930e+07
3.052252455564409494e+07
3.052221747003046051e+07
3.052191371105218306e+07
3.052161333496322110e+07
3.052131625365254283e+07
3.052102226051192731e+07
3.052073107882764190e+07
3.052044241840792447e+07
3.052015602686672658e+07
3.051987172542902827e+07
3.051958942413376272e+07
3.051930911657054722e+07
3.051903085864094272e+07
3.051875473850447685e+07
3.051848084556072950e+07
3.051820924520744383e+07
3.051793996373579651e+07
3.051767298479898274e+07
3.051740825614196062e+07
3.051714570327685028e+07
3.051688524584323913e+07
3.051662681253880262e+07
3.051637035153044760e+07
3.051611583478937298e+07
3.051586325641283393e+07
3.051561262632758915e+07
3.051536396156717837e+07
3.051511727748759091e+07
3.051487258089949191e+07
3.051462986632823199e+07
3.051438911570218951e+07
3.051415030094408244e+07
3.051391338837230951e+07
3.051367834359531105e+07
3.051344513569595665e+07
3.051321373987246677e+07
3.051298413819992542e+07
3.051275631866717339e+07
3.051253027301534265e+07
3.051230599409120902e+07
3.051208347341774404e+07
3.051186269951268286e+07
3.051164365721882880e+07
3.051142632802735269e+07
3.051121069114467129e+07
3.051099672492172942e+07
3.051078440824449807e+07
3.051057372156368196e+07
3.051036464738307893e+07
3.051015717018700391e+07
3.050995127592495829e+07
3.050974695125743374e+07
3.050954418278943002e+07
3.050934295648163930e+07
3.050914325735351443e+07
3.050894506950167567e+07
3.050874837637616694e+07
3.050855316120392829e+07
3.050835940743163228e+07
3.050816709907735512e+07
3.050797622092150152e+07
3.050778675851887837e+07
3.050759869806072116e+07
3.050741202614724636e+07
3.050722672954275459e+07
3.050704279497673735e+07
3.050686020903193578e+07
3.050667895813107118e+07
3.050649902860735357e+07
3.050632040682518855e+07
3.050614307931098342e+07
3.050596703285829723e+07
3.050579225458464772e+07
3.050561873193341121e+07
3.050544645262978226e+07
3.050527540460987389e+07
3.050510557594561204e+07
3.050493695478552952e+07
3.050476952932371572e+07
3.050460328779995441e+07
3.050443821852546185e+07
3.050427430992284417e+07
3.050411155056732520e+07
3.050394992921797931e+07
3.050378943483229727e+07
3.050363005656291172e+07
3.050347178373998031e+07
3.050331460584594682e+07
3.050315851249006763e+07
3.050300349338896573e+07
3.050284953835651278e+07
3.050269663730355352e+07
3.050254478024509922e+07
3.050239395731113851e+07
3.050224415875697881e+07
3.050209537496988475e+07
3.050194759647041559e+07
3.050180081390857697e+07
3.050165501805645227e+07
3.050151019979945570e+07
3.050136635012861714e+07
3.050122346013544872e+07
3.050108152101011574e+07
3.050094052404241636e+07
3.050080046062471345e+07
3.050066132225510105e+07
3.050052310053986311e+07
3.050038578719406575e+07
3.050024937404029816e+07
3.050011385300567001e+07
3.049997921611796319e+07
3.049984545550157130e+07
3.049971256337409467e+07
3.049958053204386681e+07
3.049944935390854254e+07
3.049931902145452052e+07
3.049918952725670114e+07
3.049906086397827044e+07
3.049893302437008172e+07
3.049880600126951188e+07
3.049867978759881109e+07
3.049855437636324018e+07
3.049842976064907014e+07
3.049830593362182379e+07
3.049818288852484897e+07
3.049806061867826805e+07
3.049793911747816205e+07
3.049781837839598954e+07
3.049769839497790113e+07
3.049757916084396467e+07
3.049746066968713328e+07
3.049734291527202353e+07
3.049722589143354073e+07
3.049710959207541868e+07
3.049699401116883010e+07
3.049687914275106415e+07
3.049676498092435300e+07
3.049665151985485107e+07
3.049653875377160311e+07
3.049642667696567252e+07
3.049631528378917649e+07
3.049620456865432858e+07
3.049609452603245527e+07
3.049598515045297146e+07
3.049587643650241941e+07
3.049576837882348895e+07
