4.467302652572731972e+08
4.102894756667072177e+08
3.756585697765241861e+08
3.428552271103948355e+08
3.118914607551075220e+08
2.827731818389960527e+08
2.554997926810893416e+08
2.300638185560687780e+08
2.064505887839782834e+08
1.846379785247062147e+08
1.645962231006594300e+08
1.462878168094326258e+08
1.296675079302081764e+08
1.146824008792320341e+08
1.012721751819988787e+08
8.936942866059903800e+07
7.890015046282723546e+07
6.978432459370543063e+07
6.193666222750198096e+07
5.526745543635641038e+07
4.968354039566154033e+07
4.508935293566235155e+07
4.138805448741281778e+07
3.848270201913882792e+07
3.627743211394074559e+07
3.467862705041641742e+07
3.359602995753908157e+07
3.294377697326455265e+07
3.264131688440901041e+07
3.261419286058212817e+07
3.279466638170390576e+07
3.312216987960366905e+07
3.354358176088330150e+07
3.401332432636203617e+07
3.449329202990876138e+07
3.495262328220169991e+07
3.536733387713351846e+07
3.571983366657387465e+07
3.599835033104340732e+07
3.619628502431060374e+07
3.631152443647216260e+07
3.634573260850592703e+07
3.630364385768228024e+07
3.619237565905466676e+07
3.602077748091165721e+07
3.579882857196615636e+07
3.553709469193721563e+07
3.524625087689355016e+07
3.493667461572873592e+07
3.461811133646477014e+07
3.429941189132765681e+07
3.398833980279842764e+07
3.369144439395281672e+07
3.341399457397438958e+07
3.315996697893885151e+07
3.293208137208462507e+07
3.273187567862519994e+07
3.255981275782166421e+07
3.241541098711711913e+07
3.229739093383728713e+07
3.220383079925649613e+07
3.213232391298699379e+07
3.208013230319975689e+07
3.204433123641040921e+07
3.202194057248948142e+07
3.201003977736255527e+07
3.200586443858108297e+07
3.200688310025547817e+07
3.201085413984987885e+07
3.201586322109784186e+07
3.202034255202074349e+07
3.202307373884827644e+07
3.202317644692141190e+07
3.202008535685174912e+07
3.201351804330017418e+07
3.200343641535177082e+07
3.199000425676897168e+07
3.197354320985350013e+07
3.195448927870252728e+07
3.193335160754057765e+07
3.191067493844223022e+07
3.188700678973545879e+07
3.186287003924477100e+07
3.183874126024918631e+07
3.181503485459486023e+07
3.179209276571170986e+07
3.177017934013624117e+07
3.174948074240314215e+07
3.173010821502748132e+07
3.171210441063977033e+07
3.169545200314112008e+07
3.168008380354244635e+07
3.166589365746166557e+07
3.165274747802574933e+07
3.164049386293891817e+07
3.162897385069610551e+07
3.161802948178732023e+07
3.160751094041635096e+07
3.159728215579672903e+07
3.158722483553539962e+07
3.157724098405706882e+07
3.156725402457420155e+07
3.155720869286407158e+07
3.154706990504507348e+07
3.153682082038074732e+07
3.152646032522900403e+07
3.151600015740636736e+07
3.150546187357944623e+07
3.149487383811874688e+07
3.148426838247975707e+07
3.147367925185147673e+07
3.146313942259510234e+07
3.145267934168527648e+07
3.144232560946037620e+07
3.143210010063917190e+07
3.142201949657804891e+07
3.141209518459101394e+07
3.140233346798789501e+07
3.139273602317711711e+07
3.138330053737146035e+07
3.137402146158819273e+07
3.136489081808324903e+07
3.135589900836226717e+07
3.134703557670276240e+07
3.133828989395595714e+07
3.132965173658118397e+07
3.132111174579606578e+07
3.131266176089807227e+07
3.130429502884472907e+07
3.129600629880534858e+07
3.128779181546972692e+07
3.127964922838113829e+07
3.127157743650554121e+07
3.126357638779121637e+07
3.125564685280170292e+07
3.124779018985135481e+07
3.124000811668645218e+07
3.123230250088780373e+07
3.122467517806559056e+07
3.121712780378960073e+07
3.120966174223391339e+07
3.120227799185937271e+07
3.119497714621736109e+07
3.118775938619708270e+07
3.118062449878388643e+07
3.117357191664034873e+07
3.116660077252909169e+07
3.115970996270956099e+07
3.115289821388830990e+07
3.114616414900152385e+07
3.113950634797904268e+07
3.113292340059806406e+07
3.112641394951172173e+07
3.111997672246925905e+07
3.111361055358182266e+07
3.110731439419443533e+07
3.110108731447933987e+07
3.109492849725808203e+07
3.108883722579290718e+07
3.108281286737281457e+07
3.107685485447593406e+07
3.107096266514062881e+07
3.106513580395050347e+07
3.105937378475990146e+07
3.105367611598253250e+07
3.104804228896092251e+07
3.104247176964637637e+07
3.103696399356574938e+07
3.103151836384148151e+07
3.102613425187159702e+07
3.102081100017026067e+07
3.101554792681245133e+07
3.101034433091621473e+07
3.100519949862462655e+07
3.100011270910860226e+07
3.099508324019259959e+07
3.099011037329894677e+07
3.098519339750441909e+07
3.098033161259783804e+07
3.097552433111400902e+07
3.097077087939288467e+07
3.096607059777016193e+07
3.096142284004676342e+07
3.095682697240788490e+07
3.095228237197076529e+07
3.094778842513462901e+07
3.094334452588970959e+07
3.093895007421806827e+07
3.093460447468906268e+07
3.093030713532099873e+07
3.092605746674937010e+07
3.092185488171324879e+07
3.091769879484680295e+07
3.091358862274356931e+07
3.090952378424695507e+07
3.090550370091236755e+07
3.090152779758305103e+07
3.089759550302357599e+07
3.089370625055998936e+07
3.088985947868351266e+07
3.088605463158468157e+07
3.088229115959484875e+07
3.087856851952238008e+07
3.087488617488025129e+07
3.087124359600992501e+07
3.086764026011237875e+07
3.086407565120196342e+07
3.086054926000107825e+07
3.085706058379472792e+07
3.085360912626299262e+07
3.085019439730794728e+07
3.084681591288863122e+07
3.084347319487436861e+07
3.084016577092345059e+07
3.083689317439089715e+07
3.083365494426568598e+07
3.083045062513574958e+07
3.082727976717684418e+07
3.082414192616013810e+07
3.082103666347277537e+07
3.081796354614551365e+07
3.081492214688193053e+07
3.081191204408441484e+07
3.080893282187301666e+07
3.080598407009466738e+07
3.080306538432091475e+07
3.080017636583384499e+07
3.079731662160049379e+07
3.079448576423687860e+07
3.079168341196324304e+07
3.078890918855257705e+07
3.078616272327431664e+07
3.078344365083535388e+07
3.078075161132000759e+07
3.077808625013050064e+07
3.077544721792898327e+07
3.077283417058182880e+07
3.077024676910653710e+07
3.076768467962118611e+07
3.076514757329627499e+07
3.076263512630828097e+07
3.076014701979450881e+07
3.075768293980843574e+07
3.075524257727497071e+07
3.075282562794500962e+07
3.075043179282615334e+07
3.074806077623189241e+07
3.074571228857567534e+07
3.074338604442924261e+07
3.074108176293999702e+07
3.073879916777556390e+07
3.073653798706701025e+07
3.073429795335078612e+07
3.073207880350970477e+07
3.072988027871342003e+07
3.072770212435848266e+07
3.072554409000831097e+07
3.072340592933332548e+07
3.072128740005123988e+07
3.071918826386788860e+07
3.071710828641831502e+07
3.071504723720844463e+07
3.071300488955714554e+07
3.071098102053879201e+07
3.070897541092612967e+07
3.070698784513357654e+07
3.070501811116078123e+07
3.070306600053654239e+07
3.070113130826286599e+07
3.069921383275943249e+07
3.069731337580821291e+07
3.069542974249842763e+07
3.069356274117178470e+07
3.069171218336807936e+07
3.068987788377116248e+07
3.068805966015534103e+07
3.068625733333220333e+07
3.068447072709796205e+07
3.068269966818128526e+07
3.068094398619166762e+07
3.067920351356837526e+07
3.067747808552987128e+07
3.067576754002390057e+07
3.067407171767807752e+07
3.067239046175099909e+07
3.067072361808402091e+07
3.066907103505340964e+07
3.066743256352321059e+07
3.066580805679856241e+07
3.066419737057951838e+07
3.066260036291549355e+07
3.066101689416017383e+07
3.065944682692702860e+07
3.065789002604531124e+07
3.065634635851668939e+07
3.065481569347235560e+07
3.065329790213083103e+07
3.065179285775621608e+07
3.065030043561713398e+07
3.064882051294622198e+07
