6.196182583282377571e+07
5.625800986243355274e+07
5.140956671266677231e+07
4.743385173305556178e+07
4.432953096353993565e+07
4.206729120195814222e+07
4.057927823974400759e+07
3.975126981073796749e+07
3.942489514314684272e+07
3.941588267672076821e+07
3.954436644098108262e+07
3.966309758276221901e+07
3.967196915976333618e+07
3.951828956875871867e+07
3.918870519080670178e+07
3.869835150836348534e+07
3.808034697974108905e+07
3.737687188540017605e+07
3.663211618851782382e+07
3.588699947109413147e+07
3.517547001089914143e+07
3.452220853616063297e+07
3.394160464183168113e+07
3.343789380789086968e+07
3.300632214144440740e+07
3.263514457007778808e+07
3.230818095792192966e+07
3.200758465576874837e+07
3.171645239908346161e+07
3.142094268169828504e+07
3.111166870000214875e+07
3.078426738947813958e+07
3.043918380197885633e+07
3.008082036295314133e+07
2.971626739336236566e+07
2.935385338694677129e+07
2.900173920724494010e+07
2.866674094866064936e+07
2.835351162534882873e+07
2.806414943369895220e+07
2.779823591099277139e+07
2.755324695006741583e+07
2.732523042279248685e+07
2.710961338697892427e+07
2.690199479028009251e+07
2.669879724653779715e+07
2.649768959175196290e+07
2.629774151063827425e+07
2.609932242871113122e+07
2.590379854592192918e+07
2.571310865803472325e+07
2.552930831175636128e+07
2.535416422626203299e+07
2.518886084550912306e+07
2.503385271011944488e+07
2.488886720371150970e+07
2.475303493225975707e+07
2.462510625638598204e+07
2.450370257080157846e+07
2.438755182736825198e+07
2.427566764090571553e+07
2.416744737463529408e+07
2.406268310566431284e+07
2.396149652659612149e+07
2.386422158168751746e+07
2.377126514161781222e+07
2.368297589013074338e+07
2.359954572807405889e+07
2.352095825265225023e+07
2.344698759848457947e+07
2.337724050215160847e+07
2.331122681516733393e+07
2.324844002399523184e+07
2.318842989634270966e+07
2.313085352257039398e+07
2.307549744663155824e+07
2.302227064500023425e+07
2.297117424311125278e+07
2.292225788532833755e+07
2.287557402884865925e+07
2.283114019474911317e+07
2.278891600546234474e+07
2.274879762949775159e+07
2.271062808924221247e+07
2.267421866337168217e+07
2.263937490368577838e+07
2.260592075096039847e+07
2.257371564794531837e+07
2.254266189129752666e+07
2.251270208194037154e+07
2.248380879678571224e+07
2.245597005163910985e+07
2.242917454197367281e+07
2.240340008617220819e+07
2.237860742378364131e+07
2.235473993571687490e+07
2.233172836948337406e+07
2.230949860555075109e+07
2.228798007668817788e+07
2.226711266322942078e+07
2.224685059171947837e+07
2.222716282104244828e+07
2.220803033964756876e+07
2.218944149245532602e+07
2.217138677104207128e+07
2.215385441333452612e+07
2.213682774989580736e+07
2.212028465230575204e+07
2.210419885635799915e+07
2.208854249585278332e+07
2.207328898075062037e+07
2.205841540297566354e+07
2.204390390421783179e+07
2.202974179817714542e+07
2.201592059637423232e+07
2.200243434953592718e+07
2.198927783110452816e+07
2.197644504782961309e+07
2.196392839912936836e+07
2.195171858358094841e+07
2.193980513612644747e+07
2.192817732964842767e+07
2.191682512007172778e+07
2.190573985536841303e+07
2.189491457999176160e+07
2.188434390623454005e+07
2.187402354984832555e+07
2.186394970628995448e+07
2.185411846133986115e+07
2.184452539012309909e+07
2.183516542163137347e+07
2.182603295907199383e+07
2.181712217583010346e+07
2.180842737008868903e+07
2.179994326351172104e+07
2.179166516418061033e+07
2.178358896619266272e+07
2.177571101022465155e+07
2.176802786594852433e+07
2.176053611019838974e+07
2.175323216410316899e+07
2.174611222486276180e+07
2.173917229422393441e+07
2.173240827692253143e+07
2.172581610620809719e+07
2.171939185288535058e+07
2.171313178684547544e+07
2.170703237993246317e+07
2.170109025899736583e+07
2.169530213201326877e+07
2.168966471480930597e+07
2.168417468137251586e+07
2.167882864965800196e+07
2.167362320186860114e+07
2.166855492756792903e+07
2.166362047271087021e+07
2.165881657853037491e+07
2.165414009997297823e+07
2.164958800144404918e+07
2.164515733509256318e+07
2.164084521146766841e+07
2.163664877311236411e+07
2.163256517891383171e+07
2.162859160224574059e+07
2.162472524098297581e+07
2.162096333396944404e+07
2.161730317736918852e+07
2.161374213551900536e+07
2.161027764365325868e+07
2.160690720302635804e+07
2.160362837140732259e+07
2.160043875296675041e+07
2.159733599110028893e+07
2.159431776614119485e+07
2.159138179792257398e+07
2.158852585149305686e+07
2.158574774347271025e+07
2.158304534670045972e+07
2.158041659175689146e+07
2.157785946520759910e+07
2.157537200552082062e+07
2.157295229821749777e+07
2.157059847178873420e+07
2.156830869537650049e+07
2.156608117842882127e+07
2.156391417182146385e+07
2.156180596952192858e+07
2.155975490985023230e+07
2.155775937570634484e+07
2.155581779361671954e+07
2.155392863190412521e+07
2.155209039855089039e+07
2.155030163934133947e+07
2.154856093667118251e+07
2.154686690910569206e+07
2.154521821148227155e+07
2.154361353518670797e+07
2.154205160822577402e+07
2.154053119484932721e+07
2.153905109467292204e+07
2.153761014143525809e+07
2.153620720162995905e+07
2.153484117325346172e+07
2.153351098482678086e+07
2.153221559472342953e+07
2.153095399072205648e+07
2.152972518963939324e+07
2.152852823690135777e+07
2.152736220596507937e+07
2.152622619758267328e+07
2.152511933896506578e+07
2.152404078293766826e+07
2.152298970717208087e+07
2.152196531353896111e+07
2.152096682757690549e+07
2.151999349803149700e+07
2.151904459640176594e+07
2.151811941644063219e+07
2.151721727358379960e+07
2.151633750431478769e+07
2.151547946549837291e+07
2.151464253372363746e+07
2.151382610468981415e+07
2.151302959264937043e+07
2.151225242990259454e+07
2.151149406632353365e+07
2.151075396889391541e+07
2.151003162122792751e+07
2.150932652308281139e+07
2.150863818986201286e+07
2.150796615212456509e+07
2.150730995511419326e+07
2.150666915831605345e+07
2.150604333504077047e+07
2.150543207202825695e+07
2.150483496906088665e+07
2.150425163857685775e+07
2.150368170527921990e+07
2.150312480574182793e+07
2.150258058801761642e+07
2.150204871125610918e+07
2.150152884533570707e+07
2.150102067051298171e+07
2.150052387708793953e+07
2.150003816508182138e+07
2.149956324392371625e+07
2.149909883214335889e+07
2.149864465706952661e+07
2.149820045453529805e+07
2.149776596859213710e+07
2.149734095123453811e+07
2.149692516213584691e+07
2.149651836839430779e+07
2.149612034428771585e+07
2.149573087103452533e+07
2.149534973656006902e+07
2.149497673526741564e+07
2.149461166781320423e+07
2.149425434088968113e+07
2.149390456701388210e+07
2.149356216432461888e+07
2.149322695638738573e+07
2.149289877200661600e+07
2.149257744504461065e+07
2.149226281424646080e+07
2.149195472307064012e+07
2.149165301952507719e+07
2.149135755600903928e+07
2.149106818916074932e+07
2.149078477971089631e+07
2.149050719234161824e+07
2.149023529555062950e+07
2.148996896151991934e+07
2.148970806598869711e+07
2.148945248813024908e+07
2.148920211043275148e+07
2.148895681858412921e+07
2.148871650136103109e+07
2.148848105052201077e+07
2.148825036070489138e+07
2.148802432932811230e+07
2.148780285649591312e+07
2.148758584490710497e+07
2.148737319976728037e+07
2.148716482870441675e+07
2.148696064168769121e+07
2.148676055094947666e+07
2.148656447091043741e+07
2.148637231810752302e+07
2.148618401112470403e+07
2.148599947052632645e+07
2.148581861879286915e+07
2.148564138025905564e+07
2.148546768105423450e+07
2.148529744904501736e+07
2.148513061378011853e+07
2.148496710643737763e+07
2.148480685977284983e+07
2.148464980807200819e+07
2.148449588710283116e+07
