5.414404355207225680e+07
4.832018229807576537e+07
4.292378648280024529e+07
3.796942652085269988e+07
3.346932578973556310e+07
2.943273170974599570e+07
2.586520375968224555e+07
2.276782913195062429e+07
2.013639103982573003e+07
1.796053484584762156e+07
1.622300310422138870e+07
1.489904021897793561e+07
1.395609541694222763e+07
1.335396961371196806e+07
1.304554468670970201e+07
1.297818919763975777e+07
1.309584621041536890e+07
1.334000018087685667e+07
1.361676071749604680e+07
1.390919539094681479e+07
1.418510364559656940e+07
1.441959131214379519e+07
1.459550475043000467e+07
1.470326756772607379e+07
1.474020290346420929e+07
1.470947662737856992e+07
1.461881478222558275e+07
1.447913901649535075e+07
1.430323774424559623e+07
1.410455887328671291e+07
1.389617947814122215e+07
1.368998245649761893e+07
1.349605090431462228e+07
1.332227696633035690e+07
1.317417193741612695e+07
1.305485711144577712e+07
1.296520936849415116e+07
1.290413128951348178e+07
1.286891262725835107e+07
1.285564844503981620e+07
1.285967945111391693e+07
1.287602221538090520e+07
1.289976105896429531e+07
1.292637919449275173e+07
1.295201365911893547e+07
1.297362605562377907e+07
1.298908838868241012e+07
1.299718971883501485e+07
1.299757448643049598e+07
1.299062692062078416e+07
1.297731788807909936e+07
1.295903096298625506e+07
1.293738363622534461e+07
1.291405770648485422e+07
1.289065030075554922e+07
1.286855393345029280e+07
1.284887078189997375e+07
1.283236315206116065e+07
1.281943912615640461e+07
1.281016979305743612e+07
1.280433240469231829e+07
1.280147238545701653e+07
1.280097640994102694e+07
1.280214876642032340e+07
1.280428388887947984e+07
1.280672915988947079e+07
1.280893370336878300e+07
1.281048071239227057e+07
1.281110269688556157e+07
1.281068070834008232e+07
1.280922995766617730e+07
1.280687519072337449e+07
1.280381968129044771e+07
1.280031175344010815e+07
1.279661240935712121e+07
1.279296700194875710e+07
1.278958305991804972e+07
1.278661545666272193e+07
1.278415921632065624e+07
1.278224945894619077e+07
1.278086734441082552e+07
1.277995050260542706e+07
1.277940615098944306e+07
1.277912518335874565e+07
1.277899563954143412e+07
1.277891428908682056e+07
1.277879544776199944e+07
1.277857656406430528e+07
1.277822051496344432e+07
1.277771489745783433e+07
1.277706886806702055e+07
1.277630825107813627e+07
1.277546970517105982e+07
1.277459471449141949e+07
1.277372407019628584e+07
1.277289335343599319e+07
1.277212974480548128e+07
1.277145029251018539e+07
1.277086159327935055e+07
1.277036069339567982e+07
1.276993691339876875e+07
1.276957424422020838e+07
1.276925395395948738e+07
1.276895707736439817e+07
1.276866652469908819e+07
1.276836863119903579e+07
1.276805406025885791e+07
1.276771806130963936e+07
1.276736015756058507e+07
1.276698339286814444e+07
1.276659329769631103e+07
1.276619674139035121e+07
1.276580082450668514e+07
1.276541193547021411e+07
1.276503505629875883e+07
1.276467335877893865e+07
1.276432809105129167e+07
1.276399871971642226e+07
1.276368326746457815e+07
1.276337877236254513e+07
1.276308179222387634e+07
1.276278888452276215e+07
1.276249700670643151e+07
1.276220380060393736e+07
1.276190774491348676e+07
1.276160817875456437e+07
1.276130521485066786e+07
1.276099957167016156e+07
1.276069235921551473e+07
1.276038485329419933e+07
1.276007828883128613e+07
1.275977369532833993e+07
1.275947178838080540e+07
1.275917292167958431e+07
1.275887709540040605e+07
1.275858401026828773e+07
1.275829315242595226e+07
1.275800389268394560e+07
1.275771558457524702e+07
1.275742764838778786e+07
1.275713963234008476e+07
1.275685124657533504e+07
1.275656236999693327e+07
1.275627303360269219e+07
1.275598338652483001e+07
1.275569365228029713e+07
1.275540408280859143e+07
1.275511491690874100e+07
1.275482634798213653e+07
1.275453850389456004e+07
1.275425143963740952e+07
1.275396514159348980e+07
1.275367954081213102e+07
1.275339453188807517e+07
1.275310999383448064e+07
1.275282580967212841e+07
1.275254188219111785e+07
1.275225814430971071e+07
1.275197456348362565e+07
1.275169114055350050e+07
1.275140790414230339e+07
1.275112490215965174e+07
1.275084219211935624e+07
1.275055983185695857e+07
1.275027787190674804e+07
1.274999635034434870e+07
1.274971529040664621e+07
1.274943470074466430e+07
1.274915457780604810e+07
1.274887490961883776e+07
1.274859568016749993e+07
1.274831687360414490e+07
1.274803847769247368e+07
1.274776048609986529e+07
1.274748289939118363e+07
1.274720572479769588e+07
1.274692897500621527e+07
1.274665266631969251e+07
1.274637681657566875e+07
1.274610144318008423e+07
1.274582656153563969e+07
1.274555218403650261e+07
1.274527831968565471e+07
1.274500497428654879e+07
1.274473215108106099e+07
1.274445985165917315e+07
1.274418807695384696e+07
1.274391682815328613e+07
1.274364610740438104e+07
1.274337591823494434e+07
1.274310626567845978e+07
1.274283715613409132e+07
1.274256859703020379e+07
1.274230059637847543e+07
1.274203316230769455e+07
1.274176630265378952e+07
1.274150002466047928e+07
1.274123433481767774e+07
1.274096923883812316e+07
1.274070474175057188e+07
1.274044084807292931e+07
1.274017756202237308e+07
1.273991488772115670e+07
1.273965282936474867e+07
1.273939139133124426e+07
1.273913057822413556e+07
1.273887039485325664e+07
1.273861084616792947e+07
1.273835193716210686e+07
1.273809367277246714e+07
1.273783605778812245e+07
1.273757909678554535e+07
1.273732279409577325e+07
1.273706715380438417e+07
1.273681217977932468e+07
1.273655787571761757e+07
1.273630424520057440e+07
1.273605129174727201e+07
1.273579901885814592e+07
1.273554743004347384e+07
1.273529652883492783e+07
1.273504631878146902e+07
1.273479680343313701e+07
1.273454798631768301e+07
1.273429987091526389e+07
1.273405246063574590e+07
1.273380575880191661e+07
1.273355976864021085e+07
1.273331449327906221e+07
1.273306993575353175e+07
1.273282609901418537e+07
1.273258298593766987e+07
1.273234059933677316e+07
1.273209894196820632e+07
1.273185801653707027e+07
1.273161782569791004e+07
1.273137837205278501e+07
1.273113965814734437e+07
1.273090168646615371e+07
1.273066445942839794e+07
1.273042797938487493e+07
1.273019224861684814e+07
1.272995726933686063e+07
1.272972304369127564e+07
1.272948957376403548e+07
1.272925686158097535e+07
1.272902490911401622e+07
1.272879371828471869e+07
1.272856329096682742e+07
1.272833362898766622e+07
1.272810473412843421e+07
1.272787660812366568e+07
1.272764925266013294e+07
1.272742266937556863e+07
1.272719685985746421e+07
1.272697182564221323e+07
1.272674756821467169e+07
1.272652408900817670e+07
1.272630138940490223e+07
1.272607947073652968e+07
1.272585833428495005e+07
1.272563798128301091e+07
1.272541841291514784e+07
1.272519963031785935e+07
1.272498163458007388e+07
1.272476442674340308e+07
1.272454800780238584e+07
1.272433237870475277e+07
1.272411754035181180e+07
1.272390349359893240e+07
1.272369023925618082e+07
1.272347777808908001e+07
1.272326611081941053e+07
1.272305523812607117e+07
1.272284516064588912e+07
1.272263587897436693e+07
1.272242739366634376e+07
1.272221970523650944e+07
1.272201281415986642e+07
1.272180672087203339e+07
1.272160142576955259e+07
1.272139692921010405e+07
1.272119323151273094e+07
1.272099033295806684e+07
1.272078823378859088e+07
1.272058693420889415e+07
1.272038643438598514e+07
1.272018673444961011e+07
1.271998783449260145e+07
1.271978973457121663e+07
1.271959243470549956e+07
1.271939593487964943e+07
1.271920023504238389e+07
1.271900533510731533e+07
1.271881123495336249e+07
1.271861793442511372e+07
1.271842543333327770e+07
1.271823373145508021e+07
1.271804282853472419e+07
1.271785272428380325e+07
