4.556970712055882812e+07
4.156206832347042859e+07
3.794183226560539007e+07
3.472125603358332813e+07
3.190884733670382574e+07
2.950805055728308111e+07
2.751569564019260928e+07
2.592027135663176328e+07
2.470028544865456223e+07
2.382302127528563887e+07
2.324429700983372331e+07
2.290979477030219883e+07
2.275829405043998733e+07
2.272653909082752094e+07
2.275477259694854170e+07
2.279162783035850525e+07
2.279735021954052150e+07
2.274500600905948877e+07
2.261996856086884439e+07
2.241827042536570504e+07
2.214439685325840116e+07
2.180894005886134505e+07
2.142636720155736804e+07
2.101303379904025421e+07
2.058550183156176656e+07
2.015918402045188844e+07
1.974731793672797456e+07
1.936026516231624410e+07
1.900512509499425441e+07
1.868564638430725411e+07
1.840240966796345264e+07
1.815324317954218388e+07
1.793381931362737715e+07
1.773836787277461216e+07
1.756043347814935073e+07
1.739360313145770133e+07
1.723213658651305735e+07
1.707144670199301839e+07
1.690839725686044991e+07
1.674140860750864446e+07
1.657038355279955640e+07
1.639648390765843168e+07
1.622180071459657326e+07
1.604896709764346480e+07
1.588076282281886041e+07
1.571975462516452745e+07
1.556800751321667060e+07
1.542689083663421497e+07
1.529699014578787982e+07
1.517812301424887776e+07
1.506944526995860040e+07
1.496962468049902841e+07
1.487705308447503299e+07
1.479006592275146022e+07
1.470714024131653644e+07
1.462704803912357613e+07
1.454895028148569539e+07
1.447242657420659810e+07
1.439744486905116960e+07
1.432428329528344236e+07
1.425342132807629928e+07
1.418541956674820185e+07
1.412080647310170904e+07
1.405998701269034669e+07
1.400318304462609254e+07
1.395040945438990183e+07
1.390148434788173437e+07
1.385606691905854270e+07
1.381371343435195833e+07
1.377394042476808839e+07
1.373628462161557004e+07
1.370035112662270479e+07
1.366584428703836724e+07
1.363257916583568975e+07
1.360047477421765029e+07
1.356953288115108944e+07
1.353980790564493090e+07
1.351137399586898834e+07
1.348429495635173470e+07
1.345860140733231232e+07
1.343427776015886106e+07
1.341125962454108894e+07
1.338944046615707316e+07
1.336868497719343752e+07
1.334884587419976294e+07
1.332978074295084365e+07
1.331136603919500113e+07
1.329350626655020379e+07
1.327613747474904358e+07
1.325922533004707657e+07
1.324275891348095983e+07
1.322674197212781385e+07
1.321118353093100712e+07
1.319608959158984572e+07
1.318145718558714911e+07
1.316727143342837319e+07
1.315350562457161956e+07
1.314012379006373882e+07
1.312708487592883967e+07
1.311434747872283310e+07
1.310187416906600073e+07
1.308963466063173488e+07
1.307760741322121769e+07
1.306577961329709925e+07
1.305414578479848802e+07
1.304270549699109793e+07
1.303146072949958220e+07
1.302041342865430750e+07
1.300956366711376235e+07
1.299890863819975033e+07
1.298844252064909041e+07
1.297815707810488157e+07
1.296804273963012919e+07
1.295808985723583773e+07
1.294828985305138677e+07
1.293863603865697607e+07
1.292912399027007446e+07
1.291975147117761895e+07
1.291051798478628695e+07
1.290142410220692120e+07
1.289247073034682870e+07
1.288365847176615894e+07
1.287498718485758454e+07
1.286645579526343197e+07
1.285806235084542073e+07
1.284980426495635882e+07
1.284167866409485042e+07
1.283368274904385209e+07
1.282581409123688377e+07
1.281807081262304820e+07
1.281045163004351407e+07
1.280295577636193484e+07
1.279558283412332460e+07
1.278833252973764576e+07
1.278120453640269674e+07
1.277419832410749979e+07
1.276731307880351320e+07
1.276054769465047866e+07
1.275390082728096284e+07
1.274737098529399186e+07
1.274095663310359605e+07
1.273465628060858697e+07
1.272846854235534370e+07
1.272239215858449042e+07
1.271642598027164117e+07
1.271056892788534239e+07
1.270481993778323382e+07
1.269917791059656069e+07
1.269364167314037867e+07
1.268820996048416942e+07
1.268288141924932972e+07
1.267765462830654345e+07
1.267252812980166450e+07
1.266750046229437739e+07
1.266257018866118416e+07
1.265773591377148032e+07
1.265299629002308287e+07
1.264835001181606948e+07
1.264379580229533464e+07
1.263933239682090469e+07
1.263495852756335586e+07
1.263067291258277372e+07
1.262647425113226846e+07
1.262236122519611008e+07
1.261833250584217533e+07
1.261438676211459935e+07
1.261052267001416907e+07
1.260673891953686997e+07
1.260303421856417134e+07
1.259940729336193204e+07
1.259585688629835099e+07
1.259238175195216388e+07
1.258898065296750516e+07
1.258565235684024915e+07
1.258239563439243473e+07
1.257920926015200093e+07
1.257609201435120218e+07
1.257304268590442464e+07
1.257006007558376342e+07
1.256714299867906794e+07
1.256429028665721789e+07
1.256150078764228895e+07
1.255877336583771184e+07
1.255610690023296885e+07
1.255350028304044902e+07
1.255095241828812286e+07
1.254846222087633237e+07
1.254602861623690836e+07
1.254365054056071490e+07
1.254132694142732210e+07
1.253905677860368788e+07
1.253683902478180453e+07
1.253467266608557478e+07
1.253255670226917043e+07
1.253049014662412927e+07
1.252847202568596974e+07
1.252650137886794657e+07
1.252457725814669579e+07
1.252269872788929567e+07
1.252086486485829204e+07
1.251907475837690383e+07
1.251732751059526950e+07
1.251562223677906580e+07
1.251395806554490328e+07
1.251233413898938522e+07
1.251074961269042827e+07
1.250920365559214912e+07
1.250769544980883040e+07
1.250622419039526209e+07
1.250478908512868360e+07
1.250338935433493182e+07
1.250202423077297583e+07
1.250069295957368240e+07
1.249939479821505398e+07
1.249812901650988683e+07
1.249689489658310451e+07
1.249569173282324895e+07
1.249451883180259913e+07
1.249337551216997020e+07
1.249226110452689976e+07
1.249117495130036026e+07
1.249011640662326291e+07
1.248908483622935042e+07
1.248807961736302264e+07
1.248710013869949244e+07
1.248614580026736483e+07
1.248521601336519606e+07
1.248431020046532340e+07
1.248342779510164633e+07
1.248256824174176157e+07
1.248173099564705789e+07
1.248091552272615023e+07
1.248012129938711226e+07
1.247934781239298731e+07
1.247859455872286484e+07
1.247786104543873109e+07
1.247714678955664858e+07
1.247645131791986153e+07
1.247577416707142815e+07
1.247511488312473148e+07
1.247447302163123339e+07
1.247384814744590409e+07
1.247323983459146321e+07
1.247264766612276994e+07
1.247207123399255425e+07
1.247151013891899213e+07
1.247096399025510252e+07
1.247043240585930645e+07
1.246991501196625829e+07
1.246941144305706024e+07
1.246892134172825888e+07
1.246844435855945200e+07
1.246798015197981521e+07
1.246752838813411444e+07
1.246708874074896798e+07
1.246666089100007340e+07
1.246624452738088742e+07
1.246583934557300806e+07
1.246544504831829295e+07
1.246506134529246390e+07
1.246468795298005268e+07
1.246432459455038980e+07
1.246397099973459914e+07
1.246362690470355377e+07
1.246329205194692500e+07
1.246296619015344419e+07
1.246264907409252040e+07
1.246234046449730173e+07
1.246204012794913165e+07
1.246174783676339313e+07
1.246146336887660250e+07
1.246118650773464516e+07
1.246091704218213633e+07
1.246065476635281369e+07
1.246039947956109419e+07
1.246015098619481176e+07
1.245990909560929798e+07
1.245967362202286720e+07
1.245944438441380113e+07
1.245922120641887560e+07
1.245900391623344272e+07
1.245879234651302733e+07
1.245858633427645639e+07
1.245838572081043944e+07
1.245819035157563910e+07
1.245800007611417770e+07
1.245781474795861542e+07
1.245763422454239801e+07
1.245745836711175740e+07
1.245728704063909128e+07
1.245712011373777315e+07
1.245695745857840963e+07
1.245679895080646127e+07
1.245664446946128085e+07
1.245649389689650387e+07
1.245634711870178208e+07
1.245620402362591028e+07
1.245606450350126624e+07
1.245592845316967182e+07
1.245579577040957287e+07
