7.961387021427848935e+07
7.200848461978882551e+07
6.484916901570242643e+07
5.815165577087260038e+07
5.192989361230874062e+07
4.619563389589600265e+07
4.095797357492390275e+07
3.622285893536990136e+07
3.199255862800713629e+07
2.826512060438835993e+07
2.503383541273217648e+07
2.228673784103349224e+07
2.000618957328517735e+07
1.816859617595491558e+07
1.674432021385885403e+07
1.569785568757564947e+07
1.498832348062172532e+07
1.457032960473293439e+07
1.439519565964713693e+07
1.441252536695845053e+07
1.457201826352810860e+07
1.482539235561107472e+07
1.512824458591870032e+07
1.544167223933004774e+07
1.573350388251741976e+07
1.597904010824564844e+07
1.616126977300062217e+07
1.627059144615477324e+07
1.630411995954984799e+07
1.626468777649810910e+07
1.615966022794861346e+07
1.599967674408247694e+07
1.579741308048118651e+07
1.556643789570388198e+07
1.532021510004247725e+07
1.507128364903429896e+07
1.483062997317519039e+07
1.460725506659377739e+07
1.440792808044435456e+07
1.423711047441359051e+07
1.409702894496577978e+07
1.398787113808001392e+07
1.390807542346177623e+07
1.385468472828244045e+07
1.382373462318532355e+07
1.381064751890478842e+07
1.381060788260014728e+07
1.381889761876198649e+07
1.383117586642938107e+07
1.384369304426584579e+07
1.385343459396804869e+07
1.385819511618436314e+07
1.385658811554082856e+07
1.384800012799938768e+07
1.383250046531098709e+07
1.381071915882416815e+07
1.378370599122772738e+07
1.375278290890467167e+07
1.371940078782356344e+07
1.368500967689616978e+07
1.365094945798032358e+07
1.361836552232857794e+07
1.358815173172622919e+07
1.356092074942833371e+07
1.353699990824388713e+07
1.351644922232026234e+07
1.349909700948961824e+07
1.348458790685239434e+07
1.347243783656750247e+07
1.346209068300298974e+07
1.345297201855875924e+07
1.344453608137156442e+07
1.343630326479863748e+07
1.342788651978940889e+07
1.341900619349008799e+07
1.340949383931959420e+07
1.339928636360465735e+07
1.338841247443693504e+07
1.337697374871101603e+07
1.336512273735012673e+07
1.335304041197751835e+07
1.334091496033560857e+07
1.332892351419627480e+07
1.331721789779250324e+07
1.330591497063235939e+07
1.329509165332143195e+07
1.328478430652625859e+07
1.327499180852784961e+07
1.326568145338870026e+07
1.325679669967007637e+07
1.324826576729913428e+07
1.324001018947802298e+07
1.323195255910431035e+07
1.322402290727850981e+07
1.321616336311904341e+07
1.320833095454480127e+07
1.320049859972619638e+07
1.319265449472508207e+07
1.318480021573493816e+07
1.317694792071610503e+07
1.316911705620729737e+07
1.316133095569862798e+07
1.315361366407857463e+07
1.314598724799221009e+07
1.313846976479190774e+07
1.313107397307520360e+07
1.312380678431355581e+07
1.311666938466138951e+07
1.310965790335496515e+07
1.310276447147924826e+07
1.309597850237737224e+07
1.308928803074890003e+07
1.308268096819360740e+07
1.307614616431359574e+07
1.306967419979065470e+07
1.306325787652288750e+07
1.305689240589607507e+07
1.305057532641396299e+07
1.304430620410911180e+07
1.303808618241052702e+07
1.303191745251749642e+07
1.302580271177173778e+07
1.301974466764333099e+07
1.301374563075882755e+07
1.300780722404009476e+07
1.300193021852020361e+07
1.299611449148532748e+07
1.299035909055306762e+07
1.298466237892937288e+07
1.297902223267441988e+07
1.297343626017876901e+07
1.296790201666489244e+07
1.296241719158753566e+07
1.295697975338277780e+07
1.295158804316704907e+07
1.294624081586130336e+07
1.294093723312219977e+07
1.293567681692602113e+07
1.293045937542468309e+07
1.292528491375164501e+07
1.292015354196122847e+07
1.291506539054370299e+07
1.291002054136191308e+07
1.290501897882748023e+07
1.290006056307728030e+07
1.289514502416741848e+07
1.289027197412445955e+07
1.288544093223273382e+07
1.288065135823775083e+07
1.287590268816385046e+07
1.287119436805904843e+07
1.286652588202497736e+07
1.286189677217538655e+07
1.285730664950690046e+07
1.285275519589844532e+07
1.284824215845678374e+07
1.284376733811769262e+07
1.283933057476626709e+07
1.283493173117004707e+07
1.283057067777492292e+07
1.282624727996970341e+07
1.282196138886573911e+07
1.281771283604805171e+07
1.281350143220824935e+07
1.280932696912498027e+07
1.280518922415021807e+07
1.280108796620368585e+07
1.279702296226641908e+07
1.279299398347588629e+07
1.278900081012494862e+07
1.278504323511739261e+07
1.278112106569482386e+07
1.277723412349008210e+07
1.277338224315569550e+07
1.276956526994625479e+07
1.276578305669620261e+07
1.276203546063254774e+07
1.275832234040680528e+07
1.275464355363766477e+07
1.275099895514315367e+07
1.274738839592588879e+07
1.274381172287159972e+07
1.274026877904112637e+07
1.273675940438447148e+07
1.273328343668499589e+07
1.272984071254885942e+07
1.272643106828415953e+07
1.272305434055853635e+07
1.271971036677443981e+07
1.271639898515112326e+07
1.271312003454471752e+07
1.270987335406859778e+07
1.270665878259363212e+07
1.270347615821168758e+07
1.270032531773777120e+07
1.269720609630959108e+07
1.269411832712139189e+07
1.269106184130600467e+07
1.268803646795755439e+07
1.268504203427057341e+07
1.268207836576024815e+07
1.267914528652387112e+07
1.267624261950498633e+07
1.267337018672772869e+07
1.267052780947826430e+07
1.266771530866343714e+07
1.266493250389442593e+07
1.266217921491712332e+07
1.265945526059930772e+07
1.265676045908271894e+07
1.265409462768672779e+07
1.265145758281772770e+07
1.264884913989691436e+07
1.264626911331457645e+07
1.264371731641420349e+07
1.264119356150518358e+07
1.263869765989960171e+07
1.263622942196646892e+07
1.263378865719572082e+07
1.263137517426497489e+07
1.262898878110310249e+07
1.262662928494670056e+07
1.262429649238761142e+07
1.262199020941148326e+07
1.261971024142916501e+07
1.261745639330348000e+07
1.261522846937450580e+07
1.261302627348631807e+07
1.261084960901746526e+07
1.260869827891670540e+07
1.260657208574445918e+07
1.260447083171948977e+07
1.260239431876969524e+07
1.260034234858525917e+07
1.259831472267234325e+07
1.259631124240553565e+07
1.259433170907758176e+07
1.259237592394540273e+07
1.259044368827195838e+07
1.258853480336391926e+07
1.258664907060564309e+07
1.258478629149017856e+07
1.258294626764815114e+07
1.258112880087549053e+07
1.257933369316071272e+07
1.257756074671240151e+07
1.257580976398726553e+07
1.257408054771888629e+07
1.257237290094714798e+07
1.257068662704811990e+07
1.256902152976419404e+07
1.256737741323403642e+07
1.256575408202232048e+07
1.256415134114880487e+07
1.256256899611682817e+07
1.256100685294106416e+07
1.255946471817464754e+07
1.255794239893571101e+07
1.255643970293343440e+07
1.255495643849368952e+07
1.255349241458434425e+07
1.255204744084022194e+07
1.255062132758773863e+07
1.254921388586908393e+07
1.254782492746591754e+07
1.254645426492244564e+07
1.254510171156778000e+07
1.254376708153749816e+07
1.254245018979433179e+07
1.254115085214797407e+07
1.253986888527399302e+07
1.253860410673186183e+07
1.253735633498221636e+07
1.253612538940332457e+07
1.253491109030691907e+07
1.253371325895339809e+07
1.253253171756649762e+07
1.253136628934746236e+07
1.253021679848875105e+07
1.252908307018733211e+07
1.252796493065750599e+07
1.252686220714335702e+07
1.252577472793075815e+07
1.252470232235895842e+07
1.252364482083174586e+07
1.252260205482818745e+07
1.252157385691294633e+07
1.252056006074617244e+07
1.251956050109298341e+07
1.251857501383252442e+07
1.251760343596662208e+07
1.251664560562802851e+07
1.251570136208825558e+07
1.251477054576497898e+07
1.251385299822906405e+07
1.251294856221112981e+07
1.251205708160770871e+07
1.251117840148700401e+07
1.251031236809418350e+07
1.250945882885629125e+07
