4.676278429462578893e+07
4.151236834710031748e+07
3.710342012536294013e+07
3.355182864823343605e+07
3.085526453178234026e+07
2.898470476281178370e+07
2.787492567908348888e+07
2.741692356025983021e+07
2.745768076470843330e+07
2.781301092125355825e+07
2.829401352950184047e+07
2.873843721685973555e+07
2.903369820788897574e+07
2.912394635744655505e+07
2.900318912008353695e+07
2.870136525769255310e+07
2.826938941724301875e+07
2.776630998118580133e+07
2.724950281479327753e+07
2.676777690584285557e+07
2.635699814673893154e+07
2.603790091339635104e+07
2.581587719900074974e+07
2.568257076887947693e+07
2.561901422875053063e+07
2.559985745538940281e+07
2.559803412052168697e+07
2.558911141332983971e+07
2.555464013229702413e+07
2.548406368739414960e+07
2.537507187975776196e+07
2.523258953014161065e+07
2.506679314598926902e+07
2.489062986052374542e+07
2.471729547021060437e+07
2.455805155348470062e+07
2.442065670931957662e+07
2.430857007147367671e+07
2.422096250964614749e+07
2.415344814501122013e+07
2.409933878054392338e+07
2.405114644905474037e+07
2.400203413974816725e+07
2.394695083783657104e+07
2.388327588068430498e+07
2.381091518387436867e+07
2.373190749973344430e+07
2.364968648072135821e+07
2.356818955678243563e+07
2.349100580655290931e+07
2.342071973987935483e+07
2.335854869780157134e+07
2.330430235197982192e+07
2.325662695330724865e+07
2.321344606760268658e+07
2.317248175914801657e+07
2.313173893999540061e+07
2.308985862474848330e+07
2.304628571024800092e+07
2.300124312720600143e+07
2.295554603097960353e+07
2.291031873679625243e+07
2.286668894412886724e+07
2.282552828251679987e+07
2.278728877834323794e+07
2.275195729615567252e+07
2.271912113976506889e+07
2.268811418841858208e+07
2.265819890387790650e+07
2.262873739382301271e+07
2.259931363573068380e+07
2.256978558258269727e+07
2.254026530959027633e+07
2.251104261321853474e+07
2.248247868495815620e+07
2.245489976873309538e+07
2.242851636055086181e+07
2.240338361327418685e+07
2.237940631440736353e+07
2.235638041986037046e+07
2.233405530996946245e+07
2.231219812902689725e+07
2.229064379645043612e+07
2.226932029873024672e+07
2.224824665452571213e+07
2.222750827865651250e+07
2.220721954885954037e+07
2.218748521264348552e+07
2.216837083485225588e+07
2.214988860093699768e+07
2.213199980588514730e+07
2.211463073613058776e+07
2.209769556890151650e+07
2.208111898509824276e+07
2.206485237270043045e+07
2.204888017514433339e+07
2.203321617114542052e+07
2.201789229010232165e+07
2.200294424774874747e+07
2.198839852340821922e+07
2.197426413315906748e+07
2.196053076998516545e+07
2.194717283300917596e+07
2.193415725999343395e+07
2.192145230658803135e+07
2.190903458274404705e+07
2.189689257711149007e+07
2.188502619724009931e+07
2.187344309337576106e+07
2.186215336086571962e+07
2.185116444682494551e+07
2.184047773971046880e+07
2.183008758415382355e+07
2.181998261611589417e+07
2.181014862739254534e+07
2.180057182830756903e+07
2.179124143580201268e+07
2.178215089388933033e+07
2.177329756928347796e+07
2.176468126701577753e+07
2.175630222721768543e+07
2.174815932346587628e+07
2.174024900516517088e+07
2.173256520356095582e+07
2.172510007789684087e+07
2.171784522783803195e+07
2.171079290704695880e+07
2.170393684606633335e+07
2.169727248170228302e+07
2.169079661573776603e+07
2.168450670867224038e+07
2.167840010075972974e+07
2.167247342911011726e+07
2.166672240075155720e+07
2.166114193674074113e+07
2.165572657565386221e+07
2.165047095589737967e+07
2.164537019950764254e+07
2.164042008311479539e+07
2.163561697369311750e+07
2.163095759156205133e+07
2.162643871273512393e+07
2.162205692548662797e+07
2.161780851830244437e+07
2.161368951770437509e+07
2.160969583863051981e+07
2.160582347629085928e+07
2.160206866515482590e+07
2.159842795433063433e+07
2.159489818645447865e+07
2.159147640357870609e+07
2.158815972565858066e+07
2.158494524941403419e+07
2.158182999997453392e+07
2.157881094316166639e+07
2.157588504291053116e+07
2.157304933449680358e+07
2.157030098344947025e+07
2.156763731046875194e+07
2.156505577866153046e+07
2.156255395411889255e+07
2.156012945901834965e+07
2.155777993604462966e+07
2.155550303551503271e+07
2.155329642609260604e+07
2.155115782084437460e+07
2.154908500589213520e+07
2.154707585998281837e+07
2.154512835866208375e+07
2.154324056363022327e+07
2.154141060340231284e+07
2.153963665367392823e+07
2.153791692446387559e+07
2.153624965727178380e+07
2.153463313104959950e+07
2.153306567257058620e+07
2.153154566584049165e+07
2.153007155652382970e+07
2.152864185005164146e+07
2.152725510484316573e+07
2.152590992379960418e+07
2.152460494739717245e+07
2.152333885050857067e+07
2.152211034322270751e+07
2.152091817427007854e+07
2.151976113483519852e+07
2.151863806074478105e+07
2.151754783200855553e+07
2.151648936992922425e+07
2.151546163294341788e+07
2.151446361267056316e+07
2.151349433130768687e+07
2.151255284076327831e+07
2.151163822314770520e+07
2.151074959175567329e+07
2.150988609163770825e+07
2.150904689920287579e+07
2.150823122081441432e+07
2.150743829078528285e+07
2.150666736937712878e+07
2.150591774131180719e+07
2.150518871500856429e+07
2.150447962242094800e+07
2.150378981911814213e+07
2.150311868421456218e+07
2.150246561988645792e+07
2.150183005043781549e+07
2.150121142108028382e+07
2.150060919668984413e+07
2.150002286077239737e+07
2.149945191474639624e+07
2.149889587750248611e+07
2.149835428509630263e+07
2.149782669040787965e+07
2.149731266265624017e+07
2.149681178675133735e+07
2.149632366255122051e+07
2.149584790413170308e+07
2.149538413916065171e+07
2.149493200841393322e+07
2.149449116540747881e+07
2.149406127607809752e+07
2.149364201844087988e+07
2.149323308217855543e+07
2.149283416816119105e+07
2.149244498793078214e+07
2.149206526319999248e+07
2.149169472540486231e+07
2.149133311532553658e+07
2.149098018276224285e+07
2.149063568623732775e+07
2.149029939269430935e+07
2.148997107717828453e+07
2.148965052249986306e+07
2.148933751889858395e+07
2.148903186372507736e+07
2.148873336115465313e+07
2.148844182193338126e+07
2.148815706314687058e+07
2.148787890799736977e+07
2.148760718557732925e+07
2.148734173063503951e+07
2.148708238333596289e+07
2.148682898902855814e+07
2.148658139802323282e+07
2.148633946538924798e+07
2.148610305076892674e+07
2.148587201820427179e+07
2.148564623597021401e+07
2.148542557641020417e+07
2.148520991577358916e+07
2.148499913405692577e+07
2.148479311485253274e+07
2.148459174520689994e+07
2.148439491548915952e+07
2.148420251926784217e+07
2.148401445319291949e+07
2.148383061688053608e+07
2.148365091279935837e+07
2.148347524615887180e+07
2.148330352480136603e+07
2.148313565909915417e+07
2.148297156185797602e+07
2.148281114822648093e+07
2.148265433586231247e+07
2.148250104383869469e+07
2.148235119409104437e+07
2.148220471031881869e+07
2.148206151816927269e+07
2.148192154516796023e+07
2.148178472065307572e+07
2.148165097571346909e+07
2.148152024312981963e+07
2.148139245731823146e+07
2.148126755427579582e+07
2.148114547152773291e+07
2.148102614807643741e+07
2.148090952435252070e+07
2.148079554216820747e+07
2.148068414467322081e+07
2.148057527631288767e+07
2.148046888278832287e+07
2.148036491101834923e+07
2.148026330910297483e+07
2.148016402628841251e+07
2.148006701293357089e+07
2.147997222047818452e+07
2.147987960141238570e+07
2.147978910924777389e+07
2.147970069848958775e+07
2.147961432461005077e+07
2.147952994402254373e+07
2.147944751405676454e+07
2.147936699293472245e+07
2.147928833974779770e+07
2.147921151443466917e+07
2.147913647776028886e+07
2.147906319129567593e+07
2.147899161739853770e+07
2.147892171919466928e+07
