8.812799916016986966e+07
8.064605971804122627e+07
7.458320305320090055e+07
6.994450464163187146e+07
6.666671773363547772e+07
6.457834338963571936e+07
6.339144964560267329e+07
6.276875345893229544e+07
6.241262511162285507e+07
6.210140035791075230e+07
6.168867056592562795e+07
6.109469323188921809e+07
6.029483914528939873e+07
5.930535067746207863e+07
5.816861333340487629e+07
5.694005360535129905e+07
5.567763439097045362e+07
5.443407348079546541e+07
5.325157011788460612e+07
5.215877592640529573e+07
5.116978330880473554e+07
5.028491321250978112e+07
4.949302364562968910e+07
4.877494256451887637e+07
4.810749916110296547e+07
4.746754976764899492e+07
4.683541353280147165e+07
4.619726936040566862e+07
4.554628211236253381e+07
4.488246867525725067e+07
4.421152054478385299e+07
4.354293130346631259e+07
4.288782602386167645e+07
4.225686851156781614e+07
4.165855299954061210e+07
4.109808900452598184e+07
4.057697598120185733e+07
4.009324977818796039e+07
3.964227826832083613e+07
3.921790370194321126e+07
3.881368863574707508e+07
3.842402905231823772e+07
3.804495006806036085e+07
3.767448254126167297e+07
3.731261189239677787e+07
3.696087233599556237e+07
3.662171524369912595e+07
3.629780296335241199e+07
3.599137059275884926e+07
3.570376494089677185e+07
3.543522174534879625e+07
3.518488974127894640e+07
3.495106254257488251e+07
3.473154471103321016e+07
3.452406167052414268e+07
3.432662582623764873e+07
3.413779135935026407e+07
3.395676120368862152e+07
3.378334521767272055e+07
3.361779951723746210e+07
3.346059801970956102e+07
3.331219483051879704e+07
3.317283023772988096e+07
3.304241657746478170e+07
3.292051786946712062e+07
3.280641443365037441e+07
3.269922575285016745e+07
3.259805517059274763e+07
3.250211989906200767e+07
3.241083818499567360e+07
3.232385935668505356e+07
3.224103788752952218e+07
3.216236570441177115e+07
3.208788493112089485e+07
3.201760486572983488e+07
3.195144268921983615e+07
3.188919897302126512e+07
3.183056903327836469e+07
3.177518218594137207e+07
3.172265506466745585e+07
3.167264346772047877e+07
3.162487963948596269e+07
3.157918736900020763e+07
3.153547404057411849e+07
3.149370489399459213e+07
3.145386870943317562e+07
3.141594513445312530e+07
3.137988200705638900e+07
3.134558715337212756e+07
3.131293455567045882e+07
3.128178084402691945e+07
3.125198577638912946e+07
3.122343016802233830e+07
3.119602640377529338e+07
3.116971949875544012e+07
3.114447970410469174e+07
3.112028998492139205e+07
3.109713274107780680e+07
3.107497975933065265e+07
3.105378787184031680e+07
3.103350074481215328e+07
3.101405531318095326e+07
3.099539017081514001e+07
3.097745300014768913e+07
3.096020482695997506e+07
3.094362018144742399e+07
3.092768365621998906e+07
3.091238441743104160e+07
3.089771065314994007e+07
3.088364567949806899e+07
3.087016664540649578e+07
3.085724580198819935e+07
3.084485347650391608e+07
3.083296146498472989e+07
3.082154561830399185e+07
3.081058685712139308e+07
3.080007050215770677e+07
3.078998440139579028e+07
3.078031668006777763e+07
3.077105394912667572e+07
3.076218052588635311e+07
3.075367878482548892e+07
3.074553034090995044e+07
3.073771751609870419e+07
3.073022451892179251e+07
3.072303795296728238e+07
3.071614656757631898e+07
3.070954045015458018e+07
3.070321003193093836e+07
3.069714529071572423e+07
3.069133540365583450e+07
3.068576889862009883e+07
3.068043416111797094e+07
3.067532004426315054e+07
3.067041633127876744e+07
3.066571389630403370e+07
3.066120454934379458e+07
3.065688067508972064e+07
3.065273483780248091e+07
3.064875951042874902e+07
3.064494701243920624e+07
3.064128964521117136e+07
3.063777993705905974e+07
3.063441087979336828e+07
3.063117606009928510e+07
3.062806964586433023e+07
3.062508625179181620e+07
3.062222075326192379e+07
3.061946812734308839e+07
3.061682337630986422e+07
3.061428154666399956e+07
3.061183781568419933e+07
3.060948759456616268e+07
3.060722659895004332e+07
3.060505085950778425e+07
3.060295667501748353e+07
3.060094053428858891e+07
3.059899904225288704e+07
3.059712887806434557e+07
3.059532679490664601e+07
3.059358965181227028e+07
3.059191445566718280e+07
3.059029839079659432e+07
3.058873882265879959e+07
3.058723327570026368e+07
3.058577939676697925e+07
3.058437492001501843e+07
3.058301764609726518e+07
3.058170544013734534e+07
3.058043624409336597e+07
3.057920809360706061e+07
3.057801912922784314e+07
3.057686759623182938e+07
3.057575183345162868e+07
3.057467025650538504e+07
3.057362134251813591e+07
3.057260362162460014e+07
3.057161567662016302e+07
3.057065614822320640e+07
3.056972374131305516e+07
3.056881722788602114e+07
3.056793544475154579e+07
3.056707728680690750e+07
3.056624169868873060e+07
3.056542766792995483e+07
3.056463422156389058e+07
3.056386042621756345e+07
3.056310539013222605e+07
3.056236826494822279e+07
3.056164824561096355e+07
3.056094456796406209e+07
3.056025650480502099e+07
3.055958336181128025e+07
3.055892447459394857e+07
3.055827920740495250e+07
3.055764695316082239e+07
3.055702713389137387e+07
3.055641920069196075e+07
3.055582263268126920e+07
3.055523693506044894e+07
3.055466163681554794e+07
3.055409628870939463e+07
3.055354046197727323e+07
3.055299374774331227e+07
3.055245575683604926e+07
3.055192611955905706e+07
3.055140448509148881e+07
3.055089052045311034e+07
3.055038390921576694e+07
3.054988435025673360e+07
3.054939155679375678e+07
3.054890525577437133e+07
3.054842518751613051e+07
3.054795110540006310e+07
3.054748277544182539e+07
3.054701997567184269e+07
3.054656249537878856e+07
3.054611013434444368e+07
3.054566270219255984e+07
3.054522001790621877e+07
3.054478190948367491e+07
3.054434821364711970e+07
3.054391877551757917e+07
3.054349344821225852e+07
3.054307209237907827e+07
3.054265457572320849e+07
3.054224077258442715e+07
3.054183056359620392e+07
3.054142383541769907e+07
3.054102048050094396e+07
3.054062039685139805e+07
3.054022348775816709e+07
3.053982966149754077e+07
3.053943883103354275e+07
3.053905091374323517e+07
3.053866583118218556e+07
3.053828350888752192e+07
3.053790387620174140e+07
3.053752686609783769e+07
3.053715241499470174e+07
3.053678046256374568e+07
3.053641095153792948e+07
3.053604382753537595e+07
3.053567903890485317e+07
3.053531653659091145e+07
3.053495627401088178e+07
3.053459820693418384e+07
3.053424229335863143e+07
3.053388849338459969e+07
3.053353676909197122e+07
3.053318708442572504e+07
3.053283940509320050e+07
3.053249369847188890e+07
3.053214993352397904e+07
3.053180808071352541e+07
3.053146811192403361e+07
3.053113000037714466e+07
3.053079372055476904e+07
3.053045924812717736e+07
3.053012655988784879e+07
3.052979563369411975e+07
3.052946644841154292e+07
3.052913898385987058e+07
3.052881322075980529e+07
3.052848914068101346e+07
3.052816672599248961e+07
3.052784595981650800e+07
3.052752682598633319e+07
3.052720930900720879e+07
3.052689339401959255e+07
3.052657906676390022e+07
3.052626631354644895e+07
3.052595512120691314e+07
3.052564547708776966e+07
3.052533736900610477e+07
3.052503078522765264e+07
3.052472571444255859e+07
3.052442214574235305e+07
3.052412006859775260e+07
3.052381947283721715e+07
3.052352034862642735e+07
3.052322268644906208e+07
3.052292647708880156e+07
3.052263171161270514e+07
3.052233838135562092e+07
3.052204647790541872e+07
3.052175599308896065e+07
3.052146691895886511e+07
3.052117924778096378e+07
3.052089297202270105e+07
3.052060808434236422e+07
3.052032457757896930e+07
3.052004244474271685e+07
3.051976167900587618e+07
3.051948227369401604e+07
3.051920422227767110e+07
3.051892751836445183e+07
3.051865215569164604e+07
3.051837812811928242e+07
3.051810542962370813e+07
