1.481249834620989561e+08
1.312201553212212026e+08
1.158369298561585546e+08
1.019828438443784863e+08
8.965495039737790823e+07
7.883820069913996756e+07
6.950380710623723269e+07
6.160768870185244083e+07
5.508914393611894548e+07
4.986994078549184650e+07
4.585405342911943793e+07
4.292829106302821636e+07
4.096404088979980350e+07
3.982026697499649972e+07
3.934776271773758531e+07
3.939446107098126411e+07
3.981140039531835914e+07
4.045877969757420570e+07
4.121147037725275755e+07
4.196340968515092134e+07
4.263047257505565882e+07
4.315165502135041356e+07
4.348863894787487388e+07
4.362399308842039853e+07
4.355836846894911677e+07
4.330707312369065732e+07
4.289637820292849839e+07
4.235984300929778814e+07
4.173487256744536757e+07
4.105965322394865006e+07
4.037055668531639129e+07
3.970006202186120301e+07
3.907521612602319568e+07
3.851663206877093017e+07
3.803800787715306878e+07
3.764613245670694113e+07
3.734132903488117456e+07
3.711826942158794403e+07
3.696707575298242271e+07
3.687461238380128890e+07
3.682586181399993598e+07
3.680527727931854129e+07
3.679801225063601136e+07
3.679094351651816815e+07
3.677342820307461172e+07
3.673776322195491195e+07
3.667934477943864465e+07
3.659655230414994806e+07
3.649040267243022472e+07
3.636403516743890196e+07
3.622209457566364855e+07
3.607007958883216232e+07
3.591371736605882645e+07
3.575841427069844306e+07
3.560881912277295440e+07
3.546852043235473335e+07
3.533988444350473583e+07
3.522402760843803734e+07
3.512090622994460166e+07
3.502949806458987296e+07
3.494804598004825413e+07
3.487433232411570847e+07
3.480595423222011328e+07
3.474057417837008089e+07
3.467612598648333549e+07
3.461096348847887665e+07
3.454394625056788325e+07
3.447446356527814269e+07
3.440240363424426317e+07
3.432807913541606069e+07
3.425212296536888927e+07
3.417536885141244531e+07
3.409873088354219496e+07
3.402309409522008151e+07
3.394922538098360598e+07
3.387771067447916418e+07
3.380892081823121756e+07
3.374300529534633458e+07
3.367991025747045875e+07
3.361941528134623915e+07
3.356118213020305336e+07
3.350480849947401136e+07
3.344988021202145517e+07
3.339601644541320205e+07
3.334290412168061733e+07
3.329031934406240284e+07
3.323813550549450144e+07
3.318631922885135934e+07
3.313491648534009606e+07
3.308403198939276859e+07
3.303380526115298644e+07
3.298438661238353327e+07
3.293591582442270219e+07
3.288850555383866280e+07
3.284223064245211706e+07
3.279712364102779701e+07
3.275317608221459389e+07
3.271034443495811149e+07
3.266855928553609923e+07
3.262773613357189298e+07
3.258778624969860166e+07
3.254862627648282796e+07
3.251018561174111068e+07
3.247241103252320364e+07
3.243526843913798779e+07
3.239874197030768543e+07
3.236283102484821901e+07
3.232754590027656406e+07
3.229290281905707344e+07
3.225891906832101569e+07
3.222560884998732805e+07
3.219298025386166573e+07
3.216103355792906135e+07
3.212976085763620958e+07
3.209914685439763218e+07
3.206917051026308164e+07
3.203980720937054977e+07
3.201103105758815259e+07
3.198281699229234084e+07
3.195514245176696032e+07
3.192798845244706422e+07
3.190134002587769181e+07
3.187518606123463437e+07
3.184951867241635546e+07
3.182433225435168296e+07
3.179962240927340090e+07
3.177538491258589923e+07
3.175161485528007895e+07
3.172830605340366438e+07
3.170545076339922845e+07
3.168303969314555079e+07
3.166106225868280977e+07
3.163950701003596559e+07
3.161836213795811310e+07
3.159761597612100840e+07
3.157725742769299075e+07
3.155727626750586927e+07
3.153766329672894999e+07
3.151841035191879049e+07
3.149951019102427736e+07
3.148095629306371510e+07
3.146274261472622678e+07
3.144486334631637484e+07
3.142731270253372937e+07
3.141008477253174037e+07
3.139317344081356749e+07
3.137657237799899280e+07
3.136027509014957398e+07
3.134427500837684795e+07
3.132856559739528596e+07
3.131314046236584336e+07
3.129799343710896373e+07
3.128311864249426872e+07
3.126851051034146175e+07
3.125416377435745299e+07
3.124007343458349630e+07
3.122623470495698974e+07
3.121264295470578969e+07
3.119929365353136510e+07
3.118618232831947505e+07
3.117330453602319956e+07
3.116065585402452946e+07
3.114823188626716286e+07
3.113602828119573742e+07
3.112404075627828762e+07
3.111226512367277592e+07
3.110069731229628623e+07
3.108933338290810958e+07
3.107816953450303525e+07
3.106720210200043395e+07
3.105642754663323611e+07
3.104584244139871746e+07
3.103544345434673876e+07
3.102522733237135410e+07
3.101519088763990626e+07
3.100533098799733818e+07
3.099564455179945752e+07
3.098612854681732506e+07
3.097677999224339426e+07
3.096759596248662099e+07
3.095857359138391539e+07
3.094971007564214617e+07
3.094100267668477073e+07
3.093244872051994875e+07
3.092404559568142891e+07
3.091579074964535236e+07
3.090768168434654176e+07
3.089971595149027556e+07
3.089189114829041809e+07
3.088420491409658641e+07
3.087665492814777046e+07
3.086923890845771506e+07
3.086195461164024845e+07
3.085479983335087448e+07
3.084777240896785259e+07
3.084087021415788308e+07
3.083409116505400091e+07
3.082743321789000556e+07
3.082089436806267500e+07
3.081447264870321006e+07
3.080816612891788408e+07
3.080197291189419478e+07
3.079589113306421414e+07
3.078991895847842842e+07
3.078405458348429576e+07
3.077829623173741996e+07
3.077264215451438352e+07
3.076709063025278226e+07
3.076163996422291547e+07
3.075628848823572695e+07
3.075103456030985340e+07
3.074587656425004080e+07
3.074081290912258625e+07
3.073584202864290401e+07
3.073096238051180542e+07
3.072617244574660063e+07
3.072147072805196419e+07
3.071685575326456875e+07
3.071232606888952479e+07
3.070788024372885376e+07
3.070351686758707464e+07
3.069923455102861673e+07
3.069503192515769228e+07
3.069090764139366522e+07
3.068686037122139707e+07
3.068288880590619892e+07
3.067899165617268533e+07
3.067516765185547248e+07
3.067141554153529555e+07
3.066773409217600524e+07
3.066412208877672628e+07
3.066057833404960111e+07
3.065710164812843502e+07
3.065369086830834672e+07
3.065034484881220758e+07
3.064706246057695523e+07
3.064384259105215222e+07
3.064068414400385693e+07
3.063758603931904957e+07
3.063454721280819178e+07
3.063156661600618809e+07
3.062864321597359329e+07
3.062577599510104954e+07
3.062296395091976970e+07
3.062020609592019022e+07
3.061750145737966523e+07
3.061484907719855383e+07
3.061224801174318045e+07
3.060969733169317618e+07
3.060719612189057469e+07
3.060474348118867353e+07
3.060233852229876071e+07
3.059998037163449079e+07
3.059766816915379837e+07
3.059540106819945946e+07
3.059317823533947393e+07
3.059099885020865873e+07
3.058886210535258055e+07
3.058676720607451349e+07
3.058471337028577551e+07
3.058269982835917920e+07
3.058072582298523933e+07
3.057879060903039575e+07
3.057689345339682698e+07
3.057503363488309085e+07
3.057321044404559210e+07
3.057142318306059018e+07
3.056967116558687016e+07
3.056795371662925184e+07
3.056627017240313441e+07
3.056461988020001352e+07
3.056300219825425744e+07
3.056141649561076611e+07
3.055986215199355781e+07
3.055833855767487735e+07
3.055684511334474385e+07
3.055538122998071089e+07
3.055394632871768624e+07
3.055253984071794897e+07
3.055116120704126358e+07
3.054980987851541862e+07
3.054848531560712308e+07
3.054718698829366267e+07
3.054591437593523040e+07
3.054466696714819223e+07
3.054344425967917591e+07
3.054224576028013974e+07
3.054107098458430171e+07
3.053991945698289946e+07
3.053879071050281823e+07
3.053768428668502346e+07
3.053659973546376452e+07
3.053553661504661664e+07
3.053449449179538712e+07
3.053347294010778889e+07
3.053247154230007157e+07
3.053148988849049062e+07
3.053052757648361102e+07
3.052958421165554598e+07
3.052865940684000030e+07
