9.331417412341293693e+07
8.483354145101639628e+07
7.680592533978974819e+07
6.924650735281728208e+07
6.216887966499839723e+07
5.558471681585867703e+07
4.950341909297271073e+07
4.393173075526373088e+07
3.887333885168491304e+07
3.432846171632718295e+07
3.029344038276866823e+07
2.676035112738687545e+07
2.371666288940300047e+07
2.114496906180574000e+07
1.902282822891948000e+07
1.732275185822010040e+07
1.601237722364602610e+07
1.505485940166153014e+07
1.440950564004463702e+07
1.403265802245183289e+07
1.387880675768784806e+07
1.390188882371678576e+07
1.405669922053611651e+07
1.430031993629771471e+07
1.459346011527872086e+07
1.490160339662934653e+07
1.519587560012724437e+07
1.545357512716746144e+07
1.565834421102820337e+07
1.579999499765234254e+07
1.587403460127831250e+07
1.588095405027200095e+07
1.582535623265179060e+07
1.571499855155661702e+07
1.555981932919647917e+07
1.537100581122705340e+07
1.516014843010129593e+07
1.493851267710138485e+07
1.471644769878397509e+07
1.450294016211446002e+07
1.430531318591634929e+07
1.412906313281530887e+07
1.397782161496520415e+07
1.385342600324130803e+07
1.375607890004078671e+07
1.368457534841232374e+07
1.363657594909233972e+07
1.360890449517375603e+07
1.359785014496601000e+07
1.359945642917195708e+07
1.360978236952107027e+07
1.362512446620298736e+07
1.364219203998698108e+07
1.365823218182243034e+07
1.367110403354671225e+07
1.367930524513452873e+07
1.368195592992079817e+07
1.367874728237907961e+07
1.366986316232476383e+07
1.365588342108626291e+07
1.363767761474589258e+07
1.361629711227624491e+07
1.359287257370741107e+07
1.356852246240843087e+07
1.354427678084561601e+07
1.352101868757148460e+07
1.349944515998100862e+07
1.348004649405180290e+07
1.346310324505327083e+07
1.344869826175213233e+07
1.343674078318004310e+07
1.342699916569099389e+07
1.341913868483632430e+07
1.341276099028589204e+07
1.340744214611733519e+07
1.340276671463664062e+07
1.339835598283638991e+07
1.339388912677958235e+07
1.338911680247383006e+07
1.338386729077385738e+07
1.337804586259622499e+07
1.337162845611091331e+07
1.336465101616463065e+07
1.335719599196385033e+07
1.334937747545555979e+07
1.334132634632971324e+07
1.333317658008379489e+07
1.332505360658793896e+07
1.331706530777788907e+07
1.330929594270213321e+07
1.330180301041186973e+07
1.329461682498004846e+07
1.328774239501503855e+07
1.328116307887237519e+07
1.327484542697173730e+07
1.326874461974711157e+07
1.326280995539655350e+07
1.325698992466880940e+07
1.325123651795252785e+07
1.324550853027545102e+07
1.323977375071704015e+07
1.323401003414365835e+07
1.322820534732934833e+07
1.322235695324786939e+07
1.321646994406126812e+07
1.321055535498914309e+07
1.320462808982491307e+07
1.319870486800720170e+07
1.319280236758649349e+07
1.318693569342065230e+07
1.318111725078265369e+07
1.317535605613789521e+07
1.316965747323524021e+07
1.316402332692814991e+07
1.315845232123330608e+07
1.315294067283493653e+07
1.314748286629222520e+07
1.314207244146361575e+07
1.313670273533227295e+07
1.313136751730654016e+07
1.312606147683885507e+07
1.312078054260461405e+07
1.311552203153767809e+07
1.311028464218141139e+07
1.310506831903529167e+07
1.309987402233535238e+07
1.309470344097679295e+07
1.308955868546825275e+07
1.308444199362332746e+07
1.307935547507583164e+07
1.307430091266755387e+07
1.306927963029518723e+07
1.306429242879544571e+07
1.305933958459247649e+07
1.305442090060635656e+07
1.304953579557105526e+07
1.304468341645891033e+07
1.303986275899236277e+07
1.303507278293551132e+07
1.303031251159900986e+07
1.302558110832645744e+07
1.302087792623268999e+07
1.301620253076030686e+07
1.301155469741586596e+07
1.300693438914355636e+07
1.300234171909570694e+07
1.299777690506397560e+07
1.299324022162194364e+07
1.298873195523722656e+07
1.298425236641395465e+07
1.297980166151338629e+07
1.297537997545075044e+07
1.297098736513543315e+07
1.296662381242745370e+07
1.296228923459968716e+07
1.295798349985357560e+07
1.295370644532565400e+07
1.294945789520023204e+07
1.294523767694398388e+07
1.294104563422172517e+07
1.293688163565837592e+07
1.293274557920512557e+07
1.292863739238688722e+07
1.292455702911002934e+07
1.292050446396996826e+07
1.291647968511292338e+07
1.291248268668679893e+07
1.290851346178658679e+07
1.290457199659290165e+07
1.290065826615297422e+07
1.289677223199655116e+07
1.289291384154356085e+07
1.288908302906934917e+07
1.288527971785948612e+07
1.288150382311592065e+07
1.287775525516602397e+07
1.287403392256780341e+07
1.287033973478425480e+07
1.286667260420289263e+07
1.286303244738719799e+07
1.285941918555147201e+07
1.285583274433857203e+07
1.285227305304419994e+07
1.284874004346849769e+07
1.284523364858601615e+07
1.284175380121208541e+07
1.283830043281257153e+07
1.283487347256156430e+07
1.283147284670461155e+07
1.282809847823974490e+07
1.282475028688959777e+07
1.282142818930924311e+07
1.281813209945698455e+07
1.281486192904976569e+07
1.281161758802945167e+07
1.280839898497895151e+07
1.280520602744470723e+07
1.280203862214207277e+07
1.279889667503909394e+07
1.279578009133069962e+07
1.279268877532723919e+07
1.278962263028841838e+07
1.278658155823540501e+07
1.278356545977163315e+07
1.278057423393686488e+07
1.277760777811106853e+07
1.277466598797602579e+07
1.277174875753429346e+07
1.276885597917810082e+07
1.276598754379599541e+07
1.276314334090225026e+07
1.276032325877377950e+07
1.275752718458060920e+07
1.275475500449908525e+07
1.275200660380055755e+07
1.274928186691240035e+07
1.274658067745183595e+07
1.274390291823614016e+07
1.274124847127487138e+07
1.273861721775071137e+07
1.273600903799577057e+07
1.273342381146936491e+07
1.273086141674187779e+07
1.272832173148782179e+07
1.272580463248944283e+07
1.272330999565064907e+07
1.272083769601984695e+07
1.271838760781956837e+07
1.271595960448028147e+07
1.271355355867592245e+07
1.271116934235909581e+07
1.270880682679433003e+07
1.270646588258863986e+07
1.270414637971917540e+07
1.270184818755831942e+07
1.269957117489705421e+07
1.269731520996752195e+07
1.269508016046578251e+07
1.269286589357565902e+07
1.269067227599421144e+07
1.268849917395916581e+07
1.268634645327828452e+07
1.268421397936029732e+07
1.268210161724699661e+07
1.268000923164573498e+07
1.267793668696174398e+07
1.267588384732965007e+07
1.267385057664367557e+07
1.267183673858621903e+07
1.266984219665465131e+07
1.266786681418638676e+07
1.266591045438228361e+07
1.266397298032874241e+07
1.266205425501872972e+07
1.266015414137205109e+07
1.265827250225520879e+07
1.265640920050104149e+07
1.265456409892830998e+07
1.265273706036136672e+07
1.265092794764992595e+07
1.264913662368889526e+07
1.264736295143825561e+07
1.264560679394288361e+07
1.264386801435228065e+07
1.264214647594011202e+07
1.264044204212352633e+07
1.263875457648224384e+07
1.263708394277738035e+07
1.263543000497002900e+07
1.263379262723962218e+07
1.263217167400204763e+07
1.263056700992760435e+07
1.262897849995868653e+07
1.262740600932729803e+07
1.262584940357227810e+07
1.262430854855627567e+07
1.262278331048237532e+07
1.262127355591037124e+07
1.261977915177265182e+07
1.261829996538958699e+07
1.261683586448453926e+07
1.261538671719835326e+07
1.261395239210334979e+07
1.261253275821691751e+07
1.261112768501459062e+07
1.260973704244274646e+07
1.260836070093087107e+07
1.260699853140347078e+07
1.260565040529162809e+07
1.260431619454423338e+07
1.260299577163891122e+07
1.260168900959267467e+07
1.260039578197226673e+07
1.259911596290428750e+07
1.259784942708500475e+07
1.259659604978995770e+07
1.259535570688328519e+07
1.259412827482677996e+07
1.259291363068875112e+07
1.259171165215257742e+07
