1.624256030804514289e+08
1.489566762127095461e+08
1.361295154603168666e+08
1.239683667999984771e+08
1.124956359904479980e+08
1.017314509231973737e+08
9.169318459539392591e+07
8.239494205157849193e+07
7.384701738470512629e+07
6.605533046478356421e+07
5.902085749537932128e+07
5.273907477121923119e+07
4.719944096238079667e+07
4.238494952189277858e+07
3.827178878364095837e+07
3.482915206524591893e+07
3.201924240347321704e+07
2.979751501704642922e+07
2.811319381775277853e+07
2.691008518091102690e+07
2.612769261863117293e+07
2.570261047110645473e+07
2.557014622390051186e+07
2.566609262217912823e+07
2.592854744014983624e+07
2.629966486847764254e+07
2.672722136968676746e+07
2.716589164707169682e+07
2.752438065566287190e+07
2.783512381462486833e+07
2.808312890156602859e+07
2.825839374340960011e+07
2.835643293800338730e+07
2.837757281199505180e+07
2.832614026848324016e+07
2.820959760492047295e+07
2.803767123694866151e+07
2.782151547240519151e+07
2.757294426410850137e+07
2.730375523614556715e+07
2.702516195592295006e+07
2.674734287493216246e+07
2.647910882666071132e+07
2.622768553449322283e+07
2.599860323231785372e+07
2.579568217243844643e+07
2.562110040803958848e+07
2.547552870930519328e+07
2.535831672744924948e+07
2.526771448743070289e+07
2.520111389449098334e+07
2.515529610073553026e+07
2.512667220267388225e+07
2.511150672261926159e+07
2.510611554878948629e+07
2.510703234765398502e+07
2.511113979559826851e+07
2.511576419236993045e+07
2.511873401912247390e+07
2.511840471370775998e+07
2.511365330422118306e+07
2.510384754285985231e+07
2.508879481368082017e+07
2.506867636794665456e+07
2.504397240360462666e+07
2.501538319668902457e+07
2.498375096466910094e+07
2.494998645063541085e+07
2.491500341819491237e+07
2.487966339285856485e+07
2.484473212493706122e+07
2.481084842418429255e+07
2.477850526372566074e+07
2.474804239906071126e+07
2.471964921840500832e+07
2.469337614676234126e+07
2.466915267345943302e+07
2.464680995936498791e+07
2.462610599649397284e+07
2.460675142378834635e+07
2.458843432817178965e+07
2.457084265556649864e+07
2.455368319663839415e+07
2.453669647067615017e+07
2.451966718381886184e+07
2.450243026343240589e+07
2.448487275154528767e+07
2.446693206453342363e+07
2.444859128655876592e+07
2.442987225861518830e+07
2.441082725609068945e+07
2.439153002210805565e+07
2.437206685111861303e+07
2.435252830877540261e+07
2.433300204234852642e+07
2.431356699309607968e+07
2.429428917935062572e+07
2.427521908629836887e+07
2.425639058313822746e+07
2.423782119583878666e+07
2.421951349705201760e+07
2.420145733466922492e+07
2.418363260584237427e+07
2.416601229127782583e+07
2.414856549130593613e+07
2.413126024597655982e+07
2.411406597126782313e+07
2.409695539755257219e+07
2.407990595029215515e+07
2.406290056273592636e+07
2.404592795325352252e+07
2.402898243379384279e+07
2.401206333976741880e+07
2.399517418517952412e+07
2.397832165066394955e+07
2.396151450736085325e+07
2.394476256797567010e+07
2.392807573974136263e+07
2.391146323437013477e+07
2.389493296934079379e+07
2.387849117474757880e+07
2.386214220185934380e+07
2.384588851457081735e+07
2.382973083374239504e+07
2.381366839731270820e+07
2.379769929596047103e+07
2.378182084462663531e+07
2.376602995378880203e+07
2.375032347026361525e+07
2.373469846468270198e+07
2.371915245083069801e+07
2.370368353000310808e+07
2.368829046080787852e+07
2.367297266091684252e+07
2.365773015185999870e+07
2.364256346090189368e+07
2.362747349535685033e+07
2.361246140453159064e+07
2.359752844307350740e+07
2.358267584716131911e+07
2.356790473204169422e+07
2.355321601622929797e+07
2.353861037455655262e+07
2.352408821943932772e+07
2.350964970740694180e+07
2.349529476624834165e+07
2.348102313709891960e+07
2.346683442541814595e+07
2.345272815501600504e+07
2.343870381996787339e+07
2.342476093027836084e+07
2.341089904837339371e+07
2.339711781477818266e+07
2.338341696255519241e+07
2.336979632113412395e+07
2.335625581099617854e+07
2.334279543124029785e+07
2.332941524235175550e+07
2.331611534653027356e+07
2.330289586775336415e+07
2.328975693340313807e+07
2.327669865882768482e+07
2.326372113570300117e+07
2.325082442455980182e+07
2.323800855138942599e+07
2.322527350787540525e+07
2.321261925453496724e+07
2.320004572590351105e+07
2.318755283685224503e+07
2.317514048918045312e+07
2.316280857774917781e+07
2.315055699559856951e+07
2.313838563769158348e+07
2.312629440312854946e+07
2.311428319586098939e+07
2.310235192408311740e+07
2.309050049858733267e+07
2.307872883043127507e+07
2.306703682828000933e+07
2.305542439576401934e+07
2.304389142913942039e+07
2.303243781546218693e+07
2.302106343140376359e+07
2.300976814275116846e+07
2.299855180455874652e+07
2.298741426185807586e+07
2.297635535079037398e+07
2.296537490000309795e+07
2.295447273215001076e+07
2.294364866534671932e+07
2.293290251446004957e+07
2.292223409214328974e+07
2.291164320956667885e+07
2.290112967682900280e+07
2.289069330306784809e+07
2.288033389631131291e+07
2.287005126313064620e+07
2.285984520816141739e+07
2.284971553356074542e+07
2.283966203846197948e+07
2.282968451847614348e+07
2.281978276527559757e+07
2.280995656627995521e+07
2.280020570444987714e+07
2.279052995818236470e+07
2.278092910129186884e+07
2.277140290305626392e+07
2.276195112830452621e+07
2.275257353752389923e+07
2.274326988696789742e+07
2.273403992875140160e+07
2.272488341092465818e+07
2.271580007752375305e+07
2.270678966859976202e+07
2.269785192023276165e+07
2.268898656453857198e+07
2.268019332967739552e+07
2.267147193987249210e+07
2.266282211544566974e+07
2.265424357287371904e+07
2.264573602486763895e+07
2.263729918047343940e+07
2.262893274519147724e+07
2.262063642110927030e+07
2.261240990704188496e+07
2.260425289867371693e+07
2.259616508869588748e+07
2.258814616693427786e+07
2.258019582046471536e+07
2.257231373371309787e+07
2.256449958853988722e+07
2.255675306430957466e+07
2.254907384081189707e+07
2.254146158668073267e+07
2.253391597713119909e+07
2.252643668201369420e+07
2.251902336888595670e+07
2.251167570304422081e+07
2.250439334755633026e+07
2.249717596329834312e+07
2.249002320899502188e+07
2.248293474126457423e+07
2.247591021466751397e+07
2.246894928175910562e+07
2.246205159314507246e+07
2.245521679753994197e+07
2.244844454182757437e+07
2.244173447112368420e+07
2.243508622883987799e+07
2.242849945674937218e+07
2.242197379505407810e+07
2.241550888245326281e+07
2.240910435621357337e+07
2.240275985224047303e+07
2.239647500515083969e+07
2.239024944834654033e+07
2.238408281408859417e+07
2.237797473357157409e+07
2.237192483699777722e+07
2.236593275365069136e+07
2.235999811196738482e+07
2.235412053960936517e+07
2.234829966353167593e+07
2.234253511004996300e+07
2.233682650490545109e+07
2.233117347332777083e+07
2.232557564009572566e+07
2.232003262959618121e+07
2.231454406588118896e+07
2.230910957272363827e+07
2.230372877367160842e+07
2.229840129210172594e+07
2.229312675127166510e+07
2.228790477437195182e+07
2.228273498457733169e+07
2.227761700509769469e+07
2.227255045922862366e+07
2.226753497040180117e+07
2.226257016223501042e+07
2.225765565858199820e+07
2.225279108358204365e+07
2.224797606170921028e+07
2.224321021782138944e+07
2.223849317720887437e+07
2.223382456564260647e+07
2.222920400942201167e+07
2.222463113542219624e+07
2.222010557114074379e+07
2.221562694474377483e+07
2.221119488511131331e+07
2.220680902188195288e+07
2.220246898549663275e+07
2.219817440724154934e+07
2.219392491929014400e+07
2.218972015474408120e+07
2.218555974767327309e+07
2.218144333315481246e+07
2.217737054731094092e+07
2.217334102734591067e+07
2.216935441158194840e+07
