4.844231007319951802e+07
4.234273029408110678e+07
3.686632162659121305e+07
3.201688618094475567e+07
2.779298604956385866e+07
2.418692789469193667e+07
2.118370412123813853e+07
1.875996948066663742e+07
1.688317621246551350e+07
1.551103889251070656e+07
1.459153932051376998e+07
1.406369011071617343e+07
1.385922917374598607e+07
1.390529532356660068e+07
1.412794403813302889e+07
1.445614415811226889e+07
1.482572683559581265e+07
1.518271365286598913e+07
1.548556326110184379e+07
1.570610762039635144e+07
1.582921228118271008e+07
1.585140193948550895e+07
1.577879617004989646e+07
1.562470473994591087e+07
1.540717225578120910e+07
1.514667822311102599e+07
1.486411975872023776e+07
1.457914388651083037e+07
1.430885660048620962e+07
1.406691243716408685e+07
1.386297486897809245e+07
1.370252857936451957e+07
1.358701542751267925e+07
1.351425455293803290e+07
1.347909359816715121e+07
1.347422422657543793e+07
1.349108393219806813e+07
1.352076077614109591e+07
1.355482055042677373e+07
1.358598774282103404e+07
1.360863134481930360e+07
1.361903108414707333e+07
1.361542522738630883e+07
1.359786392307062820e+07
1.356790930118563026e+07
1.352823373887133598e+07
1.348217073370604031e+07
1.343326962000861391e+07
1.338489742846488394e+07
1.333992021012488939e+07
1.330048371206299216e+07
1.326790076876958273e+07
1.324264127160482854e+07
1.322441097031745315e+07
1.321229825696657784e+07
1.320496397548754141e+07
1.320084806859491020e+07
1.319836869618744776e+07
1.319609350887245499e+07
1.319286857767911255e+07
1.318789712394272536e+07
1.318076683063614741e+07
1.317143038616203889e+07
1.316014844349539094e+07
1.314740703938514739e+07
1.313382262208808213e+07
1.312004730886843614e+07
1.310668512729121372e+07
1.309422718253596872e+07
1.308301037789463624e+07
1.307320093302140012e+07
1.306480088186168671e+07
1.305767329561210983e+07
1.305158036720522493e+07
1.304622779794366844e+07
1.304130911346172541e+07
1.303654447228366323e+07
1.303171000595945865e+07
1.302665549186727777e+07
1.302130994888682477e+07
1.301567633151064813e+07
1.300981770409148559e+07
1.300383800784046017e+07
1.299786073803744838e+07
1.299200863032691181e+07
1.298638682452788204e+07
1.298107115051509812e+07
1.297610224997250363e+07
1.297148536896383390e+07
1.296719493229209259e+07
1.296318251492529176e+07
1.295938659030127525e+07
1.295574245275226422e+07
1.295219094149304554e+07
1.294868497370517254e+07
1.294519335027042404e+07
1.294170175623917580e+07
1.293821127619251609e+07
1.293473503684137762e+07
1.293129375131025910e+07
1.292791096887497418e+07
1.292460874652374163e+07
1.292140428448683582e+07
1.291830784443621337e+07
1.291532203536069021e+07
1.291244234285559505e+07
1.290965861884588934e+07
1.290695715565304831e+07
1.290432294424788281e+07
1.290174175445329584e+07
1.289920175975855626e+07
1.289669454162783176e+07
1.289421542699420638e+07
1.289176321942277811e+07
1.288933946518680640e+07
1.288694744221700914e+07
1.288459107086586580e+07
1.288227392462006956e+07
1.287999847443883121e+07
1.287776564276892692e+07
1.287557468335221894e+07
1.287342335023077577e+07
1.287130828081362322e+07
1.286922549718246423e+07
1.286717092733550258e+07
1.286514086127853394e+07
1.286313228120741807e+07
1.286114303490298986e+07
1.285917185130633228e+07
1.285721822236645967e+07
1.285528219244435802e+07
1.285336410436740704e+07
1.285146434992357530e+07
1.284958316384301521e+07
1.284772048673685640e+07
1.284587590701581910e+07
1.284404867729240656e+07
1.284223778938529268e+07
1.284044208513857052e+07
1.283866037824444100e+07
1.283689156465428695e+07
1.283513470486619696e+07
1.283338906890508346e+07
1.283165414261736721e+07
1.282992960063972883e+07
1.282821525611904263e+07
1.282651099949671514e+07
1.282481673845518194e+07
1.282313234889529087e+07
1.282145764327826351e+07
1.281979235864012502e+07
1.281813616283649579e+07
1.281648867469728552e+07
1.281484949211380631e+07
1.281321822172930837e+07
1.281159450470278040e+07
1.280997803463747166e+07
1.280836856579279155e+07
1.280676591171148047e+07
1.280516993604495749e+07
1.280358053841968253e+07
1.280199763856928982e+07
1.280042116170661710e+07
1.279885102737681568e+07
1.279728714302763715e+07
1.279572940248033963e+07
1.279417768857965246e+07
1.279263187868115306e+07
1.279109185136280023e+07
1.278955749281407893e+07
1.278802870169256628e+07
1.278650539173694700e+07
1.278498749196937680e+07
1.278347494480157644e+07
1.278196770270033181e+07
1.278046572422984242e+07
1.277896897027103230e+07
1.277747740105441399e+07
1.277599097438821010e+07
1.277450964517992362e+07
1.277303336609455943e+07
1.277156208900940977e+07
1.277009576683564112e+07
1.276863435528231785e+07
1.276717781422180682e+07
1.276572610844842717e+07
1.276427920777113549e+07
1.276283708651566878e+07
1.276139972260878608e+07
1.275996709646512009e+07
1.275853918989519402e+07
1.275711598521022499e+07
1.275569746463063732e+07
1.275428361002855003e+07
1.275287440296582505e+07
1.275146982494037226e+07
1.275006985773059726e+07
1.274867448373065144e+07
1.274728368619286269e+07
1.274589744932959974e+07
1.274451575826618075e+07
1.274313859887022339e+07
1.274176595750588179e+07
1.274039782077028602e+07
1.273903417526531592e+07
1.273767500744337216e+07
1.273632030354559235e+07
1.273497004963022098e+07
1.273362423167164996e+07
1.273228283569996804e+07
1.273094584794775397e+07
1.272961325497458503e+07
1.272828504374881461e+07
1.272696120167735778e+07
1.272564171658563241e+07
1.272432657665855065e+07
1.272301577035869844e+07
1.272170928633891419e+07
1.272040711336420104e+07
1.271910924025286734e+07
1.271781565584114939e+07
1.271652634896992706e+07
1.271524130848826468e+07
1.271396052326625213e+07
1.271268398220977932e+07
1.271141167427127995e+07
1.271014358845333010e+07
1.270887971380457468e+07
1.270762003941008076e+07
1.270636455437954888e+07
1.270511324783729389e+07
1.270386610891736671e+07
1.270262312676571682e+07
1.270138429054984078e+07
1.270014958947463520e+07
1.269891901280213892e+07
1.269769254987225682e+07
1.269647019012156501e+07
1.269525192309802026e+07
1.269403773847026564e+07
1.269282762603118829e+07
1.269162157569649816e+07
1.269041957749944180e+07
1.268922162158339284e+07
1.268802769819373637e+07
1.268683779767029732e+07
1.268565191044111177e+07
1.268447002701782063e+07
1.268329213799258694e+07
1.268211823403623700e+07
1.268094830589714274e+07
1.267978234440053627e+07
1.267862034044800326e+07
1.267746228501711041e+07
1.267630816916128621e+07
1.267515798401016369e+07
1.267401172077052668e+07
1.267286937072802708e+07
1.267173092524967529e+07
1.267059637578690425e+07
1.266946571387902275e+07
1.266833893115668930e+07
1.266721601934501901e+07
1.266609697026611120e+07
1.266498177584066987e+07
1.266387042808870971e+07
1.266276291912928037e+07
1.266165924117936008e+07
1.266055938655206561e+07
1.265946334765440598e+07
1.265837111698475108e+07
1.265728268713022768e+07
1.265619805076413974e+07
1.265511720064350776e+07
1.265404012960682064e+07
1.265296683057194576e+07
1.265189729653429613e+07
1.265083152056516148e+07
1.264976949581028149e+07
1.264871121548862383e+07
1.264765667289135233e+07
1.264660586138099618e+07
1.264555877439077944e+07
1.264451540542409196e+07
1.264347574805399962e+07
1.264243979592280276e+07
1.264140754274151661e+07
1.264037898228926212e+07
1.263935410841246508e+07
1.263833291502387263e+07
1.263731539610136487e+07
1.263630154568652809e+07
1.263529135788308457e+07
1.263428482685510814e+07
1.263328194682515040e+07
1.263228271207229048e+07
1.263128711693012528e+07
1.263029515578475967e+07
1.262930682307285443e+07
1.262832211327967048e+07
