6.092857402570126951e+07
5.525364132683957368e+07
5.004442302583841234e+07
4.530312186549959332e+07
4.102906052534190565e+07
3.721826838253035396e+07
3.386309629048450291e+07
3.095185133571741730e+07
2.846848780489205942e+07
2.639239404403396323e+07
2.469832214041406661e+07
2.335651046272026375e+07
2.233304486917290837e+07
2.159048975098186731e+07
2.108879375522549450e+07
2.078643905652494356e+07
2.064176367778485268e+07
2.061435306788522005e+07
2.066637951958699152e+07
2.076377176273590326e+07
2.087712136399828643e+07
2.098227041574185342e+07
2.106056643347768486e+07
2.109880642563475668e+07
2.108891740355224907e+07
2.102743391424127668e+07
2.091483622432641685e+07
2.075480863565121219e+07
2.055346921378615126e+07
2.031861247670848295e+07
2.005899700886201113e+07
1.978370146435240284e+07
1.950156535831939802e+07
1.922072535749360174e+07
1.894825326577061042e+07
1.868989811174994707e+07
1.844993142943263799e+07
1.823109163099170849e+07
1.803462017692680657e+07
1.786037903088796511e+07
1.770703577542404830e+07
1.757230001019474864e+07
1.745319257508022711e+07
1.734632805968078971e+07
1.724819123075640574e+07
1.715538954934792966e+07
1.706486680469571799e+07
1.697406683417987823e+07
1.688104092538061365e+07
1.678449738982619345e+07
1.668379639479057118e+07
1.657889710100927576e+07
1.647026710677877255e+07
1.635876599867808074e+07
1.624551541836941615e+07
1.613176756719454937e+07
1.601878413157613389e+07
1.590772532047009096e+07
1.579957679889879376e+07
1.569508877862397209e+07
1.559474973612244241e+07
1.549878449191997200e+07
1.540717462446461990e+07
1.531969637101293355e+07
1.523597036064632982e+07
1.515551728459623456e+07
1.507781389150792733e+07
1.500234441688481718e+07
1.492864360514550284e+07
1.485632873144638911e+07
1.478511934631672129e+07
1.471484473126963153e+07
1.464544014120201394e+07
1.457693379521649703e+07
1.450942712977727130e+07
1.444307111776931956e+07
1.437804143548960052e+07
1.431451499093128927e+07
1.425264985885073990e+07
1.419257006846243143e+07
1.413435602926964313e+07
1.407804072842103243e+07
1.402361124995046668e+07
1.397101470037893020e+07
1.392016730839197896e+07
1.387096531284512952e+07
1.382329625973342918e+07
1.377704947572694905e+07
1.373212474170488678e+07
1.368843851469733380e+07
1.364592739803707972e+07
1.360454889653519727e+07
1.356427978154754080e+07
1.352511260472637042e+07
1.348705102507444657e+07
1.345010464915823750e+07
1.341428403694526851e+07
1.337959641194911860e+07
1.334604245586481318e+07
1.331361438861627132e+07
1.328229535793657228e+07
1.325206000749623403e+07
1.322287598010914400e+07
1.319470602576783672e+07
1.316751038602472469e+07
1.314124911926550604e+07
1.311588410329914279e+07
1.309138052514366433e+07
1.306770775912865996e+07
1.304483962358189188e+07
1.302275408368289471e+07
1.300143252581818029e+07
1.298085876265062019e+07
1.296101793731612340e+07
1.294189548202594928e+07
1.292347625567750074e+07
1.290574394319210574e+07
1.288868075308547541e+07
1.287226740572666936e+07
1.285648336818746291e+07
1.284130726616682298e+07
1.282671739090130478e+07
1.281269221904107928e+07
1.279921087435608171e+07
1.278625347883685865e+07
1.277380136364979856e+07
1.276183713382313401e+07
1.275034460124836862e+07
1.273930861617568135e+07
1.272871483648913726e+07
1.271854947637941316e+07
1.270879907226987369e+07
1.269945029542215914e+07
1.269048982941740751e+07
1.268190431866596080e+07
1.267368038305471092e+07
1.266580468520401046e+07
1.265826403143646754e+07
1.265104548572828621e+07
1.264413647734516114e+07
1.263752488685761578e+07
1.263119910081733391e+07
1.262514803150243312e+07
1.261936110382924974e+07
1.261382821601450071e+07
1.260853968337831832e+07
1.260348617564952001e+07
1.259865865740723908e+07
1.259404833923961595e+07
1.258964664433280379e+07
1.258544519208129123e+07
1.258143579744554497e+07
1.257761048257133923e+07
1.257396149586311728e+07
1.257048133333575353e+07
1.256716275756252930e+07
1.256399881068092585e+07
1.256098281943186745e+07
1.255810839179738611e+07
1.255536940620524064e+07
1.255275999529423937e+07
1.255027452677906677e+07
1.254790758400646970e+07
1.254565394842614979e+07
1.254350858553444035e+07
1.254146663504145294e+07
1.253952340521541610e+07
1.253767437069878541e+07
1.253591517265440896e+07
1.253424161992239952e+07
1.253264968993644789e+07
1.253113552841221727e+07
1.252969544720442221e+07
1.252832592015068233e+07
1.252702357710316777e+07
1.252578519663537666e+07
1.252460769806909375e+07
1.252348813348980807e+07
1.252242367977708019e+07
1.252141163436929509e+07
1.252044940657336637e+07
1.251953451566431485e+07
1.251866458704805560e+07
1.251783734962808341e+07
1.251705063345419616e+07
1.251630236733874306e+07
1.251559057620365918e+07
1.251491337802758813e+07
1.251426898037346825e+07
1.251365567657282203e+07
1.251307184170909971e+07
1.251251592857204936e+07
1.251198646374892443e+07
1.251148204398343153e+07
1.251100133288042620e+07
1.251054305797621980e+07
1.251010600814179331e+07
1.250968903124832176e+07
1.250929103200507350e+07
1.250891096987974644e+07
1.250854785702728666e+07
1.250820075617970526e+07
1.250786877847970463e+07
1.250755108126896247e+07
1.250724686586295068e+07
1.250695537535526231e+07
1.250667589249547571e+07
1.250640773767701536e+07
1.250615026705777645e+07
1.250590287082072347e+07
1.250566497156672180e+07
1.250543602282080427e+07
1.250521550762696937e+07
1.250500293720603921e+07
1.250479784965491481e+07
1.250459980867275596e+07
1.250440840230773017e+07
1.250422324172575772e+07
1.250404396000839770e+07
1.250387021099007875e+07
1.250370166814506054e+07
1.250353802353235893e+07
1.250337898680309951e+07
1.250322428427047282e+07
1.250307365803847462e+07
1.250292686518290639e+07
1.250278367697659880e+07
1.250264387815107778e+07
1.250250726618815586e+07
1.250237365063717403e+07
1.250224285245583951e+07
1.250211470337479189e+07
1.250198904528740235e+07
1.250186572966698557e+07
1.250174461701348051e+07
1.250162557633079961e+07
1.250150848463513143e+07
1.250139322649303824e+07
1.250127969358749315e+07
1.250116778430912644e+07
1.250105740336997807e+07
1.250094846143713966e+07
1.250084087478420138e+07
1.250073456495914608e+07
1.250062945846790634e+07
1.250052548647333495e+07
1.250042258450965583e+07
1.250032069221256673e+07
1.250021975306491368e+07
1.250011971415776014e+07
1.250002052596622519e+07
1.249992214213925600e+07
1.249982451930228062e+07
1.249972761687162891e+07
1.249963139687964320e+07
1.249953582380955666e+07
1.249944086443945020e+07
1.249934648769470491e+07
1.249925266450869106e+07
1.249915936769142002e+07
1.249906657180600986e+07
1.249897425305276737e+07
1.249888238916063495e+07
1.249879095928572118e+07
1.249869994391642883e+07
1.249860932478482649e+07
1.249851908478370309e+07
1.249842920788894407e+07
1.249833967908671126e+07
1.249825048430522159e+07
1.249816161035067588e+07
1.249807304484731704e+07
1.249798477618121915e+07
1.249789679344785959e+07
1.249780908640311658e+07
1.249772164541769028e+07
1.249763446143463068e+07
1.249754752592984959e+07
1.249746083087535948e+07
1.249737436870505661e+07
1.249728813228282705e+07
1.249720211487282254e+07
1.249711631011172011e+07
1.249703071198287234e+07
1.249694531479218788e+07
1.249686011314572021e+07
1.249677510192878917e+07
1.249669027628661320e+07
1.249660563160635903e+07
1.249652116350050084e+07
1.249643686779138632e+07
1.249635274049698561e+07
1.249626877781764790e+07
1.249618497612384148e+07
1.249610133194480836e+07
1.249601784195801057e+07
1.249593450297936983e+07
1.249585131195422634e+07
1.249576826594897732e+07
1.249568536214331537e+07
