1.598182794328545034e+08
1.408142750663864017e+08
1.234475186259389818e+08
1.090643309649194628e+08
9.635211136450439692e+07
8.493450951235190034e+07
7.479289269387042522e+07
6.589971268063889444e+07
5.821743226409851015e+07
5.169784122953156382e+07
4.628171233409695327e+07
4.189883425272411853e+07
3.846848431680008024e+07
3.590040134589653462e+07
3.409629674713408947e+07
3.295190262490209192e+07
3.235950271302776039e+07
3.221083232796250656e+07
3.240017729800477624e+07
3.282746057470909134e+07
3.340108922139746696e+07
3.404034925702690333e+07
3.467718039663219452e+07
3.525722864660909027e+07
3.574015006211589277e+07
3.609920978713790327e+07
3.632027651741854101e+07
3.640034784580365568e+07
3.634575606164455414e+07
3.617020030358462036e+07
3.589273499001737684e+07
3.553582189630530775e+07
3.512352884378298372e+07
3.467993490786577761e+07
3.422778200132098794e+07
3.378739608635506779e+07
3.337588777039249986e+07
3.300663092198669538e+07
3.268900842887893692e+07
3.242840570297775045e+07
3.222642470421278104e+07
3.208128412642816827e+07
3.198836528023590893e+07
3.194085863834553212e+07
3.193046356212212145e+07
3.194809390082203597e+07
3.198454521815065667e+07
3.203108530398928374e+07
3.207993796914976090e+07
3.212464018225249276e+07
3.216026346400644630e+07
3.218350110679315776e+07
3.219263230942778289e+07
3.218738197181923315e+07
3.216870021094074845e+07
3.213848845605833083e+07
3.209929934261049330e+07
3.205403584870449826e+07
3.200567164796204120e+07
3.195701000324343145e+07
3.191049322640442103e+07
3.186806927480788529e+07
3.183111687534002215e+07
3.180042600591332465e+07
3.177622687345673516e+07
3.175825786036725342e+07
3.174586132914410532e+07
3.173809565236426145e+07
3.173385227270317823e+07
3.173196783627627045e+07
3.173132328151983023e+07
3.173092398260209709e+07
3.172995741638803482e+07
3.172782713696759194e+07
3.172416392472312599e+07
3.171881669291147590e+07
3.171182699656809121e+07
3.170339175758399069e+07
3.169381910256539285e+07
3.168348205144471675e+07
3.167277426912106201e+07
3.166207129350995272e+07
3.165169968455244228e+07
3.164191550328199193e+07
3.163289252317002416e+07
3.162471967819783837e+07
3.161740652463747934e+07
3.161089497554438934e+07
3.160507527494436130e+07
3.159980410760898143e+07
3.159492286650642753e+07
3.159027438539885730e+07
3.158571684115714207e+07
3.158113398769856617e+07
3.157644135074128211e+07
3.157158844524896145e+07
3.156655744014223292e+07
3.156135896358761564e+07
3.155602590513629466e+07
3.155060612808012217e+07
3.154515496666743606e+07
3.153972826610553637e+07
3.153437655137049779e+07
3.152914070860021561e+07
3.152404935445381328e+07
3.151911787552799657e+07
3.151434895837908983e+07
3.150973431197901070e+07
3.150525721374623105e+07
3.150089548732370883e+07
3.149662454002296552e+07
3.149242014180516452e+07
3.148826070517139137e+07
3.148412891496485099e+07
3.148001264791807160e+07
3.147590520440408587e+07
3.147180494211044908e+07
3.146771444873406738e+07
3.146363941649073362e+07
3.145958738594214246e+07
3.145556651312345639e+07
3.145158448643687367e+07
3.144764768331167847e+07
3.144376061644505709e+07
3.143992568035650253e+07
3.143614317499481887e+07
3.143241155706896633e+07
3.142872785319448635e+07
3.142508816216545179e+07
3.142148817588053271e+07
3.141792365802190453e+07
3.141439083430704474e+07
3.141088666558022052e+07
3.140740899282589555e+07
3.140395655933845788e+07
3.140052892823357880e+07
3.139712632229535654e+07
3.139374941748712212e+07
3.139039912153463066e+07
3.138707636548651010e+07
3.138378193003792316e+07
3.138051632078556716e+07
3.137727969857809693e+07
3.137407186371759325e+07
3.137089228671455756e+07
3.136774017408478633e+07
3.136461455549469218e+07
3.136151437834037095e+07
3.135843859729422629e+07
3.135538624903264269e+07
3.135235650575294346e+07
3.134934870468234643e+07
3.134636235411608964e+07
3.134339711924100667e+07
3.134045279288104177e+07
3.133752925725161284e+07
3.133462644286867231e+07
3.133174429006249085e+07
3.132888271730455011e+07
3.132604159900646657e+07
3.132322075383441150e+07
3.132041994310779870e+07
3.131763887767639011e+07
3.131487723089132458e+07
3.131213465493337065e+07
3.130941079781124741e+07
3.130670531872008741e+07
3.130401790005543828e+07
3.130134825509676337e+07
3.129869613109746948e+07
3.129606130815330520e+07
3.129344359470193088e+07
3.129084282079697028e+07
3.128825883039440960e+07
3.128569147380864620e+07
3.128314060127766803e+07
3.128060605827425420e+07
3.127808768286474794e+07
3.127558530509815365e+07
3.127309874814550206e+07
3.127062783072652668e+07
3.126817237026971951e+07
3.126573218624861911e+07
3.126330710320815444e+07
3.126089695311801881e+07
3.125850157684096694e+07
3.125612082465716451e+07
3.125375455592140183e+07
3.125140263803236187e+07
3.124906494495411217e+07
3.124674135554867610e+07
3.124443175195911527e+07
3.124213601823415607e+07
3.123985403931963444e+07
3.123758570047044009e+07
3.123533088707019761e+07
3.123308948479272425e+07
3.123086138000454381e+07
3.122864646029276773e+07
3.122644461500658840e+07
3.122425573571934178e+07
3.122207971654666960e+07
3.121991645428907126e+07
3.121776584839844704e+07
3.121562780079456791e+07
3.121350221557514369e+07
3.121138899867165461e+07
3.120928805750281364e+07
3.120719930066940933e+07
3.120512263772169501e+07
3.120305797901481390e+07
3.120100523565303534e+07
3.119896431951086596e+07
3.119693514331002533e+07
3.119491762072720006e+07
3.119291166650706530e+07
3.119091719655901194e+07
3.118893412802168354e+07
3.118696237928719819e+07
3.118500186998382583e+07
3.118305252092228457e+07
3.118111425401523709e+07
3.117918699218172953e+07
3.117727065924854577e+07
3.117536517985888571e+07
3.117347047939590737e+07
3.117158648392541707e+07
3.116971312015832961e+07
3.116785031543091685e+07
3.116599799769858271e+07
3.116415609553806484e+07
3.116232453815277293e+07
3.116050325537678972e+07
3.115869217767436057e+07
3.115689123613321409e+07
3.115510036245173216e+07
3.115331948892097175e+07
3.115154854840366915e+07
3.114978747431256622e+07
3.114803620059021190e+07
3.114629466169224679e+07
3.114456279257499427e+07
3.114284052868801355e+07
3.114112780597095937e+07
3.113942456085393578e+07
3.113773073026012257e+07
3.113604625160902739e+07
3.113437106281943247e+07
3.113270510231084004e+07
3.113104830900283158e+07
3.112940062231226265e+07
3.112776198214836046e+07
3.112613232890623063e+07
3.112451160345936939e+07
3.112289974715184420e+07
3.112129670179070160e+07
3.111970240963913500e+07
3.111811681341059506e+07
3.111653985626402125e+07
3.111497148180004954e+07
3.111341163405808806e+07
3.111186025751399621e+07
3.111031729707811028e+07
3.110878269809344411e+07
3.110725640633380413e+07
3.110573836800196767e+07
3.110422852972769737e+07
3.110272683856573328e+07
3.110123324199393392e+07
3.109974768791150302e+07
3.109827012463746220e+07
3.109680050090939924e+07
3.109533876588253304e+07
3.109388486912889779e+07
3.109243876063681394e+07
3.109100039081031829e+07
3.108956971046860889e+07
3.108814667084538192e+07
3.108673122358794138e+07
3.108532332075607032e+07
3.108392291482068971e+07
3.108252995866224915e+07
3.108114440556888655e+07
3.107976620923442394e+07
3.107839532375627011e+07
3.107703170363321155e+07
3.107567530376317725e+07
3.107432607944097370e+07
3.107298398635607213e+07
3.107164898059035093e+07
3.107032101861591637e+07
3.106900005729289353e+07
3.106768605386723205e+07
3.106637896596853808e+07
3.106507875160782412e+07
3.106378536917535216e+07
3.106249877743840963e+07
3.106121893553908169e+07
3.105994580299201980e+07
3.105867933968223259e+07
