1.091097903368904591e+08
9.770823783264131844e+07
8.714237602744427323e+07
7.743663859308896959e+07
6.861102969110500813e+07
6.067999226393479109e+07
5.365113743247884512e+07
4.752385711821472645e+07
4.228786729315163195e+07
3.792176436759972572e+07
3.439172136244367063e+07
3.165050006392376125e+07
2.963700026703444868e+07
2.827659162971406057e+07
2.748245555801181123e+07
2.715808310863211751e+07
2.720092151303508878e+07
2.750695357250927389e+07
2.797577920270116627e+07
2.851561533601785451e+07
2.904759909318868071e+07
2.950888912630014494e+07
2.985427769557777420e+07
3.005628112765593827e+07
3.010389633787313104e+07
3.000035073139117658e+07
2.976022311966001615e+07
2.940629265483119339e+07
2.896641048316545412e+07
2.847061178486302495e+07
2.794861232904665917e+07
2.742777257418454811e+07
2.693156571765683591e+07
2.647855205782700330e+07
2.608183722353663296e+07
2.574897301204030216e+07
2.548224446058038250e+07
2.527927427386746928e+07
2.513386586395281181e+07
2.503699982312683761e+07
2.497789673429886252e+07
2.494506272004795820e+07
2.492724333408745378e+07
2.491422578028586507e+07
2.489744767066536099e+07
2.487039069138429314e+07
2.482875750962313265e+07
2.477044801016937196e+07
2.469536521824845672e+07
2.460509069897243381e+07
2.450247434938594699e+07
2.439118389027545229e+07
2.427525619937033951e+07
2.415868655636181310e+07
2.404508386162006855e+07
2.393741081141213328e+07
2.383781865114336461e+07
2.374757717398372665e+07
2.366709267646659166e+07
2.359600010706363618e+07
2.353331101300464198e+07
2.347759632076338306e+07
2.342718252478229254e+07
2.338034137179442868e+07
2.333545630313317105e+07
2.329115329852662981e+07
2.324638880453517288e+07
2.320049255720045790e+07
2.315316779429494962e+07
2.310445517343774065e+07
2.305466938623410091e+07
2.300431886182865500e+07
2.295401911409774423e+07
2.290440936102916300e+07
2.285608028048801422e+07
2.280951846305457875e+07
2.276507059192520380e+07
2.272292791241468862e+07
2.268312939189361036e+07
2.264558029204898328e+07
2.261008178208120540e+07
2.257636674245875701e+07
2.254413700559482351e+07
2.251309785950283706e+07
2.248298657291780412e+07
2.245359283647865430e+07
2.242477020465379208e+07
2.239643873275860399e+07
2.236857992577196658e+07
2.234122577895891666e+07
2.231444406074779481e+07
2.228832206840090454e+07
2.226295091027659550e+07
2.223841199155799299e+07
2.221476687373758852e+07
2.219205111677013338e+07
2.217027216714390367e+07
2.214941088415861130e+07
2.212942594290751591e+07
2.211026013921506703e+07
2.209184755321379006e+07
2.207412059129081294e+07
2.205701609428932518e+07
2.204047993802793324e+07
2.202446982199751958e+07
2.200895620679385960e+07
2.199392158956909180e+07
2.197935847741961852e+07
2.196526651927023381e+07
2.195164928579454869e+07
2.193851115154431760e+07
2.192585464786185324e+07
2.191367853751877695e+07
2.190197673180563748e+07
2.189073804608273879e+07
2.187994668528623134e+07
2.186958327652471140e+07
2.185962622637518495e+07
2.185005317538195476e+07
2.184084234688043222e+07
2.183197363386033475e+07
2.182342932677974179e+07
2.181519444749062881e+07
2.180725671124707907e+07
2.179960618364414573e+07
2.179223472831521556e+07
2.178513535300437361e+07
2.177830155737338960e+07
2.177172676867093146e+07
2.176540392549476773e+07
2.175932524011113495e+07
2.175348214073560387e+07
2.174786537060855329e+07
2.174246520321571082e+07
2.173727172385903448e+07
2.173227512690291181e+07
2.172746598422212526e+07
2.172283545169328898e+07
2.171837539463490993e+07
2.171407842753505334e+07
2.170993787614818290e+07
2.170594767958837748e+07
2.170210225556800142e+07
2.169839635329525545e+07
2.169482491622164100e+07
2.169138297173915431e+07
2.168806555823284015e+07
2.168486769280815497e+07
2.168178437661089748e+07
2.167881062974943593e+07
2.167594154488132894e+07
2.167317234764961153e+07
2.167049845314195380e+07
2.166791550995247066e+07
2.166541942667192593e+07
2.166300637910357118e+07
2.166067279965316504e+07
2.165841535275749117e+07
2.165623090165837854e+07
2.165411647224107385e+07
2.165206921914349496e+07
2.165008639813325927e+07
2.164816534713803977e+07
2.164630347661037743e+07
2.164449826838444918e+07
2.164274728104121611e+07
2.164104815915182233e+07
2.163939864363524690e+07
2.163779658078137785e+07
2.163623992813308537e+07
2.163472675623662770e+07
2.163325524610424787e+07
2.163182368295212090e+07
2.163043044728756696e+07
2.162907400467519462e+07
2.162775289551443607e+07
2.162646572595119849e+07
2.162521116069293767e+07
2.162398791807848960e+07
2.162279476734956354e+07
2.162163052774165571e+07
2.162049406879914552e+07
2.161938431123776734e+07
2.161830022771858051e+07
2.161724084303446487e+07
2.161620523340505362e+07
2.161519252478715032e+07
2.161420189029844850e+07
2.161323254699438065e+07
2.161228375231637061e+07
2.161135480054206401e+07
2.161044501952335238e+07
2.160955376791294664e+07
2.160868043297629803e+07
2.160782442898248881e+07
2.160698519608344883e+07
2.160616219953554124e+07
2.160535492909650505e+07
2.160456289844096452e+07
2.160378564447304606e+07
2.160302272646378726e+07
2.160227372499458864e+07
2.160153824073437601e+07
2.160081589311226457e+07
2.160010631896417588e+07
2.159940917123188823e+07
2.159872411777886003e+07
2.159805084036373720e+07
2.159738903378555924e+07
2.159673840518920869e+07
2.159609867350040749e+07
2.159546956894844025e+07
2.159485083263263106e+07
2.159424221609432250e+07
2.159364348086717725e+07
2.159305439799261466e+07
2.159247474750068784e+07
2.159190431786772981e+07
2.159134290546889603e+07
2.159079031404615939e+07
2.159024635421006009e+07
2.158971084298860654e+07
2.158918360342971981e+07
2.158866446425672621e+07
2.158815325957063958e+07
2.158764982858892158e+07
2.158715401540923864e+07
2.158666566878734902e+07
2.158618464192078263e+07
2.158571079223341495e+07
2.158524398115956783e+07
2.158478407392950356e+07
2.158433093935987726e+07
2.158388444965390489e+07
2.158344448021536693e+07
2.158301090947948396e+07
2.158258361876186728e+07
2.158216249212504923e+07
2.158174741626040637e+07
2.158133828038240597e+07
2.158093497613180429e+07
2.158053739748444408e+07
2.158014544066336006e+07
2.157975900405265391e+07
2.157937798811262846e+07
2.157900229529674351e+07
2.157863182997124642e+07
2.157826649833872914e+07
2.157790620836675912e+07
2.157755086972226948e+07
2.157720039371207356e+07
2.157685469322925806e+07
2.157651368270483240e+07
2.157617727806376666e+07
2.157584539668448642e+07
2.157551795736096054e+07
2.157519488026662916e+07
2.157487608691991121e+07
2.157456150015099347e+07
2.157425104407005012e+07
2.157394464403704181e+07
2.157364222663323581e+07
2.157334371963472664e+07
2.157304905198787153e+07
2.157275815378667787e+07
2.157247095625182241e+07
2.157218739171114936e+07
2.157190739358126372e+07
2.157163089634992182e+07
2.157135783555899560e+07
2.157108814778783172e+07
2.157082177063694224e+07
2.157055864271198958e+07
2.157029870360819995e+07
2.157004189389505610e+07
2.156978815510172397e+07
2.156953742970283702e+07
2.156928966110495478e+07
2.156904479363352805e+07
2.156880277252042294e+07
2.156856354389174283e+07
2.156832705475611985e+07
2.156809325299320370e+07
2.156786208734238893e+07
2.156763350739170611e+07
2.156740746356688812e+07
2.156718390712061152e+07
2.156696279012186080e+07
2.156674406544550508e+07
2.156652768676201254e+07
2.156631360852735490e+07
2.156610178597305343e+07
2.156589217509634793e+07
2.156568473265046626e+07
2.156547941613493860e+07
2.156527618378604949e+07
2.156507499456722289e+07
2.156487580815950036e+07
2.156467858495204151e+07
2.156448328603263944e+07
