5.675556399457930028e+07
5.402554085950327665e+07
5.220571179426084459e+07
5.068618834050300717e+07
4.931183930736871064e+07
4.804337740379470587e+07
4.684935270961484313e+07
4.570667156907700747e+07
4.460616094446641952e+07
4.355275768221269548e+07
4.256114736552403867e+07
4.164933028926882893e+07
4.083221178628924489e+07
4.011665724749110639e+07
3.949902809134259820e+07
3.896584183107937872e+07
3.849752663203940541e+07
3.807417414778744429e+07
3.768117707575450838e+07
3.731245283823570609e+07
3.696998529554760456e+07
3.666013585084792972e+07
3.638858094710886478e+07
3.615617011160899699e+07
3.595741526076256484e+07
3.578203502623324096e+07
3.561854283539115638e+07
3.545799459902355075e+07
3.529617079521500319e+07
3.513347316838379204e+07
3.497298589391442388e+07
3.481787621249121428e+07
3.466938347806354612e+07
3.452618404021200538e+07
3.438518887089810520e+07
3.424316244183074683e+07
3.409824784798844159e+07
3.395066425943046808e+07
3.380236012786293775e+07
3.365594587945679575e+07
3.351352126624486595e+07
3.337596067154609412e+07
3.324290998876585066e+07
3.311336877708130330e+07
3.298647217924566939e+07
3.286205566549432278e+07
3.274076214120320603e+07
3.262371475293015689e+07
3.251198649713788182e+07
3.240615898103770986e+07
3.230617230329838768e+07
3.221149284605837986e+07
3.212146335827179253e+07
3.203562924179071188e+07
3.195387998718363792e+07
3.187636618212798983e+07
3.180327617821360007e+07
3.173461714655018225e+07
3.167012030574771762e+07
3.160930539819670469e+07
3.155164871266810596e+07
3.149675144343905151e+07
3.144442017716346309e+07
3.139463159267307073e+07
3.134741976577262580e+07
3.130275998407996818e+07
3.126051295149661228e+07
3.122044983810959384e+07
3.118233048966290057e+07
3.114598164940993488e+07
3.111133030660058558e+07
3.107837977505506575e+07
3.104715079333169758e+07
3.101762658275205642e+07
3.098973242673355341e+07
3.096335547467812151e+07
3.093838605221223086e+07
3.091475203628558666e+07
3.089242640386461467e+07
3.087140714216519147e+07
3.085168541975024715e+07
3.083322261199382320e+07
3.081594837325008214e+07
3.079977742361106724e+07
3.078463179005527496e+07
3.077045407996912301e+07
3.075720526099157333e+07
3.074485114442187175e+07
3.073334820714936405e+07
3.072263813476866111e+07
3.071265346389009804e+07
3.070332924663010240e+07
3.069461257238797098e+07
3.068646438506958634e+07
3.067885380540724471e+07
3.067174991240212321e+07
3.066511673989865184e+07
3.065891418099872395e+07
3.065310315673042089e+07
3.064765084231568128e+07
3.064253237774801627e+07
3.063772840666837618e+07
3.063322068658844382e+07
3.062898894919092953e+07
3.062501083251190558e+07
3.062126432969349623e+07
3.061773057553503662e+07
3.061439491406584904e+07
3.061124570444726571e+07
3.060827197206586599e+07
3.060546163720146567e+07
3.060280138100796193e+07
3.060027790797459334e+07
3.059787944179194421e+07
3.059559633426112309e+07
3.059342049116082117e+07
3.059134421669756621e+07
3.058935939863662422e+07
3.058745756188371778e+07
3.058563060564967617e+07
3.058387157279673964e+07
3.058217487882946059e+07
3.058053590965433419e+07
3.057895036788691580e+07
3.057741386534155160e+07
3.057592199412086979e+07
3.057447071660124511e+07
3.057305670547314361e+07
3.057167736455401033e+07
3.057033054548900202e+07
3.056901420207087323e+07
3.056772623164235801e+07
3.056646457113223895e+07
3.056522741189007461e+07
3.056401333068295568e+07
3.056282123310160264e+07
3.056165016797915101e+07
3.056049916239420697e+07
3.055936718776777759e+07
3.055825324955824763e+07
3.055715650032944977e+07
3.055607627653265744e+07
3.055501203753601760e+07
3.055396326722291112e+07
3.055292941882197186e+07
3.055190993642926216e+07
3.055090432039467990e+07
3.054991217430815473e+07
3.054893319634460658e+07
3.054796712839547545e+07
3.054701370791219547e+07
3.054607265750419721e+07
3.054514371086239070e+07
3.054422664447506890e+07
3.054332128533771262e+07
3.054242748989242315e+07
3.054154511420220509e+07
3.054067399949673563e+07
3.053981398067951947e+07
3.053896490525946766e+07
3.053812664378152043e+07
3.053729908326198906e+07
3.053648211091798544e+07
3.053567560252156109e+07
3.053487942354268581e+07
3.053409343925655633e+07
3.053331752327580005e+07
3.053255155733146518e+07
3.053179542400884628e+07
3.053104900002362579e+07
3.053031215594895184e+07
3.052958476176890358e+07
3.052886669268732890e+07
3.052815783029115945e+07
3.052745805895873532e+07
3.052676726148357987e+07
3.052608531782903522e+07
3.052541210748597607e+07
3.052474751266121119e+07
3.052409141929265857e+07
3.052344371535938233e+07
3.052280428847790137e+07
3.052217302509481832e+07
3.052154981177848577e+07
3.052093453714814037e+07
3.052032709264504164e+07
3.051972737167809159e+07
3.051913526820067689e+07
3.051855067609296367e+07
3.051797348975491151e+07
3.051740360515518859e+07
3.051684092031520233e+07
3.051628533492164686e+07
3.051573674963153154e+07
3.051519506582961231e+07
3.051466018605120108e+07
3.051413201462195814e+07
3.051361045792464539e+07
3.051309542412778735e+07
3.051258682271739468e+07
3.051208456427899748e+07
3.051158856065477803e+07
3.051109872522516549e+07
3.051061497299569100e+07
3.051013722041808814e+07
3.050966538514790311e+07
3.050919938597298414e+07
3.050873914294689149e+07
3.050828457755832747e+07
3.050783561275656521e+07
3.050739217281441391e+07
3.050695418316200376e+07
3.050652157032497972e+07
3.050609426197583228e+07
3.050567218699944392e+07
3.050525527548301220e+07
3.050484345863644034e+07
3.050443666872180998e+07
3.050403483905106410e+07
3.050363790403466672e+07
3.050324579921426252e+07
3.050285846123537794e+07
3.050247582777817175e+07
3.050209783749803901e+07
3.050172443000715226e+07
3.050135554588165507e+07
3.050099112665880471e+07
3.050063111480784044e+07
3.050027545369127765e+07
3.049992408754273131e+07
3.049957696146791056e+07
3.049923402145069838e+07
3.049889521434307843e+07
3.049856048783567920e+07
3.049822979042403400e+07
3.049790307138616592e+07
3.049758028077296913e+07
3.049726136940035224e+07
3.049694628883453831e+07
3.049663499137222394e+07
3.049632743002440408e+07
3.049602355850832164e+07
3.049572333124312013e+07
3.049542670334114879e+07
3.049513363059167564e+07
3.049484406944121420e+07
3.049455797697653621e+07
3.049427531091254205e+07
3.049399602958207950e+07
3.049372009192436561e+07
3.049344745747196302e+07
3.049317808633883297e+07
3.049291193921140581e+07
3.049264897734126821e+07
3.049238916253643855e+07
3.049213245715001225e+07
3.049187882406722382e+07
3.049162822669337317e+07
3.049138062894354016e+07
3.049113599523334205e+07
3.049089429046962410e+07
3.049065548004097864e+07
3.049041952980883420e+07
3.049018640609975904e+07
3.048995607569820061e+07
3.048972850583879650e+07
3.048950366419759393e+07
3.048928151888274401e+07
3.048906203842557967e+07
3.048884519177244604e+07
3.048863094827700779e+07
3.048841927769277990e+07
3.048821015016582608e+07
3.048800353622791544e+07
3.048779940679010376e+07
3.048759773313658312e+07
3.048739848691823334e+07
3.048720164014587551e+07
3.048700716518343613e+07
3.048681503474128246e+07
3.048662522187000141e+07
3.048643769995445013e+07
3.048625244270797819e+07
3.048606942416693270e+07
3.048588861868536845e+07
3.048571000093001872e+07
3.048553354587532952e+07
3.048535922879838198e+07
3.048518702527376264e+07
3.048501691116841882e+07
3.048484886263673753e+07
3.048468285611582175e+07
3.048451886832094938e+07
3.048435687624116242e+07
3.048419685713510588e+07
3.048403878852691501e+07
3.048388264820233360e+07
3.048372841420473903e+07
3.048357606483119354e+07
3.048342557862856984e+07
