3.659282302856445312e+01
7.461945033073425293e+01
1.126297774314880371e+02
1.507417831420898438e+02
1.887195129394531250e+02
2.266690719127655029e+02
2.646938545703887939e+02
3.028387682437896729e+02
3.408314771652221680e+02
3.788620469570159912e+02
4.184963433742523193e+02
4.580697643756866455e+02
4.978414754867553711e+02
5.374921665191650391e+02
5.770564463138580322e+02
6.165946025848388672e+02
6.561753695011138916e+02
6.958290803432464600e+02
7.354260296821594238e+02
7.750025799274444580e+02
8.141805160045623779e+02
8.533554105758666992e+02
8.926924145221710205e+02
9.319275577068328857e+02
9.711306142807006836e+02
1.010339771270751953e+03
1.049504684448242188e+03
1.088866621971130371e+03
1.128060962915420532e+03
1.167263483524322510e+03
1.206807430982589722e+03
1.246593402147293091e+03
1.286285521030426025e+03
1.325877139806747437e+03
1.365393570661544800e+03
1.404936662673950195e+03
1.444393918514251709e+03
1.484003892421722412e+03
1.523506941318511963e+03
1.563029805898666382e+03
1.602651675939559937e+03
1.642058312654495239e+03
1.681651506423950195e+03
1.721149829387664795e+03
1.760644274473190308e+03
1.800042418241500854e+03
1.839486032009124756e+03
1.879019828557968140e+03
1.918430432558059692e+03
1.957896269798278809e+03
1.997095707416534424e+03
2.036235155582427979e+03
2.075463049173355103e+03
2.114630754470825195e+03
2.153751736640930176e+03
2.192932990074157715e+03
2.232111766099929810e+03
2.271425079107284546e+03
2.310539655923843384e+03
2.349702139139175415e+03
2.388809835910797119e+03
2.427912919044494629e+03
2.467210328340530396e+03
2.506384153842926025e+03
2.545594778060913086e+03
2.584779178619384766e+03
2.623857521533966064e+03
2.662951428413391113e+03
2.702050337076187134e+03
2.741213994264602661e+03
2.780390238761901855e+03
2.819535237073898315e+03
2.858700757741928101e+03
2.897868771076202393e+03
2.937051191091537476e+03
2.976246721267700195e+03
3.015380676507949829e+03
3.054544044971466064e+03
3.093680900335311890e+03
3.132785731554031372e+03
3.172003556728363037e+03
3.211070671558380127e+03
3.250103132247924805e+03
3.289099636316299438e+03
3.328155518531799316e+03
3.367281475067138672e+03
3.406338626146316528e+03
3.445416022539138794e+03
3.484502847194671631e+03
3.523599242448806763e+03
3.562879792928695679e+03
3.601927171707153320e+03
3.641014837741851807e+03
3.680124634027481079e+03
3.719213570356369019e+03
3.758332031726837158e+03
3.797396568536758423e+03
3.836476282119750977e+03
3.875552400350570679e+03
3.914603211402893066e+03
3.953751736402511597e+03
3.992854033470153809e+03
4.032034714221954346e+03
4.071095328569412231e+03
4.110161070346832275e+03
4.149250462532043457e+03
4.188261450767517090e+03
4.227359746456146240e+03
4.266448955774307251e+03
4.305479412317276001e+03
4.344238329648971558e+03
4.383023094415664673e+03
4.421763769149780273e+03
4.460513408899307251e+03
4.499332624197006226e+03
4.538088953256607056e+03
4.576813461065292358e+03
4.615584815740585327e+03
4.654373255014419556e+03
4.693181051254272461e+03
4.731970024347305298e+03
4.770713583230972290e+03
4.809494683027267456e+03
4.848230907678604126e+03
4.887023098945617676e+03
4.925815426588058472e+03
4.964586494684219360e+03
5.003352807044982910e+03
5.042134385585784912e+03
5.080920977354049683e+03
5.119890555143356323e+03
5.158727521657943726e+03
5.197561667442321777e+03
5.236399624347686768e+03
5.275229907274246216e+03
5.314177569150924683e+03
5.353055178642272949e+03
5.391928882598876953e+03
5.430734518289566040e+03
5.469520914316177368e+03
5.508783818006515503e+03
5.547896939754486084e+03
5.586942171335220337e+03
5.626154664516448975e+03
5.665244427919387817e+03
5.704467900037765503e+03
5.743546487331390381e+03
5.782681404113769531e+03
5.821816860198974609e+03
5.860960828542709351e+03
5.900186984539031982e+03
5.939379655599594116e+03
5.978600712537765503e+03
6.017798662185668945e+03
6.056985327959060669e+03
6.096209113836288452e+03
6.135366196870803833e+03
6.174561935901641846e+03
6.213757991313934326e+03
6.253203730344772339e+03
6.292459379673004150e+03
6.331530695438385010e+03
6.370628798484802246e+03
6.409722844123840332e+03
6.448788256645202637e+03
6.487958836555480957e+03
6.527063978910446167e+03
6.566199202299118042e+03
6.605294704675674438e+03
6.644377059221267700e+03
6.683618868112564087e+03
6.722641921758651733e+03
6.761705474138259888e+03
6.800725543737411499e+03
6.839780686855316162e+03
6.878906396150588989e+03
6.917988131284713745e+03
6.957079245805740356e+03
6.996114473581314087e+03
7.035223285675048828e+03
7.074430994033813477e+03
7.113507023572921753e+03
7.152568999052047729e+03
7.191652781724929810e+03
7.230731882810592651e+03
7.269817235946655273e+03
7.308879078865051270e+03
7.347929607152938843e+03
7.386995127439498901e+03
7.426045284271240234e+03
7.465103765249252319e+03
7.504225034236907959e+03
7.543272978544235229e+03
7.582344967842102051e+03
7.621420781612396240e+03
7.660575443983078003e+03
7.699629073381423950e+03
7.738799750566482544e+03
7.777896374225616455e+03
7.816970275163650513e+03
7.856105273008346558e+03
7.895222243547439575e+03
7.934341031789779663e+03
7.973469592571258545e+03
8.012607551574707031e+03
8.051830899000167847e+03
8.090918079614639282e+03
8.130076185464859009e+03
8.169239391088485718e+03
8.208407526731491089e+03
8.247567275285720825e+03
8.286681569337844849e+03
8.325824918746948242e+03
8.364998559951782227e+03
8.404079735755920410e+03
8.443236971378326416e+03
8.482382527112960815e+03
8.521540643215179443e+03
8.560671148300170898e+03
8.599848716259002686e+03
8.638814928531646729e+03
8.677763491630554199e+03
8.716607897043228149e+03
8.755478908777236938e+03
8.794331718444824219e+03
8.833235729932785034e+03
8.872154845714569092e+03
8.911014396190643311e+03
8.949867077589035034e+03
8.988816171646118164e+03
9.027714908361434937e+03
9.066604480743408203e+03
9.105494711875915527e+03
9.144403563022613525e+03
9.183311167478561401e+03
9.222188037633895874e+03
9.261107373714447021e+03
9.300017601966857910e+03
9.339064074993133545e+03
9.377995672225952148e+03
9.416927632808685303e+03
9.455829558372497559e+03
9.494738857746124268e+03
9.533810419797897339e+03
9.572679786443710327e+03
9.611724590301513672e+03
9.650642285346984863e+03
9.689578978300094604e+03
9.728628468513488770e+03
9.767566023588180542e+03
9.806475511789321899e+03
9.845417819738388062e+03
9.884340806961059570e+03
9.923393956899642944e+03
9.962306899547576904e+03
1.000124645757675171e+04
1.004017024183273315e+04
1.007911339688301086e+04
1.011815114665031433e+04
1.015708560037612915e+04
1.019604150724411011e+04
1.023493620085716248e+04
1.027381326293945312e+04
1.031276491904258728e+04
1.035170452880859375e+04
1.039060313892364502e+04
1.042950592422485352e+04
1.046840349364280701e+04
1.050732634830474854e+04
1.054624835395812988e+04
1.058515558147430420e+04
1.062401419448852539e+04
1.066292126870155334e+04
1.070191042327880859e+04
1.074082507562637329e+04
1.077975254750251770e+04
1.081867023682594299e+04
1.085761151409149170e+04
1.089662209987640381e+04
1.093552106022834778e+04
1.097446493983268738e+04
1.101342298030853271e+04
1.105233880519866943e+04
1.109130065441131592e+04
1.113020491719245911e+04
1.116910279989242554e+04
1.120800174522399902e+04
1.124702889871597290e+04
1.128596885490417480e+04
1.132487956976890564e+04
1.136375157165527344e+04
1.140265470647811890e+04
1.144153533387184143e+04
1.148048576974868774e+04
1.151939907217025757e+04
1.155828857588768005e+04
1.159724272823333740e+04
1.163616027021408081e+04
1.167509827280044556e+04
1.171409169387817383e+04
1.175298849987983704e+04
1.179193628954887390e+04
1.183081849551200867e+04
1.186976346468925476e+04
1.190867195439338684e+04
1.194769887876510620e+04
1.198679401016235352e+04
1.202546258068084717e+04
1.206416670870780945e+04
1.210284631943702698e+04
1.214165678310394287e+04
1.218037675571441650e+04
1.221917022109031677e+04
1.225794266033172607e+04
1.229664916658401489e+04
1.233539993357658386e+04
1.237411203217506409e+04
1.241279785227775574e+04
1.245153410506248474e+04
1.249028883719444275e+04
1.252906671619415283e+04
1.256782458019256592e+04
1.260652167224884033e+04
1.264532890748977661e+04
1.268407351922988892e+04
1.272283344984054565e+04
1.276160415220260620e+04
1.280037426829338074e+04
1.283907825398445129e+04
1.287781696891784668e+04
1.291656729793548584e+04
1.295531795573234558e+04
1.299407326483726501e+04
1.303280620455741882e+04
1.307152523469924927e+04
1.311028630709648132e+04
1.314907753586769104e+04
1.318783746743202209e+04
1.322659212327003479e+04
1.326535796332359314e+04
1.330410921359062195e+04
1.334290700316429138e+04
1.338188913106918335e+04
1.342080294132232666e+04
1.345972629380226135e+04
1.349862785315513611e+04
1.353752041244506836e+04
1.357642889952659607e+04
1.361537071204185486e+04
1.365429231333732605e+04
1.369320763754844666e+04
1.373210496497154236e+04
1.377100644135475159e+04
1.380998598480224609e+04
1.384889565014839172e+04
1.388791153073310852e+04
1.392687026190757751e+04
1.396583045458793640e+04
1.400485352826118469e+04
1.404376401281356812e+04
1.408255434942245483e+04
1.412130208635330200e+04
1.415999118185043335e+04
1.419882569241523743e+04
1.423756683635711670e+04
1.427625885653495789e+04
1.431497177767753601e+04
1.435370154738426208e+04
1.439241311025619507e+04
1.443114098525047302e+04
1.446984352636337280e+04
1.450857024288177490e+04
1.454723574686050415e+04
1.458598997735977173e+04
1.462473881220817566e+04
1.466352104091644287e+04
1.470227341413497925e+04
1.474104825353622437e+04
1.477980709147453308e+04
1.481863562798500061e+04
1.485737616038322449e+04
1.489606103730201721e+04
1.493476192951202393e+04
1.497354609489440918e+04
1.501226612591743469e+04
1.505105816864967346e+04
1.508975065636634827e+04
1.512846337747573853e+04
1.516728376936912537e+04
1.520601519179344177e+04
1.524475681757926941e+04
1.528343966531753540e+04
1.532216562700271606e+04
1.536095972704887390e+04
1.539964175248146057e+04
1.543839394736289978e+04
1.547716355323791504e+04
1.551591138005256653e+04
1.555467679023742676e+04
1.559345760464668274e+04
1.563221284008026123e+04
1.567101251554489136e+04
1.570988667225837708e+04
1.574874810457229614e+04
1.578750488710403442e+04
1.582624790167808533e+04
1.586292937159538269e+04
1.589903518414497375e+04
1.593516897153854370e+04
1.597128064727783203e+04
1.600743616032600403e+04
1.604352507352828979e+04
1.607972338080406189e+04
1.611586334705352783e+04
1.615195967411994934e+04
1.618805251574516296e+04
1.622417220568656921e+04
1.626021987795829773e+04
1.629632215332984924e+04
1.633243969798088074e+04
1.636858278203010559e+04
1.640469647431373596e+04
1.644081048798561096e+04
1.647693634605407715e+04
1.651308450150489807e+04
1.654918475604057312e+04
1.658534024596214294e+04
1.662146898221969604e+04
1.665759949207305908e+04
1.669373700284957886e+04
1.672990334033966064e+04
1.676614015436172485e+04
1.680227102041244507e+04
1.683840919899940491e+04
1.687455046939849854e+04
1.691067137336730957e+04
1.694693428516387939e+04
1.698307510852813721e+04
1.701928634524345398e+04
1.705543994069099426e+04
1.709160021734237671e+04
1.712784429383277893e+04
1.716401225638389587e+04
1.720015065741539001e+04
1.723639773607254028e+04
1.727255121302604675e+04
1.730883026766777039e+04
1.734496887946128845e+04
1.738108567166328430e+04
1.741721790003776550e+04
1.745333208751678467e+04
1.748961420583724976e+04
1.752577772831916809e+04
1.756191620278358459e+04
1.759805907106399536e+04
1.763419778800010681e+04
1.767035782194137573e+04
1.770651556420326233e+04
1.774263785457611084e+04
1.777878523755073547e+04
1.781493966674804688e+04
1.785110804581642151e+04
1.788728249549865723e+04
1.792340299749374390e+04
1.795951614069938660e+04
1.799563689613342285e+04
1.803175158882141113e+04
1.806787475752830505e+04
1.810401258468627930e+04
1.814015112090110779e+04
1.817629271721839905e+04
1.821242467045783997e+04
1.824870540547370911e+04
1.828500963330268860e+04
1.832126766324043274e+04
1.835756396293640137e+04
1.839383073139190674e+04
1.843013934683799744e+04
1.846641506838798523e+04
1.850278479909896851e+04
1.853897053027153015e+04
1.857510171771049500e+04
1.861125758647918701e+04
1.864741681385040283e+04
1.868362597632408142e+04
1.871973185920715332e+04
1.875587011456489563e+04
1.879200042963027954e+04
1.882814601993560791e+04
1.886438823795318604e+04
1.890055528378486633e+04
1.893669207286834717e+04
1.897286068248748779e+04
1.900899620556831360e+04
1.904520377206802368e+04
1.908138468241691589e+04
1.911754042649269104e+04
1.915371276330947876e+04
1.918986778330802917e+04
1.922608467960357666e+04
1.926225767898559570e+04
1.929838908123970032e+04
1.933453050756454468e+04
1.937073678541183472e+04
1.940685287666320801e+04
1.944299130773544312e+04
1.947911801266670227e+04
1.951529922246932983e+04
1.955146186470985413e+04
1.958766236829757690e+04
1.962383919978141785e+04
1.965996423530578613e+04
1.969609859609603882e+04
1.973220420837402344e+04
1.976841216683387756e+04
1.980453121066093445e+04
1.984060900926589966e+04
1.987676079297065735e+04
1.991287730956077576e+04
1.994905496931076050e+04
1.998522282218933105e+04
2.002133372187614441e+04
2.005747673034667969e+04
2.009356325483322144e+04
2.012975634336471558e+04
2.016593501281738281e+04
2.020203455424308777e+04
2.023815410852432251e+04
2.027440847969055176e+04
2.031058458137512207e+04
2.034669900155067444e+04
2.038281345891952515e+04
2.041895724892616272e+04
2.045507567262649536e+04
2.049125931477546692e+04
2.052740586805343628e+04
2.056355441403388977e+04
2.059968373489379883e+04
2.063582934331893921e+04
2.067197910022735596e+04
2.070812346363067627e+04
2.074425057387351990e+04
2.078038826131820679e+04
2.081653258967399597e+04
2.085265602779388428e+04
2.088880028867721558e+04
2.092495780849456787e+04
2.096111571145057678e+04
2.099721751141548157e+04
2.103344443535804749e+04
2.106960048389434814e+04
2.110576434564590454e+04
2.114190578889846802e+04
2.117808399057388306e+04
2.121425637388229370e+04
2.125038086867332458e+04
2.128657507038116455e+04
2.132286037993431091e+04
2.135904123687744141e+04
2.140242636442184448e+04
2.145026892757415771e+04
2.150043231987953186e+04
2.155074464058876038e+04
2.160087421631813049e+04
2.165099472022056580e+04
2.170114039516448975e+04
2.175131354260444641e+04
2.180156619954109192e+04
2.185170184350013733e+04
2.190185948467254639e+04
2.195203383326530457e+04
2.200217253589630127e+04
2.205252063846588135e+04
2.210275781965255737e+04
2.215297914981842041e+04
2.220320716285705566e+04
2.225352166533470154e+04
2.230389191079139709e+04
2.235412002778053284e+04
2.240436775636672974e+04
2.245460486650466919e+04
2.250485537314414978e+04
2.255519998288154602e+04
2.260542042231559753e+04
2.265563465642929077e+04
2.270587679338455200e+04
2.275612632679939270e+04
2.280641482853889465e+04
2.285664534759521484e+04
2.290687192177772522e+04
2.295710130190849304e+04
2.300734878468513489e+04
2.305763253402709961e+04
2.310787982487678528e+04
2.315813254761695862e+04
2.320832211184501648e+04
2.325855110502243042e+04
2.330879215383529663e+04
2.335903204154968262e+04
2.340923761248588562e+04
2.345936854481697083e+04
2.350947493410110474e+04
2.355962086057662964e+04
2.360968256783485413e+04
2.365981462955474854e+04
2.370996523332595825e+04
2.376012280464172363e+04
2.381033382391929626e+04
2.386039217567443848e+04
2.391049927759170532e+04
2.396073366475105286e+04
2.401083384156227112e+04
2.406104329061508179e+04
2.411125623488426208e+04
2.416150611233711243e+04
2.421174473357200623e+04
2.426201035690307617e+04
2.431225408506393433e+04
2.436247352766990662e+04
2.441269101572036743e+04
2.446304767346382141e+04
2.451322831797599792e+04
2.456341181182861328e+04
2.461362906336784363e+04
2.466383924078941345e+04
2.471409094691276550e+04
2.476431590771675110e+04
2.481451257348060608e+04
2.486472544550895691e+04
2.491495248746871948e+04
2.496508019375801086e+04
2.501517703557014465e+04
2.506528370523452759e+04
2.511538564896583557e+04
2.516549866151809692e+04
2.521569495534896851e+04
2.526590080952644348e+04
2.531605622243881226e+04
2.536615114068984985e+04
2.541629679441452026e+04
2.546648137688636780e+04
2.551663561654090881e+04
2.556682308173179626e+04
2.561693537473678589e+04
2.566708234190940857e+04
2.571732707047462463e+04
2.576750551152229309e+04
2.581765921592712402e+04
2.586782793903350830e+04
2.591795329499244690e+04
2.596815777993202209e+04
2.601828522109985352e+04
2.606842255997657776e+04
2.611851746010780334e+04
2.616865609073638916e+04
2.621886134719848633e+04
2.626898774218559265e+04
2.631914993977546692e+04
2.636929330801963806e+04
2.641940626406669617e+04
2.646951106786727905e+04
2.651962720203399658e+04
2.656970041966438293e+04
2.661982124447822571e+04
2.666987714433670044e+04
2.671998374032974243e+04
2.677010832190513611e+04
2.682017872333526611e+04
2.687028258585929871e+04
2.692039878296852112e+04
2.697052465629577637e+04
2.702063966369628906e+04
2.707078315687179565e+04
2.712089897441864014e+04
2.717102889776229858e+04
2.722109771037101746e+04
2.727122659230232239e+04
2.732132654237747192e+04
2.737149650359153748e+04
2.742159056663513184e+04
2.747165806388854980e+04
2.752175849342346191e+04
2.757198024010658264e+04
2.762235670757293701e+04
2.767262907505035400e+04
2.772283353877067566e+04
2.777309131145477295e+04
2.782334117245674133e+04
2.787366964983940125e+04
2.792391930103302002e+04
2.797416120290756226e+04
2.802439270257949829e+04
2.807460842800140381e+04
2.812497746300697327e+04
2.817517840862274170e+04
2.822541673922538757e+04
2.827571912932395935e+04
2.832592675733566284e+04
2.837629741525650024e+04
2.842652529239654541e+04
2.847676433873176575e+04
2.852700383448600769e+04
2.857727295279502869e+04
2.862761426234245300e+04
2.867785665678977966e+04
2.872811077904701233e+04
2.877831440281867981e+04
2.882855950951576233e+04
2.887880641484260559e+04
2.892900143098831177e+04
2.897922810125350952e+04
2.902943934583663940e+04
2.907967627191543579e+04
2.912992674183845520e+04
2.918016977620124817e+04
2.923039660096168518e+04
2.928062424230575562e+04
2.933085609507560730e+04
2.938110886955261230e+04
2.943133296108245850e+04
2.948167712163925171e+04
2.953192862677574158e+04
2.958217658662796021e+04
2.963244509029388428e+04
2.968270379281044006e+04
2.973297114658355713e+04
2.978327361178398132e+04
2.983352722287178040e+04
2.988378146839141846e+04
2.993402337765693665e+04
2.998413343524932861e+04
3.003429995489120483e+04
3.008453076910972595e+04
3.013473423457145691e+04
3.018489869475364685e+04
3.023507115006446838e+04
3.028522587609291077e+04
3.033536952304840088e+04
3.038552190518379211e+04
3.043565622305870056e+04
3.048579956579208374e+04
3.053593611049652100e+04
3.058606448292732239e+04
3.063620862483978271e+04
3.068641019511222839e+04
3.073652876687049866e+04
3.078661388969421387e+04
3.083674918580055237e+04
3.088687272810935974e+04
3.093700150346755981e+04
3.098722022771835327e+04
3.103737233281135559e+04
3.108746330308914185e+04
3.113756234216690063e+04
3.118772403907775879e+04
3.123787919688224792e+04
3.128805045580863953e+04
3.133816345930099487e+04
3.138827014255523682e+04
3.143838162350654602e+04
3.148856032419204712e+04
3.153884747171401978e+04
3.158908998870849609e+04
3.163918956375122070e+04
3.168931067371368408e+04
3.173943717694282532e+04
3.178957812213897705e+04
3.183965213608741760e+04
3.188977065658569336e+04
3.193991434502601624e+04
3.199003453207015991e+04
3.204019413495063782e+04
3.209035242509841919e+04
3.214048811674118042e+04
3.219062629246711731e+04
3.224076208591461182e+04
3.229100488567352295e+04
3.234113813900947571e+04
3.239124795365333557e+04
3.244142677521705627e+04
3.249158326077461243e+04
3.254173009681701660e+04
3.259186408877372742e+04
3.264197944450378418e+04
3.269211240625381470e+04
3.274224739384651184e+04
3.279240791249275208e+04
3.284254551649093628e+04
3.289265666747093201e+04
3.294282543969154358e+04
3.299293536210060120e+04
3.304310573029518127e+04
3.309327060580253601e+04
3.314336607289314270e+04
3.319344616150856018e+04
3.324353242826461792e+04
3.329366120409965515e+04
3.334376259541511536e+04
3.339386568117141724e+04
3.344399343180656433e+04
3.349414784359931946e+04
3.354431805300712585e+04
3.359437058305740356e+04
3.364446293973922729e+04
3.369457782483100891e+04
3.374469680213928223e+04
3.379482311320304871e+04
3.384493698072433472e+04
3.389507894873619080e+04
3.394519196295738220e+04
3.399530577158927917e+04
3.404543402552604675e+04
3.409552505087852478e+04
3.414562982869148254e+04
3.419574354171752930e+04
3.424583899545669556e+04
3.429595351052284241e+04
3.434608683300018311e+04
3.439614827919006348e+04
3.444622350525856018e+04
3.449633669161796570e+04
3.454643189930915833e+04
3.459659672093391418e+04
3.464672282266616821e+04
3.469685998272895813e+04
3.474697649002075195e+04
3.479708220267295837e+04
3.484716558909416199e+04
3.489727149724960327e+04
3.494740546512603760e+04
3.499746936535835266e+04
3.504757546186447144e+04
3.509767444443702698e+04
3.514779526734352112e+04
3.519787130355834961e+04
3.524802310848236084e+04
3.529814176583290100e+04
3.534824914002418518e+04
3.539840875315666199e+04
3.544853516054153442e+04
3.549863836860656738e+04
3.554870101952552795e+04
3.559876120281219482e+04
3.564888443636894226e+04
3.569896466183662415e+04
3.574904273414611816e+04
3.579913172793388367e+04
3.584923552036285400e+04
3.589931295657157898e+04
3.594944745063781738e+04
3.599953681015968323e+04
3.604962645936012268e+04
3.609994547438621521e+04
3.615021664023399353e+04
3.620042877912521362e+04
3.625066661739349365e+04
3.630089832019805908e+04
3.635110484480857849e+04
3.640131678056716919e+04
3.645154368543624878e+04
3.650176843190193176e+04
3.655201585626602173e+04
3.660221214103698730e+04
3.665248105096817017e+04
3.670271308350563049e+04
3.675289171290397644e+04
3.680308103132247925e+04
3.685326925969123840e+04
3.690357821321487427e+04
3.695379052019119263e+04
3.700387578892707825e+04
3.705396584963798523e+04
3.710408070683479309e+04
3.715425483059883118e+04
3.720431220674514771e+04
3.725440269565582275e+04
3.730447260022163391e+04
3.735454359889030457e+04
3.740465726161003113e+04
3.745469727158546448e+04
3.750482446336746216e+04
3.755495247101783752e+04
3.760512705111503601e+04
3.765529961276054382e+04
3.770535208606719971e+04
3.775544477200508118e+04
3.780555067253112793e+04
3.785567052364349365e+04
3.790577373242378235e+04
3.795593994474411011e+04
3.800612362456321716e+04
3.805621963286399841e+04
3.810631178903579712e+04
3.815647044420242310e+04
3.820658044981956482e+04
3.825670530009269714e+04
3.830688297724723816e+04
3.835696217513084412e+04
3.840713170647621155e+04
3.845727764010429382e+04
3.850736583471298218e+04
3.855748846316337585e+04
3.860759740447998047e+04
3.865779649591445923e+04
3.870788922381401062e+04
3.875799587249755859e+04
3.880811412620544434e+04
3.885818032646179199e+04
3.890836904215812683e+04
3.895849635124206543e+04
3.900859320616722107e+04
3.905869702148437500e+04
3.910887624168395996e+04
3.915901902580261230e+04
3.920911587047576904e+04
3.925923301720619202e+04
3.930929516696929932e+04
3.935941734790802002e+04
3.940954550528526306e+04
3.945965771460533142e+04
3.950979992341995239e+04
3.955991366577148438e+04
3.961003492307662964e+04
3.966011987638473511e+04
3.971017713141441345e+04
3.976029588866233826e+04
3.981043235373497009e+04
3.986053337216377258e+04
3.991065119075775146e+04
3.996076264286041260e+04
4.001086953902244568e+04
4.006098663806915283e+04
4.011106569528579712e+04
4.016115088438987732e+04
4.021124239325523376e+04
4.026140797781944275e+04
4.031153066349029541e+04
4.036165899705886841e+04
4.041173839902877808e+04
4.046185104084014893e+04
4.051201355838775635e+04
4.056210749387741089e+04
4.061222783827781677e+04
4.066233809876441956e+04
4.071244160985946655e+04
4.076260940694808960e+04
4.081271945452690125e+04
4.086279453992843628e+04
4.091286136841773987e+04
4.096306124830245972e+04
4.101311815834045410e+04
4.106320956206321716e+04
4.111340573191642761e+04
4.116360535311698914e+04
4.121390785288810730e+04
4.126410314726829529e+04
4.131428621959686279e+04
4.136447176098823547e+04
4.141467791604995728e+04
4.146488552427291870e+04
4.151502519655227661e+04
4.156517788314819336e+04
4.161534168624877930e+04
4.166544770550727844e+04
4.171557943153381348e+04
4.176577764964103699e+04
4.181589499998092651e+04
4.186593065476417542e+04
4.191606926608085632e+04
4.196618444299697876e+04
4.201633978128433228e+04
4.206645571708679199e+04
4.211663262701034546e+04
4.216677999234199524e+04
4.221687295079231262e+04
4.226714316344261169e+04
4.231728640222549438e+04
4.236741259932518005e+04
4.241757639813423157e+04
4.246771474337577820e+04
4.251789688777923584e+04
4.256797435212135315e+04
4.261803621745109558e+04
4.266815016388893127e+04
4.271822597670555115e+04
4.276844632744789124e+04
4.281855296993255615e+04
4.286867160916328430e+04
4.291880414628982544e+04
4.296894823861122131e+04
4.301914213871955872e+04
4.306925040769577026e+04
4.311937193346023560e+04
4.316946761751174927e+04
4.321964268517494202e+04
4.326975086212158203e+04
4.331991500687599182e+04
4.337002881217002869e+04
4.342016732454299927e+04
4.347031348323822021e+04
4.352043001246452332e+04
4.357056425881385803e+04
4.362073294568061829e+04
4.367102169179916382e+04
4.372112661719322205e+04
4.377135776996612549e+04
4.382150717163085938e+04
4.387170223665237427e+04
4.392192915534973145e+04
4.397209890651702881e+04
4.402241252875328064e+04
4.407268569016456604e+04
4.412294408321380615e+04
4.417313288807868958e+04
4.422338307261466980e+04
4.427364628696441650e+04
4.432398263192176819e+04
4.437424441409111023e+04
4.442447272992134094e+04
4.447472728586196899e+04
4.452496744275093079e+04
4.457520359396934509e+04
4.462544129967689514e+04
4.467564334607124329e+04
4.472571739578247070e+04
4.477587835478782654e+04
4.482601988458633423e+04
4.487613333559036255e+04
4.492634209918975830e+04
4.497653380465507507e+04
4.502668139147758484e+04
4.507686038923263550e+04
4.512702625131607056e+04
4.517721616840362549e+04
4.522740191364288330e+04
4.527761051964759827e+04
4.532781988048553467e+04
4.537803315544128418e+04
4.542823205184936523e+04
4.547839828300476074e+04
4.552858808088302612e+04
4.557877295780181885e+04
4.562894345831871033e+04
4.567909771561622620e+04
4.572928890419006348e+04
4.577945486021041870e+04
4.582963452243804932e+04
4.587981057214736938e+04
4.592995918369293213e+04
4.598015152311325073e+04
4.603034685301780701e+04
4.608053620743751526e+04
4.613071665501594543e+04
4.618091246604919434e+04
4.623117443466186523e+04
4.628135716533660889e+04
4.633152483558654785e+04
4.638171464633941650e+04
4.643189418339729309e+04
4.648206770610809326e+04
4.653219901823997498e+04
4.658233963727951050e+04
4.663257744073867798e+04
4.668276966309547424e+04
4.673297213149070740e+04
4.678313289141654968e+04
4.683329857015609741e+04
4.688356421756744385e+04
4.693374607205390930e+04
4.698396217918395996e+04
4.703415232539176941e+04
4.708438812804222107e+04
4.713465400958061218e+04
4.718485338425636292e+04
4.723505266356468201e+04
4.728534328365325928e+04
4.733554550170898438e+04
4.738575488233566284e+04
4.743602050900459290e+04
4.748623550224304199e+04
4.753641620159149170e+04
4.758661386203765869e+04
4.763681456947326660e+04
4.768698240065574646e+04
4.773714195919036865e+04
4.778732008266448975e+04
4.783750356459617615e+04
4.788769120335578918e+04
4.793786744379997253e+04
4.798807023334503174e+04
4.803825882124900818e+04
4.808846859216690063e+04
4.813863400316238403e+04
4.818887241435050964e+04
4.823910159206390381e+04
4.828938104176521301e+04
4.833955075049400330e+04
4.838974990820884705e+04
4.843990654420852661e+04
4.849010750198364258e+04
4.854029123973846436e+04
4.859043603086471558e+04
4.864060209107398987e+04
4.869075881576538086e+04
4.874089418673515320e+04
4.879108601617813110e+04
4.884129377365112305e+04
4.889145008373260498e+04
4.894156682109832764e+04
4.899171883153915405e+04
4.904187980389595032e+04
4.909209093904495239e+04
4.914233141112327576e+04
4.919254431796073914e+04
4.924270986700057983e+04
4.929285778594017029e+04
4.934303698992729187e+04
4.939323664379119873e+04
4.944342821264266968e+04
4.949361142230033875e+04
4.954378908991813660e+04
4.959398169493675232e+04
4.964413003849983215e+04
4.969434760189056396e+04
4.974452084088325500e+04
4.979469507384300232e+04
4.984492366623878479e+04
4.989508255720138550e+04
4.994524971270561218e+04
4.999543490338325500e+04
5.004560432004928589e+04
5.009578859591484070e+04
5.014597379112243652e+04
5.019610458230972290e+04
5.024626660323143005e+04
5.029645043492317200e+04
5.034667007946968079e+04
5.039690120744705200e+04
5.044706799554824829e+04
5.049723610758781433e+04
5.054741045737266541e+04
5.059758214569091797e+04
5.064775430154800415e+04
5.069791583514213562e+04
5.074807815051078796e+04
5.079824819707870483e+04
5.084843366479873657e+04
5.089862862539291382e+04
5.094889697313308716e+04
5.099905411601066589e+04
5.104926245498657227e+04
5.109944809269905090e+04
5.114959926629066467e+04
5.119975438308715820e+04
5.124993077898025513e+04
5.130017371630668640e+04
5.135036733460426331e+04
5.140052826237678528e+04
5.145069326901435852e+04
5.150083706569671631e+04
5.155110608053207397e+04
5.160128422164916992e+04
5.165148685550689697e+04
5.170167880344390869e+04
5.175187077641487122e+04
5.180209147143363953e+04
5.185225133180618286e+04
5.190246602559089661e+04
5.195264054918289185e+04
5.200283648443222046e+04
5.205306819534301758e+04
5.210325533723831177e+04
5.215341627407073975e+04
5.220359127569198608e+04
5.225379263591766357e+04
5.230412778711318970e+04
5.235431638813018799e+04
5.240451420283317566e+04
5.245471190667152405e+04
5.250491323328018188e+04
5.255515468668937683e+04
5.260531694316864014e+04
5.265546278858184814e+04
5.270566839265823364e+04
5.275583230257034302e+04
5.280611879205703735e+04
5.285627559304237366e+04
5.290643820929527283e+04
5.295661178421974182e+04
5.300680278182029724e+04
5.305703236365318298e+04
5.310725888705253601e+04
5.315740381741523743e+04
5.320759805989265442e+04
5.325777697825431824e+04
5.330796153283119202e+04
5.335812819886207581e+04
5.340831779289245605e+04
5.345848223328590393e+04
5.350862643289566040e+04
5.355881241679191589e+04
5.360897122335433960e+04
5.365915799021720886e+04
5.370934324860572815e+04
5.375954067945480347e+04
5.380972841000556946e+04
5.385991403961181641e+04
5.391010120034217834e+04
5.396028038954734802e+04
5.401048299217224121e+04
5.406062274742126465e+04
5.411078269624710083e+04
5.416094470191001892e+04
5.421116281557083130e+04
5.426132532858848572e+04
5.431152539610862732e+04
5.436168840885162354e+04
5.441185742735862732e+04
5.446210336208343506e+04
5.451228487324714661e+04
5.456245996284484863e+04
5.461268759107589722e+04
5.466285956692695618e+04
5.471311797308921814e+04
5.476327683615684509e+04
5.481344144558906555e+04
5.486358586716651917e+04
5.491375257539749146e+04
5.496397539472579956e+04
5.501413877177238464e+04
5.506427624559402466e+04
5.511441178011894226e+04
5.516456226062774658e+04
5.521480400347709656e+04
5.526495778083801270e+04
5.531509230065345764e+04
5.536524088478088379e+04
5.541541119313240051e+04
5.546563545942306519e+04
5.551582971429824829e+04
5.556597117018699646e+04
5.561614236068725586e+04
5.566629202747344971e+04
5.571645743823051453e+04
5.576665784263610840e+04
5.581682285404205322e+04
5.586699330234527588e+04
5.591717905306816101e+04
5.596743451857566833e+04
5.601774005460739136e+04
5.606793286013603210e+04
5.611812897157669067e+04
5.616830963587760925e+04
5.621855280470848083e+04
5.626870556449890137e+04
5.631875961208343506e+04
5.636582745504379272e+04
5.640218303585052490e+04
5.643856542301177979e+04
5.647488458037376404e+04
5.651119327116012573e+04
5.654749233675003052e+04
5.658378872871398926e+04
5.662014642119407654e+04
5.665643717646598816e+04
5.669273448085784912e+04
5.672900144052505493e+04
5.676530164623260498e+04
5.680166954064369202e+04
5.683796984553337097e+04
5.687424944567680359e+04
5.691053188705444336e+04
5.694678665161132812e+04
5.698318188261985779e+04
5.701946462631225586e+04
5.705576583099365234e+04
5.709204031562805176e+04
5.712833229351043701e+04
5.716457347965240479e+04
5.720097736668586731e+04
5.723723579621315002e+04
5.727349051737785339e+04
5.730979657268524170e+04
5.734610697317123413e+04
5.738231943845748901e+04
5.741862439751625061e+04
5.745483997917175293e+04
5.749109110999107361e+04
5.752723316884040833e+04
5.756356238913536072e+04
5.759974587726593018e+04
5.763596777343750000e+04
5.767222320628166199e+04
5.770838449931144714e+04
5.774450608515739441e+04
5.778073325157165527e+04
5.781703299093246460e+04
5.785323205780982971e+04
5.788940838980674744e+04
5.792560467338562012e+04
5.796181723785400391e+04
5.799814308762550354e+04
5.803431816029548645e+04
5.807052829980850220e+04
5.810672285413742065e+04
5.814289518260955811e+04
5.817920437431335449e+04
5.821544156622886658e+04
5.825162510132789612e+04
5.828786211729049683e+04
5.832408548164367676e+04
5.836037057876586914e+04
5.839654497909545898e+04
5.843276036691665649e+04
5.846896858525276184e+04
5.850513013458251953e+04
5.854139967322349548e+04
5.857760076260566711e+04
5.861380312085151672e+04
5.864994110512733459e+04
5.868611676168441772e+04
5.872233162021636963e+04
5.875859264111518860e+04
5.879488247132301331e+04
5.883114801812171936e+04
5.886745520663261414e+04
5.890369069385528564e+04
5.893998685240745544e+04
5.897628282999992371e+04
5.901255791687965393e+04
5.904884442210197449e+04
5.908514428544044495e+04
5.912143238067626953e+04
5.915773297166824341e+04
5.919401054430007935e+04
5.923033847260475159e+04
5.926658001255989075e+04
5.930283124732971191e+04
5.933909681224822998e+04
5.937539837312698364e+04
5.941169722819328308e+04
5.944798856735229492e+04
5.948427345037460327e+04
5.952052441859245300e+04
5.955689506268501282e+04
5.959313014292716980e+04
5.962942750024795532e+04
5.966568289995193481e+04
5.970196371126174927e+04
5.973831710505485535e+04
5.977460836744308472e+04
5.981092566180229187e+04
5.984722764182090759e+04
5.988349761390686035e+04
5.991986368536949158e+04
5.995616886186599731e+04
5.999244400429725647e+04
6.002876131558418274e+04
6.006504020738601685e+04
6.010140403103828430e+04
6.013771037292480469e+04
6.017402913045883179e+04
6.021031905412673950e+04
6.024668098068237305e+04
6.028305838656425476e+04
6.031936473321914673e+04
6.035564107680320740e+04
6.039194716644287109e+04
6.042825668573379517e+04
6.046457964944839478e+04
6.050088709354400635e+04
6.053718604850769043e+04
6.057349794006347656e+04
6.060980702686309814e+04
6.064614701533317566e+04
6.068247635006904602e+04
6.071877733230590820e+04
6.075505948448181152e+04
6.079134038782119751e+04
6.082769099116325378e+04
6.086397449994087219e+04
6.090026976418495178e+04
6.093657658576965332e+04
6.097288183045387268e+04
6.100923386049270630e+04
6.104553371572494507e+04
6.108183918452262878e+04
6.111817582130432129e+04
6.115448764872550964e+04
6.119082362866401672e+04
6.122709018492698669e+04
6.126337596821784973e+04
6.129965734052658081e+04
6.133597179222106934e+04
6.137233211135864258e+04
6.140859915351867676e+04
6.144487949299812317e+04
6.148116862607002258e+04
6.151744749808311462e+04
6.155380418443679810e+04
6.159009177970886230e+04
6.162635799384117126e+04
6.166264477300643921e+04
6.169894917821884155e+04
6.173520259571075439e+04
6.177159176564216614e+04
6.180787789058685303e+04
6.184418488097190857e+04
6.188049128937721252e+04
6.191677493309974670e+04
6.195309063124656677e+04
6.198940493559837341e+04
6.202570335793495178e+04
6.206203011226654053e+04
6.209835926461219788e+04
6.213465765118598938e+04
6.217093604373931885e+04
6.220735781455039978e+04
6.224363126468658447e+04
6.227994143462181091e+04
6.231619956684112549e+04
6.235252512931823730e+04
6.238894126343727112e+04
6.242525004792213440e+04
6.246154007291793823e+04
6.249785861134529114e+04
6.253412832903862000e+04
6.257050661468505859e+04
6.260681155252456665e+04
6.264315217614173889e+04
6.267944885492324829e+04
6.271571823835372925e+04
6.275216630554199219e+04
6.278846533298492432e+04
6.282476023817062378e+04
6.286106675958633423e+04
6.289734794068336487e+04
6.293373953151702881e+04
6.297001413416862488e+04
6.300630745625495911e+04
6.304261557149887085e+04
6.307890732502937317e+04
6.311535837841033936e+04
6.315165803599357605e+04
6.318798418641090393e+04
6.322429338836669922e+04
6.326059507417678833e+04
6.329703075814247131e+04
6.333335003995895386e+04
6.336963285970687866e+04
6.340593778181076050e+04
6.344218241429328918e+04
6.347841268849372864e+04
6.351479947471618652e+04
6.355109664869308472e+04
6.358740637874603271e+04
6.362366568660736084e+04
6.365993383765220642e+04
6.369625097656250000e+04
6.373257960891723633e+04
6.376886234641075134e+04
6.380516476941108704e+04
6.384146350741386414e+04
6.387774319696426392e+04
6.391401796650886536e+04
6.395050416231155396e+04
6.398682154750823975e+04
6.402317733693122864e+04
6.405950662589073181e+04
6.409581583070755005e+04
6.413204805421829224e+04
6.416831253051757812e+04
6.420459462070465088e+04
6.424088338541984558e+04
6.427712725353240967e+04
6.431348935484886169e+04
6.434976049637794495e+04
6.438607961416244507e+04
6.442235882377624512e+04
6.445867640471458435e+04
