2.411346117265073776e+09
2.411346067872899532e+09
2.411346088044893265e+09
2.411346088927501678e+09
2.411346102504067898e+09
2.411346104399454594e+09
2.411346102755850315e+09
2.411346109830145359e+09
2.411346119111565113e+09
2.411346117621296883e+09
4.179148045809810638e+09
4.179147989138812065e+09
4.179147969145387650e+09
4.179148018431730270e+09
4.179148019502963066e+09
4.179148025742243767e+09
4.179148034155392647e+09
4.179148039911896706e+09
4.179148043369186878e+09
4.179148045483952999e+09
1.673063591759883985e+07
1.673063351039787941e+07
1.673063355368925445e+07
1.673063484503041767e+07
1.673063534923470393e+07
1.673063543255239725e+07
1.673063644823482260e+07
1.673063624578868970e+07
1.673063507288854383e+07
1.673063557259879448e+07
1.235675679450712353e+07
1.235675737996395305e+07
1.235675722974305227e+07
1.235675711439370736e+07
1.235675711785692722e+07
1.235675704327826947e+07
1.235675775836694986e+07
1.235675734141852520e+07
1.235675595228493027e+07
1.235675646796934120e+07
1.039082217994531244e+07
1.039082237590950727e+07
1.039082226609439589e+07
1.039082231116164289e+07
1.039082232848109864e+07
1.039082228972413391e+07
1.039082298120110482e+07
1.039082264315561578e+07
1.039082142062653229e+07
1.039082187868877873e+07
4.087915453407419380e+06
4.087915001217432786e+06
4.087915033939885907e+06
4.087915233837015461e+06
4.087915071838899516e+06
4.087915152714369353e+06
4.087915540256379638e+06
4.087915534322591964e+06
4.087915161840311717e+06
4.087915311079340056e+06
2.731196324405888561e+06
2.731196198106950615e+06
2.731196244290363044e+06
2.731196242490962613e+06
2.731196046706693713e+06
2.731196107214459684e+06
2.731196311142335646e+06
2.731196344158668537e+06
2.731196153958190698e+06
2.731196232347485609e+06
1.728998115782435285e+06
1.728998309371253941e+06
1.728998363872205140e+06
1.728998172709762584e+06
1.728998063483336009e+06
1.728998071911835112e+06
1.728998051930025220e+06
1.728998097941360204e+06
1.728998043450161815e+06
1.728998070536279818e+06
1.469227106924469583e+06
1.469227234872038709e+06
1.469227292156048818e+06
1.469227135322362417e+06
1.469227144035483710e+06
1.469227126762286993e+06
1.469227035837148083e+06
1.469227082386266207e+06
1.469227054672478233e+06
1.469227072804583237e+06
1.243225839619263075e+06
1.243225846505145077e+06
1.243225890398243442e+06
1.243225821057365276e+06
1.243225901068317005e+06
1.243225874380275141e+06
1.243225775260874303e+06
1.243225818380706711e+06
1.243225789202496875e+06
1.243225807108535198e+06
9.205462853930158308e+05
9.205461035433775978e+05
9.205460998663215432e+05
9.205461979642122751e+05
9.205463481546858093e+05
9.205463170866449364e+05
9.205462375330403447e+05
9.205462730821209261e+05
9.205462344751765486e+05
9.205462533435245277e+05
6.991678874913622858e+05
6.991676649779044092e+05
6.991676125932249706e+05
6.991677952970477054e+05
6.991679286413391819e+05
6.991679039493948221e+05
6.991678512758528814e+05
6.991678806073076557e+05
6.991678411219193367e+05
6.991678578198145842e+05
4.010494756893353187e+05
4.010493799799188855e+05
4.010492893160489621e+05
4.010494593972730800e+05
4.010494994509376702e+05
4.010494860731194494e+05
4.010494532962894300e+05
4.010494716264543240e+05
4.010494499781071208e+05
4.010494573612021632e+05
2.411559399886394385e+05
2.411559935174085549e+05
2.411559059306931740e+05
2.411559987097055709e+05
2.411559469674192078e+05
2.411559447811674909e+05
2.411559270695608575e+05
2.411559368010422040e+05
2.411559304558621370e+05
2.411559310651013220e+05
1.698293987439539342e+05
1.698294940991265175e+05
1.698294234833696974e+05
1.698294711489652109e+05
1.698293768086891505e+05
1.698293853805534309e+05
1.698293793683239492e+05
1.698293893984756141e+05
1.698294015144289297e+05
1.698293960703868943e+05
1.085443884049687040e+05
1.085446757222513261e+05
1.085446283260376222e+05
1.085445389420979773e+05
1.085444343073654454e+05
1.085444281717264967e+05
1.085444076689019712e+05
1.085443992092349654e+05
1.085443833345105231e+05
1.085443861843006889e+05
4.294584725630589674e+04
4.294596944015148620e+04
4.294595421547479782e+04
4.294590639969585027e+04
4.294582902798711439e+04
4.294583855424494686e+04
4.294583634998933121e+04
4.294583954163600720e+04
4.294585766681970563e+04
4.294585143349070859e+04
1.484647893961276714e+04
1.484650583358600670e+04
1.484650994569781324e+04
1.484648887661655135e+04
1.484646166534501754e+04
1.484646845103592386e+04
1.484646505433782113e+04
1.484646992658195450e+04
1.484648817033111300e+04
1.484648294337508378e+04
7.828943007723908522e+03
7.828943239460632867e+03
7.828947816540048734e+03
7.828941989268916586e+03
7.828941864704927866e+03
7.828943020211158910e+03
7.828936231525971380e+03
7.828938634786090915e+03
7.828947033227244901e+03
7.828945161683557671e+03
6.879009431689270059e+03
6.879007010379238636e+03
6.879008871696094502e+03
6.879008604693657617e+03
6.879009722945394969e+03
6.879010502107073989e+03
6.879006415608973839e+03
6.879007429226612658e+03
6.879011200195473066e+03
6.879010684499170566e+03
6.629031557213530505e+03
6.629030440327331235e+03
6.629030960712918386e+03
6.629031902420050756e+03
6.629031128502580032e+03
6.629032247131439362e+03
6.629031116378173465e+03
6.629031235789061611e+03
6.629031607982402420e+03
6.629032044478387434e+03
6.589504715298047813e+03
6.589504451466744285e+03
6.589505097936763377e+03
6.589505356701362871e+03
6.589504842002847909e+03
6.589505785674205981e+03
6.589505113591783811e+03
6.589505014789216148e+03
6.589503930364530788e+03
6.589504795817719241e+03
6.533122510202780177e+03
6.533123043274842530e+03
6.533123750991550878e+03
6.533123436910072087e+03
6.533121915252380859e+03
6.533123095948991249e+03
6.533123167631716569e+03
6.533122988948307466e+03
6.533121525735557952e+03
6.533122485630307892e+03
6.367117588810412599e+03
6.367119152855515495e+03
6.367120057832976272e+03
6.367118790621460903e+03
6.367116043910408735e+03
6.367117482910971376e+03
6.367118578670253555e+03
6.367118316609640715e+03
6.367116280649940563e+03
6.367117388233082238e+03
5.906406388985200465e+03
5.906408366942177054e+03
5.906409601380439199e+03
5.906407403753144536e+03
5.906402977594127151e+03
5.906404766352517981e+03
5.906407691417419301e+03
5.906407382207326009e+03
5.906404682562631024e+03
5.906405954096043388e+03
5.234100464696717609e+03
5.234099874984942289e+03
5.234100865983513359e+03
5.234100095157542455e+03
5.234095371599645659e+03
5.234097157126391721e+03
5.234101588075700420e+03
5.234101400419156562e+03
5.234098702211890668e+03
5.234099954387977959e+03
9.219428017853733763e+03
9.219466608187853126e+03
9.219474774687463650e+03
9.219442368564146818e+03
9.219442440689916111e+03
9.219439749425398986e+03
9.219436818553598641e+03
9.219432207790456232e+03
9.219427006055768288e+03
9.219429417101384388e+03
5.143028735264365423e+03
5.143033616840149989e+03
5.143035412996453488e+03
5.143030443031811046e+03
5.143026345786564889e+03
5.143027464489922750e+03
5.143030921977784601e+03
5.143030135423723550e+03
5.143027047774082348e+03
5.143028458605771448e+03
4.667546739047220399e+03
4.667540042985444416e+03
4.667541470673041658e+03
4.667543045452503975e+03
4.667541867094148074e+03
4.667542935443548231e+03
4.667546530073401300e+03
4.667546711747954760e+03
4.667546128795161167e+03
4.667546841026404763e+03
4.456589959546230602e+03
4.456592961644596471e+03
4.456592183961417504e+03
4.456591460957983145e+03
4.456589733513946157e+03
4.456589649835274031e+03
4.456590235876076804e+03
4.456590121987524981e+03
4.456589497606782061e+03
4.456590198654932465e+03
4.429754120345714000e+03
4.429753671191700960e+03
4.429753682798718728e+03
4.429753765530457713e+03
4.429754407986290062e+03
4.429754114508749808e+03
4.429754127091505325e+03
4.429754072999654454e+03
4.429753900543999407e+03
4.429754529911329882e+03
4.427517986709295656e+03
4.427518171517296651e+03
4.427518086734845383e+03
4.427517969817908124e+03
4.427518158698806474e+03
4.427517928859492713e+03
4.427518036150727312e+03
4.427517962304751563e+03
4.427517763553870282e+03
4.427518391299387986e+03
4.426250412831780523e+03
4.426250609771147538e+03
4.426250473430594866e+03
4.426250425440228355e+03
4.426250470170802146e+03
4.426250277856367575e+03
4.426250429724404967e+03
4.426250368479217286e+03
4.426250209208706110e+03
4.426250821688076030e+03
4.417468727915450472e+03
4.417468992450111728e+03
4.417468745859298906e+03
4.417468827461543697e+03
4.417468508341177767e+03
4.417468413617561055e+03
4.417468733695869560e+03
4.417468680222363218e+03
4.417468526798255880e+03
4.417469126236175725e+03
4.379919831246275862e+03
4.379919967575628107e+03
4.379919429486999434e+03
4.379920017295230537e+03
4.379918779099674794e+03
4.379918964876879727e+03
4.379919560279625330e+03
4.379919604507710574e+03
4.379919830526065198e+03
4.379920284372195965e+03
4.301857618342762180e+03
4.301857857704005255e+03
4.301856927581979107e+03
4.301858043563287538e+03
4.301855600086310915e+03
4.301856136928551678e+03
4.301857372095003484e+03
4.301857420779343556e+03
4.301857606701183613e+03
4.301858006861149988e+03
4.122779374350729086e+03
4.122779165981235565e+03
4.122777768280496275e+03
4.122779820461743839e+03
4.122775922786594492e+03
4.122776974971243362e+03
4.122778462384820159e+03
4.122778731607756527e+03
4.122779914424073468e+03
4.122779892954085881e+03
3.861926485789789240e+03
3.861926945363174582e+03
3.861925110971606955e+03
3.861927441072305101e+03
3.861922948064580396e+03
3.861924183820843155e+03
3.861926365086993883e+03
3.861926439439663682e+03
3.861926458863150401e+03
3.861926536709168431e+03
4.106557507047369654e+03
4.106556452513060322e+03
4.106558409682005731e+03
4.106556042684623208e+03
4.106550770067685335e+03
4.106552748653259187e+03
4.106553523238717389e+03
4.106554727010170609e+03
4.106560484094214189e+03
4.106558681225925284e+03
3.767484071538323860e+03
3.767484160569370943e+03
3.767483641228483975e+03
3.767484255980408761e+03
3.767479494964792593e+03
3.767480977370646542e+03
3.767482601214442184e+03
3.767483071020754323e+03
3.767485126901512103e+03
3.767484542888553278e+03
4.604452406694135789e+03
4.604422862383447864e+03
4.604420518191468545e+03
4.604439047778044369e+03
4.604440860471877386e+03
4.604442891997023253e+03
4.604446677939740766e+03
4.604449406048289347e+03
4.604453790055705213e+03
4.604452224091954122e+03
3.739853204393576561e+03
3.739849161864405232e+03
3.739848428209695612e+03
3.739851524048076044e+03
3.739847713160051626e+03
3.739849262033098512e+03
3.739851146387713925e+03
3.739851929529478184e+03
3.739854295575522428e+03
3.739853582619302415e+03
3.592762934233958731e+03
3.592763269894872792e+03
3.592762520229994152e+03
3.592763245014551103e+03
3.592760853719970328e+03
3.592761546755275049e+03
3.592762484920885981e+03
3.592762707808792129e+03
3.592763125007289545e+03
3.592762928825138260e+03
3.551999359486463163e+03
3.551999495629069315e+03
3.551999457973745393e+03
3.551999294766117146e+03
3.551999108907352820e+03
3.551999249162010528e+03
3.551999494979369956e+03
3.551999490997517114e+03
3.551999219660775452e+03
3.551999304812994978e+03
3.549184168917309762e+03
3.549184450714777540e+03
3.549184354509164223e+03
3.549184204252213476e+03
3.549184104876376750e+03
3.549184210349786099e+03
3.549184230294801182e+03
3.549184236184102247e+03
3.549184122916196884e+03
3.549184159487204852e+03
3.556552396409294943e+03
3.556550070809456884e+03
3.556550236750353633e+03
3.556551192717630784e+03
3.556551667198051291e+03
3.556551952117722067e+03
3.556552193321052073e+03
3.556552295710872841e+03
3.556552486638745449e+03
3.556552437757764892e+03
3.548859687465280331e+03
3.548859534826142408e+03
3.548859482318442133e+03
3.548859516025268931e+03
3.548859513659610457e+03
3.548859648832673884e+03
3.548859705318664965e+03
3.548859726971241344e+03
3.548859664233378226e+03
3.548859686635637900e+03
3.548485304395236653e+03
3.548485325818419824e+03
3.548485228932431255e+03
3.548485234944391777e+03
3.548485262579274604e+03
3.548485370506292384e+03
3.548485298407359096e+03
3.548485318724626268e+03
3.548485323089607391e+03
3.548485327592929025e+03
3.548347570573838311e+03
3.548347597705168937e+03
3.548347500291415599e+03
3.548347504479947929e+03
3.548347534932674535e+03
3.548347641237681273e+03
3.548347561882360424e+03
3.548347583179161120e+03
3.548347591067903522e+03
3.548347594139663670e+03
3.547830739146189444e+03
3.547830788990128440e+03
3.547830689462107784e+03
3.547830686424661053e+03
3.547830728166890822e+03
3.547830827991187562e+03
3.547830719626828795e+03
3.547830744848934046e+03
3.547830766838229465e+03
3.547830764181023369e+03
3.541588793628470739e+03
3.541588957270865649e+03
3.541588898378600334e+03
3.541588810223429846e+03
3.541588942330343343e+03
3.541588988102969779e+03
3.541588665941237196e+03
3.541588741567463785e+03
3.541588856378871242e+03
3.541588814451498820e+03
3.536545647163737613e+03
3.536545768049631533e+03
3.536545780558482875e+03
3.536545648923875433e+03
3.536545804920979663e+03
3.536545826303302420e+03
3.536545478313501917e+03
3.536545584885486278e+03
3.536545687785180689e+03
3.536545644964005987e+03
3.532902396810418850e+03
3.532903170254364795e+03
3.532902918361748107e+03
3.532902873477577941e+03
3.532902967575299954e+03
3.532902848380206706e+03
3.532902589499062742e+03
3.532902537068781839e+03
3.532902352260036423e+03
3.532902361658633708e+03
3.527118580508002196e+03
3.527118835750939525e+03
3.527118822874432681e+03
3.527118709538318853e+03
3.527118756216583733e+03
3.527118721177014322e+03
3.527118562633135753e+03
3.527118598052222751e+03
3.527118592145468483e+03
3.527118577146279222e+03
3.526462716625053872e+03
3.526462498762137784e+03
3.526462514142811415e+03
3.526462611112692684e+03
3.526462670561100822e+03
3.526462670144408548e+03
3.526462643409336579e+03
3.526462705483634636e+03
3.526462731623185846e+03
3.526462714917834546e+03
3.526338963648532626e+03
3.526339046002485247e+03
3.526339073887017548e+03
3.526338992826713820e+03
3.526338960755093012e+03
3.526338961988130905e+03
3.526338972759207536e+03
3.526338998251192152e+03
3.526338951728811480e+03
3.526338959962585704e+03
3.526289456550539853e+03
3.526289438317076929e+03
3.526289449056966077e+03
3.526289447459556868e+03
3.526289441286252440e+03
3.526289440437746634e+03
3.526289448663394069e+03
3.526289480472077230e+03
3.526289453562807012e+03
3.526289455657701637e+03
3.526278014575674206e+03
3.526277992057277970e+03
3.526277994968358144e+03
3.526278007394427732e+03
3.526278004956548557e+03
3.526278001962963572e+03
3.526278003472502860e+03
3.526278035183543125e+03
3.526278016517936521e+03
3.526278016958902754e+03
3.526253323842888676e+03
3.526253307115445750e+03
3.526253307709683668e+03
3.526253320972007714e+03
3.526253329752495574e+03
3.526253322730698983e+03
3.526253315183656923e+03
3.526253344858575474e+03
3.526253326814447973e+03
3.526253328511756536e+03
3.526166549519321507e+03
3.526166616179570610e+03
3.526166607720852880e+03
3.526166589871830183e+03
3.526166587946277104e+03
3.526166573700396384e+03
3.526166537918614722e+03
3.526166563928433789e+03
3.526166565468395220e+03
3.526166565148684640e+03
3.526060604539289216e+03
3.526060590032920118e+03
3.526060590738454266e+03
3.526060609364025822e+03
3.526060632793138666e+03
3.526060623382228641e+03
3.526060587168856728e+03
3.526060610160973738e+03
3.526060635301320417e+03
3.526060632656580310e+03
3.525948828246640005e+03
3.525949304138819571e+03
3.525949291438690125e+03
3.525949057189719042e+03
3.525949049365503470e+03
3.525948996087524847e+03
3.525948825410273002e+03
3.525948831463793340e+03
3.525948875740213225e+03
3.525948881744514892e+03
3.525435013071661160e+03
3.525435261989352966e+03
3.525435266546671301e+03
3.525435133737655178e+03
3.525435153832512242e+03
3.525435120000521692e+03
3.525435004913471403e+03
3.525435017091347618e+03
3.525435054144717924e+03
3.525435057668151785e+03
3.523907567366058629e+03
3.523907366875324897e+03
3.523907412938317520e+03
3.523907468097215315e+03
3.523907555960213358e+03
3.523907559711040449e+03
3.523907544959466122e+03
3.523907569969293036e+03
3.523907599025980289e+03
3.523907596675084733e+03
3.520549234865089147e+03
3.520548360769360897e+03
3.520548478499566045e+03
3.520548796768837292e+03
3.520549001058222530e+03
3.520549060265917433e+03
3.520549166539111411e+03
3.520549216954053009e+03
3.520549272183038738e+03
3.520549252185127443e+03
3.512755383035231716e+03
3.512753548315354692e+03
3.512753784940707646e+03
3.512754443904767413e+03
3.512754837558109102e+03
3.512754978848203791e+03
3.512755203698857713e+03
3.512755297998297010e+03
3.512755477956818140e+03
3.512755409181987034e+03
3.498396115873933923e+03
3.498393595889723656e+03
3.498393966843604630e+03
3.498394773372217060e+03
3.498395363610547975e+03
3.498395579605031799e+03
3.498395772666293851e+03
3.498395899269551137e+03
3.498396387584756212e+03
3.498396215979601948e+03
3.494538642092154078e+03
3.494531990879163914e+03
3.494532438347701827e+03
3.494535266850832159e+03
3.494536953948119390e+03
3.494537282576634425e+03
3.494537331970479499e+03
3.494537808626116203e+03
3.494539405652757523e+03
3.494538934930019877e+03
3.471132802670404544e+03
3.471129887589919690e+03
3.471130279522539240e+03
3.471131176061289807e+03
3.471132129859410270e+03
3.471132328894759667e+03
3.471132053728766550e+03
3.471132248021823671e+03
3.471133505221368068e+03
3.471133126632162657e+03
3.457446648017175448e+03
3.457446593081658648e+03
3.457446773421530906e+03
3.457446412400858208e+03
3.457446931416414827e+03
3.457446933898017505e+03
3.457446312258120997e+03
3.457446325019920550e+03
3.457447209309519621e+03
3.457446962725539834e+03
3.451142153265629076e+03
3.451143082289298491e+03
3.451143119646876585e+03
3.451142396598830146e+03
3.451142906038216552e+03
3.451142795532749460e+03
3.451141880947580830e+03
3.451141838842472680e+03
3.451142757475292910e+03
3.451142521122105336e+03
3.444950479126277060e+03
3.444951433786187408e+03
3.444951350614705461e+03
3.444950755819443657e+03
3.444951279470264126e+03
3.444951144026083512e+03
3.444950211739315819e+03
3.444950169473996539e+03
3.444951069386480413e+03
3.444950845192679026e+03
3.514218422274006116e+03
3.514220948296883307e+03
3.514220532942497357e+03
3.514219337892046497e+03
3.514216037927454181e+03
3.514216902002757706e+03
3.514218644455686444e+03
3.514218491451683803e+03
3.514218608349386614e+03
3.514218538970227200e+03
3.423706709572746149e+03
3.423708327013357120e+03
3.423708116567616344e+03
3.423707270973379309e+03
3.423706542909285417e+03
3.423706715799258291e+03
3.423706672892983079e+03
3.423706579059329215e+03
3.423707103174611802e+03
3.423706958654740902e+03
3.420255672025108652e+03
3.420257605186529418e+03
3.420256923181101683e+03
3.420256574617558726e+03
3.420256275353833644e+03
3.420256219422743470e+03
3.420256517415001781e+03
3.420256184144760482e+03
3.420255289778711358e+03
3.420255652531205669e+03
3.411227851519641263e+03
3.411227610498960530e+03
3.411227272829548838e+03
3.411227559278989247e+03
3.411227959376150466e+03
3.411228000500866528e+03
3.411228101715227240e+03
3.411227949477453421e+03
3.411227910435837657e+03
3.411227989714425803e+03
3.408604354927256281e+03
3.408604810460959015e+03
3.408604467948606725e+03
3.408604411021307897e+03
3.408604541760780648e+03
3.408604590134019872e+03
3.408604739352642810e+03
3.408604532052623654e+03
3.408604363826666031e+03
3.408604478859428127e+03
3.405539852291416992e+03
3.405540697768136852e+03
3.405540341192066535e+03
3.405540114965983321e+03
3.405540084702602599e+03
3.405540146132073914e+03
3.405540372525579642e+03
3.405540104988731400e+03
3.405539818234507038e+03
3.405539971270541628e+03
3.399065662277570482e+03
3.399066594084396002e+03
3.399066222214331447e+03
3.399066000285196878e+03
3.399065831017447636e+03
3.399065931360234572e+03
3.399066289446636802e+03
3.399065966256388947e+03
3.399065612764056368e+03
3.399065793255668723e+03
3.500080700501753654e+03
3.500081182403633647e+03
3.500081544076891987e+03
3.500080731867778923e+03
3.500077842328480529e+03
3.500078640056487529e+03
3.500080400331877627e+03
3.500080609233713403e+03
3.500080655098505758e+03
3.500080621508538570e+03
3.391162753729892756e+03
3.391163835873602693e+03
3.391163605145105521e+03
3.391163145693109527e+03
3.391162368056484866e+03
3.391162601099803851e+03
3.391163255346136339e+03
3.391163023793998946e+03
3.391162654456876680e+03
3.391162821518137207e+03
3.394056308723038910e+03
3.394066879159877772e+03
3.394066682435041912e+03
3.394061106153876153e+03
3.394058661532043971e+03
3.394058443480642836e+03
3.394058072802684819e+03
3.394057165998283381e+03
3.394056153518943574e+03
3.394056522788272105e+03
3.373715790356644447e+03
3.373721484557580425e+03
3.373721263472274131e+03
3.373718330203477763e+03
3.373716746806145238e+03
3.373716757582057653e+03
3.373716945686566760e+03
3.373716380873818707e+03
3.373715615978630467e+03
3.373715907895889359e+03
3.334060105391142315e+03
3.334065135139562699e+03
3.334065057583529324e+03
3.334062319458824277e+03
3.334060977939754139e+03
3.334060999071691185e+03
3.334061311611975725e+03
3.334060709838181083e+03
3.334059930815706139e+03
3.334060253307133735e+03
3.263485174318277132e+03
3.263486103172843741e+03
3.263487555580059961e+03
3.263485055162766002e+03
3.263485427070379046e+03
3.263485430766208538e+03
3.263485026152322462e+03
3.263484594617551920e+03
3.263486593660446033e+03
3.263485978809094831e+03
3.231713652913504575e+03
3.231716674621745369e+03
3.231717271984612125e+03
3.231714749963170107e+03
3.231714217524812739e+03
3.231714230667079391e+03
3.231714399618961579e+03
3.231713868865455879e+03
3.231713949403459992e+03
3.231714033239061791e+03
3.165971131779409461e+03
3.165969032254932245e+03
3.165970066455289270e+03
3.165969860470278945e+03
3.165970972115354471e+03
3.165970861622187385e+03
3.165971456060502078e+03
3.165971218147461968e+03
3.165971132534742537e+03
3.165971398254283031e+03
3.140788551669441404e+03
3.140787602259193591e+03
3.140788918195793940e+03
3.140787613658588725e+03
3.140788663003861075e+03
3.140788469566508866e+03
3.140788095134035302e+03
3.140788025992753319e+03
3.140789387947741488e+03
3.140789066924993676e+03
3.121529304395225608e+03
3.121529514029091843e+03
3.121530282426158010e+03
3.121529041256098026e+03
3.121529722837478857e+03
3.121529431969285724e+03
3.121529083560355957e+03
3.121529081472650432e+03
3.121529605395417093e+03
3.121529565073773028e+03
3.084530654658609819e+03
3.084528546743829793e+03
3.084528810262380375e+03
3.084529595919730127e+03
3.084529805281152676e+03
3.084529768740706004e+03
3.084529940335527954e+03
3.084530081128811617e+03
3.084531388093760143e+03
3.084531005596688829e+03
3.072227208639706532e+03
3.072226485277646134e+03
3.072226490367910174e+03
3.072226897851748618e+03
3.072226952764414364e+03
3.072226779275060380e+03
3.072226699675403324e+03
3.072226709854484852e+03
3.072227988934465884e+03
3.072227602144058892e+03
3.062568747992564568e+03
3.062569575246694058e+03
3.062569369087602354e+03
3.062569234185697042e+03
3.062569124571515204e+03
3.062568812184744274e+03
3.062568594065705838e+03
3.062568462858151634e+03
3.062569359529928533e+03
3.062569108227124616e+03
3.047988277331024165e+03
3.047990465963333008e+03
3.047990115278111261e+03
3.047989447190638202e+03
3.047989159524441220e+03
3.047988730559635769e+03
3.047988403863587791e+03
3.047988157661628975e+03
3.047988768501447794e+03
3.047988611617092829e+03
3.013900836110165528e+03
3.013904612295931202e+03
3.013904161711805500e+03
3.013902767912029503e+03
3.013902315456816268e+03
3.013901746019836082e+03
3.013901348052705089e+03
3.013900946580663458e+03
3.013901155718026985e+03
3.013901128182590128e+03
2.955480956211968532e+03
2.955484391692992176e+03
2.955484072551697409e+03
2.955482651651521337e+03
2.955482458290805425e+03
2.955481837856943002e+03
2.955481378795633645e+03
2.955480948372761759e+03
2.955481525892655100e+03
2.955481300591814943e+03
3.801052192649542576e+03
3.801076757941992582e+03
3.801078856828353310e+03
3.801062443557974348e+03
3.801055622173972097e+03
3.801054950868034666e+03
3.801055865523274406e+03
3.801054303009698287e+03
3.801050629876624953e+03
3.801052200041979177e+03
2.938959360905900212e+03
2.938965689400395149e+03
2.938965636584491676e+03
2.938962294992202715e+03
2.938961266248039010e+03
2.938960606607055979e+03
2.938960397054669102e+03
2.938959786766750767e+03
2.938959446577924609e+03
2.938959588315953170e+03
2.871487811483223595e+03
2.871490354383731756e+03
2.871490460006511057e+03
2.871488891928651356e+03
2.871488793772512508e+03
2.871488263239295065e+03
2.871488633515076344e+03
2.871488171649555170e+03
2.871487872549244457e+03
2.871487952883582693e+03
2.875906301234178500e+03
2.875906328686144207e+03
2.875907385321335823e+03
2.875905860228556776e+03
2.875906506955693658e+03
2.875906102081361041e+03
2.875906265732678094e+03
2.875905871987895353e+03
2.875907512194316951e+03
2.875906748665161103e+03
2.856244607183570224e+03
2.856245938124190616e+03
2.856246482350197766e+03
2.856244962549422326e+03
2.856245230645635274e+03
2.856244756783250523e+03
2.856245095343505000e+03
2.856244660375783042e+03
2.856245111481098320e+03
2.856244873877463306e+03
2.834673071895650992e+03
2.834670238005522151e+03
2.834671460611178645e+03
2.834671273670403480e+03
2.834673134241009848e+03
2.834672682513762084e+03
2.834673966262241720e+03
2.834673587047946512e+03
2.834672674911121248e+03
2.834673120712979653e+03
2.821304187949473999e+03
2.821302410252756999e+03
2.821303632821951851e+03
2.821302868867051075e+03
2.821304059340008280e+03
2.821303679651889070e+03
2.821304825268842251e+03
2.821304464107541662e+03
2.821304194444596305e+03
2.821304319246620707e+03
2.803581528376913866e+03
2.803580854635316427e+03
2.803581948419483979e+03
2.803580760398308030e+03
2.803581202484012010e+03
2.803580888097827028e+03
2.803582044517599115e+03
2.803581721553085572e+03
2.803581666038531239e+03
2.803581662353650700e+03
3.190248341147518204e+03
3.190261861955907989e+03
3.190261516647719873e+03
3.190254665454579481e+03
3.190253720598004293e+03
3.190252403678695828e+03
3.190254574043168759e+03
3.190252484533593815e+03
3.190244196852692312e+03
3.190247781667867457e+03
2.803484174329040798e+03
2.803483716746128721e+03
2.803484788146806295e+03
2.803483514569085401e+03
2.803483935886601103e+03
2.803483605991252716e+03
2.803484779245475693e+03
2.803484429038386679e+03
2.803484244956385737e+03
2.803484296545704638e+03
2.768806074790762977e+03
2.768807194992925815e+03
2.768808203944302022e+03
2.768806142290297885e+03
2.768805758986326509e+03
2.768805468207660851e+03
2.768806482826244974e+03
2.768806140372313621e+03
2.768806485508605874e+03
2.768806252212050822e+03
2.727961605384718496e+03
2.727963302057711189e+03
2.727963591478431681e+03
2.727962213183225685e+03
2.727960666923249391e+03
2.727960503300469554e+03
2.727961715353723775e+03
2.727961645497359314e+03
2.727961807485226018e+03
2.727961641561242686e+03
5.196662493847516089e+03
5.196656728488434055e+03
5.196652251736602011e+03
5.196660315670657837e+03
5.196668382241745348e+03
5.196666337906142871e+03
5.196659902122892163e+03
5.196660415327241026e+03
5.196665574946070592e+03
5.196662944102567053e+03
2.714274640529733460e+03
2.714277426226912667e+03
2.714277378317521652e+03
2.714275813589227710e+03
2.714274679181909960e+03
2.714274307425889219e+03
2.714274781605526641e+03
2.714274649526627400e+03
2.714274988587215375e+03
2.714274713060419799e+03
2.675420098888329449e+03
2.675421808619177682e+03
2.675421791817591838e+03
2.675420784317822381e+03
2.675420312735750031e+03
2.675419861184313049e+03
2.675420186450498932e+03
2.675420129242379971e+03
2.675420250624864821e+03
2.675420148369209528e+03
2.652041128772177672e+03
2.652040768969584860e+03
2.652040797160835155e+03
2.652040865094380024e+03
2.652041497872679884e+03
2.652040951480624699e+03
2.652041110013278285e+03
2.652041158287764574e+03
2.652041047312175579e+03
2.652041156505795698e+03
2.650168976484078485e+03
2.650168728341243877e+03
2.650168779015145901e+03
2.650168752289700024e+03
2.650169427464857563e+03
2.650168866575058018e+03
2.650168980251843095e+03
2.650169021220808645e+03
2.650168867978647086e+03
2.650169004910763306e+03
2.640476009973745477e+03
2.640474253856278665e+03
2.640474255781425654e+03
2.640475081231284094e+03
2.640476207362707100e+03
2.640475705968975490e+03
2.640476002606741986e+03
2.640476086608986407e+03
2.640475743583611802e+03
2.640476016864140092e+03
2.630269120821531942e+03
2.630268752031848180e+03
2.630268737112211511e+03
2.630268810403705174e+03
2.630269438604299921e+03
2.630268969444466165e+03
2.630269221307301450e+03
2.630269245425299232e+03
2.630268842064700493e+03
2.630269140444753702e+03
2.620482091911429052e+03
2.620482649522828979e+03
2.620482542894256767e+03
2.620482199949104142e+03
2.620482111107441597e+03
2.620481781488028901e+03
2.620482163316139122e+03
2.620482171597179331e+03
2.620481926742720589e+03
2.620482132230912157e+03
2.615722505215254841e+03
2.615723155404733006e+03
2.615722970661320687e+03
2.615722669778450836e+03
2.615722262466901611e+03
2.615722021354634307e+03
2.615722539291930389e+03
2.615722553241515470e+03
2.615722407972767542e+03
2.615722549067235377e+03
2.603573682396153345e+03
2.603576451502633063e+03
2.603575956786030474e+03
2.603574950390974664e+03
2.603573898131456644e+03
2.603573650148493016e+03
2.603574343343454075e+03
2.603574129578931206e+03
2.603573238504973688e+03
2.603573669574765972e+03
2.588613993863168616e+03
2.588615930985965861e+03
2.588615342415212581e+03
2.588614917220245843e+03
2.588613917724439489e+03
2.588613760198792534e+03
2.588614664130315305e+03
2.588614466363691918e+03
2.588613519804908265e+03
2.588613954163469771e+03
2.551562788473190722e+03
2.551562869074841274e+03
2.551562360321422602e+03
2.551562869401173430e+03
2.551562270357619127e+03
2.551562265132497487e+03
2.551563387852977030e+03
2.551563256559215461e+03
2.551562308111321727e+03
2.551562700538801892e+03
2.520626821772934818e+03
2.520625586636032040e+03
2.520625439878206180e+03
2.520626224574886692e+03
2.520626167897937648e+03
2.520626244411635980e+03
2.520627247394555980e+03
2.520627205136925568e+03
2.520626401722676746e+03
2.520626717745296446e+03
2.500007171116828431e+03
2.500006080951012336e+03
2.500006244105431961e+03
2.500006577461697361e+03
2.500006917168630025e+03
2.500006946070782305e+03
2.500007449580773937e+03
2.500007447695405062e+03
2.500006866327673379e+03
2.500007094494724697e+03
2.501357899167900996e+03
2.501356630870628578e+03
2.501357041433146151e+03
2.501357147062386048e+03
2.501356616803886482e+03
2.501356939368686653e+03
2.501357368427966776e+03
2.501357610723124253e+03
2.501358207951617260e+03
2.501357932170746608e+03
2.495755839064309384e+03
2.495754680369580001e+03
2.495754958455127053e+03
2.495755178340151815e+03
2.495755111920448599e+03
2.495755276032135953e+03
2.495755743503683789e+03
2.495755853776543063e+03
2.495755818982692745e+03
2.495755813511778797e+03
2.493047475155623943e+03
2.493048845627541141e+03
2.493048932272325601e+03
2.493048051174072953e+03
2.493048065694782508e+03
2.493047960325435270e+03
2.493047591026469036e+03
2.493047556807148339e+03
2.493047508948412087e+03
2.493047499544055881e+03
2.490979777100676074e+03
2.490980023537031229e+03
2.490980176356388711e+03
2.490979814544534293e+03
2.490979856947644294e+03
2.490979844779526502e+03
2.490979789985375191e+03
2.490979821430904394e+03
2.490979790299842534e+03
2.490979783607329864e+03
2.490729126800368249e+03
2.490729229058443707e+03
2.490729367352139434e+03
2.490729106920121467e+03
2.490729164308825148e+03
2.490729157149934053e+03
2.490729132657112586e+03
2.490729170516447084e+03
2.490729130776193870e+03
2.490729130910098320e+03
2.490272862877317039e+03
2.490272772532751333e+03
2.490272828449753433e+03
2.490272796622778969e+03
2.490272852630145280e+03
2.490272851584679756e+03
2.490272873896310557e+03
2.490272915939265658e+03
2.490272842330684398e+03
2.490272861995551921e+03
2.490188484605781468e+03
2.490188456201732606e+03
2.490188469819934198e+03
2.490188465097174685e+03
2.490188474365497314e+03
2.490188476897556939e+03
2.490188503770088118e+03
2.490188541795568653e+03
2.490188465156205439e+03
2.490188483196212019e+03
2.490654674328737656e+03
2.490654361312702804e+03
2.490654347386402605e+03
2.490654537240922309e+03
2.490654730663012288e+03
2.490654707463688737e+03
2.490654588720098673e+03
2.490654656478347988e+03
2.490654738164726950e+03
2.490654689161223814e+03
2.490178133141462695e+03
2.490178068147817612e+03
2.490178078225494573e+03
2.490178098517787930e+03
2.490178131464351281e+03
2.490178130688196234e+03
2.490178138836219205e+03
2.490178180683602022e+03
2.490178124400079923e+03
2.490178133820144012e+03
2.490158772248607875e+03
2.490158776449922698e+03
2.490158770319077121e+03
2.490158775795517613e+03
2.490158776761468744e+03
2.490158777685709538e+03
2.490158780982919779e+03
2.490158820029172148e+03
2.490158769653798117e+03
2.490158773378994738e+03
2.490156354397359792e+03
2.490156360457997380e+03
2.490156355736932255e+03
2.490156358217438083e+03
2.490156357663520794e+03
2.490156359145472834e+03
2.490156361023860882e+03
2.490156400627648964e+03
2.490156354326963083e+03
2.490156355700184577e+03
2.490196478384867532e+03
2.490196664865025468e+03
2.490196642667349806e+03
2.490196570792177681e+03
2.490196524443705130e+03
2.490196513012549076e+03
2.490196489866083539e+03
2.490196524053897065e+03
2.490196487576360141e+03
2.490196482197959995e+03
2.490154000806177919e+03
2.490154041187516668e+03
2.490154033144410278e+03
2.490154021477344486e+03
2.490154012227104886e+03
2.490154011248757797e+03
2.490154008364682340e+03
2.490154046935460883e+03
2.490154002491261508e+03
2.490154002585905346e+03
2.490151019120759429e+03
2.490151036992664558e+03
2.490151034577052542e+03
2.490151027316530872e+03
2.490151022308347365e+03
2.490151022608974472e+03
2.490151020368823083e+03
2.490151061430533900e+03
2.490151024623531612e+03
2.490151021040102933e+03
2.490150026443405295e+03
2.490150025991947587e+03
2.490150026052936937e+03
2.490150025479652868e+03
2.490150024208452578e+03
2.490150025033055499e+03
2.490150024705465057e+03
2.490150067240421777e+03
2.490150032705349076e+03
2.490150028216311512e+03
2.490149551857554798e+03
2.490149541650071569e+03
2.490149542555616335e+03
2.490149546354449285e+03
2.490149547666221679e+03
2.490149548456528464e+03
2.490149549505913456e+03
2.490149592608395324e+03
2.490149557432879647e+03
2.490149553386666412e+03
2.490149027880108861e+03
2.490149016665660383e+03
2.490149018503033403e+03
2.490149021935497331e+03
2.490149026298075569e+03
2.490149026217399751e+03
2.490149027090656091e+03
2.490149069949901786e+03
2.490149031508669395e+03
2.490149029031903865e+03
2.490148374258420972e+03
2.490148366042946691e+03
2.490148367940726075e+03
2.490148370025787244e+03
2.490148373786225420e+03
2.490148373514544346e+03
2.490148374020856409e+03
2.490148417035029070e+03
2.490148376512172945e+03
2.490148375072923955e+03
2.490148616940599823e+03
2.490148629669206912e+03
2.490148634828110062e+03
2.490148620939836746e+03
2.490148624711581306e+03
2.490148623176171895e+03
2.490148618186510248e+03
2.490148660703539463e+03
2.490148618299854661e+03
2.490148617614925570e+03
2.490148183690492260e+03
2.490148183823915588e+03
2.490148187021651211e+03
2.490148182739274944e+03
2.490148186504275600e+03
2.490148185728820863e+03
2.490148184044390746e+03
2.490148226860382692e+03
2.490148185587660919e+03
2.490148184449095879e+03
2.490147931714142487e+03
2.490147933665570235e+03
2.490147935028352549e+03
2.490147932519665574e+03
2.490147932853196835e+03
2.490147932683914405e+03
2.490147931797035199e+03
2.490147975010048413e+03
2.490147932985893931e+03
2.490147932214471894e+03
2.490147892478881658e+03
2.490147896078039594e+03
2.490147894867790910e+03
2.490147894941537743e+03
2.490147896514736658e+03
2.490147895761979271e+03
2.490147893768817084e+03
2.490147936697380828e+03
2.490147892827648775e+03
2.490147892686211435e+03
2.490147795711685831e+03
2.490147800265668593e+03
2.490147800110857133e+03
2.490147798086092735e+03
2.490147795360901455e+03
2.490147795817158567e+03
2.490147796548092629e+03
2.490147839760848910e+03
2.490147796173866027e+03
2.490147795797736762e+03
2.490147696507870023e+03
2.490147696875919792e+03
2.490147697728506955e+03
2.490147696450798321e+03
2.490147696043781707e+03
2.490147696187205383e+03
2.490147695596610902e+03
2.490147739390768947e+03
2.490147697725923535e+03
2.490147696895104673e+03
2.490147606516564338e+03
2.490147608184813180e+03
2.490147608227884120e+03
2.490147607360052916e+03
2.490147606947807162e+03
2.490147606909675687e+03
2.490147606312960306e+03
2.490147649940851352e+03
2.490147607228101151e+03
2.490147606721948250e+03
2.490147896393008523e+03
2.490147881836243414e+03
2.490147883198860654e+03
2.490147889326381119e+03
2.490147892519662491e+03
2.490147893597069924e+03
2.490147895072791016e+03
2.490147939539070649e+03
2.490147896568944816e+03
2.490147896283398040e+03
2.490147602610497415e+03
2.490147602538893807e+03
2.490147602723538512e+03
2.490147602605723478e+03
2.490147602580203056e+03
2.490147602661730616e+03
2.490147602287145219e+03
2.490147646005050774e+03
2.490147603264531881e+03
2.490147602782039939e+03
