5.256600737571716309e+01
1.044005124568939209e+02
1.561173360347747803e+02
2.079079439640045166e+02
2.597900488376617432e+02
3.116924195289611816e+02
3.636147041320800781e+02
4.157064821720123291e+02
4.681796634197235107e+02
5.206595485210418701e+02
5.732091410160064697e+02
6.261091532707214355e+02
6.789963786602020264e+02
7.320822231769561768e+02
7.852615149021148682e+02
8.385933940410614014e+02
8.921435136795043945e+02
9.457549288272857666e+02
9.994656949043273926e+02
1.053262572050094604e+03
1.107038378238677979e+03
1.160489675760269165e+03
1.213962326049804688e+03
1.268197761774063110e+03
1.321859788417816162e+03
1.375697998523712158e+03
1.429375060558319092e+03
1.483005401134490967e+03
1.536747672319412231e+03
1.590372174739837646e+03
1.643955135822296143e+03
1.697488710165023804e+03
1.751010839223861694e+03
1.804267329931259155e+03
1.857395245790481567e+03
1.910047156572341919e+03
1.962288661956787109e+03
2.014528132200241089e+03
2.066921371459960938e+03
2.119126376628875732e+03
2.171282670736312866e+03
2.223433333396911621e+03
2.275648065328598022e+03
2.327798630714416504e+03
2.379926404953002930e+03
2.432370274782180786e+03
2.484865905761718750e+03
2.537413853645324707e+03
2.589863260507583618e+03
2.642350332736968994e+03
2.694779932975769043e+03
2.747259117126464844e+03
2.799351053953170776e+03
2.851518880605697632e+03
2.903582078456878662e+03
2.955637010574340820e+03
3.007698407173156738e+03
3.059799580812454224e+03
3.111833752870559692e+03
3.163954097509384155e+03
3.216105138778686523e+03
3.268262334585189819e+03
3.320294358968734741e+03
3.372455160856246948e+03
3.424446528434753418e+03
3.476573139905929565e+03
3.528615124702453613e+03
3.580717905759811401e+03
3.632714922189712524e+03
3.684826726913452148e+03
3.736861234188079834e+03
3.788893810987472534e+03
3.840826863050460815e+03
3.892926814556121826e+03
3.944951130867004395e+03
3.997058437347412109e+03
4.049099969387054443e+03
4.101263537168502808e+03
4.153331579923629761e+03
4.205500264644622803e+03
4.257544972896575928e+03
4.309697732210159302e+03
4.361883301734924316e+03
4.414211427927017212e+03
4.466366800785064697e+03
4.518663451433181763e+03
4.570853551387786865e+03
4.623076579570770264e+03
4.675271507501602173e+03
4.727525717735290527e+03
4.779683712482452393e+03
4.831925900936126709e+03
4.884051198482513428e+03
4.936298786640167236e+03
4.988479618310928345e+03
5.040755420207977295e+03
5.092912602901458740e+03
5.145165736198425293e+03
5.197298079490661621e+03
5.249528863191604614e+03
5.301628667116165161e+03
5.353826361179351807e+03
5.405949604034423828e+03
5.458154250383377075e+03
5.510206721305847168e+03
5.562427739620208740e+03
5.614452038526535034e+03
5.666680830240249634e+03
5.718735914945602417e+03
5.770895334243774414e+03
5.822939784526824951e+03
5.875217097759246826e+03
5.927233828544616699e+03
5.979398819208145142e+03
6.031358536720275879e+03
6.083542020559310913e+03
6.135545367479324341e+03
6.187742651939392090e+03
6.239979774475097656e+03
6.292155562877655029e+03
6.344172521114349365e+03
6.396251577377319336e+03
6.448329289913177490e+03
6.500516771793365479e+03
6.552651941776275635e+03
6.604909062385559082e+03
6.657033029556274414e+03
6.709170927047729492e+03
6.761235187292098999e+03
6.813501542806625366e+03
6.865647811651229858e+03
6.917960861206054688e+03
6.970154148101806641e+03
7.022468037128448486e+03
7.074602902412414551e+03
7.126940485000610352e+03
7.179164087772369385e+03
7.231491795301437378e+03
7.283638836860656738e+03
7.335937562704086304e+03
7.388139472484588623e+03
7.440499831914901733e+03
7.492689600467681885e+03
7.544949395179748535e+03
7.597136782646179199e+03
7.649253874301910400e+03
7.701459409475326538e+03
7.753596225738525391e+03
7.805887978792190552e+03
7.858075177669525146e+03
7.910937543869018555e+03
7.963623012065887451e+03
8.016475581407546997e+03
8.069132057428359985e+03
8.121870193719863892e+03
8.174624400854110718e+03
8.227498795986175537e+03
8.280193284273147583e+03
8.333031996488571167e+03
8.385809913396835327e+03
8.438819117784500122e+03
8.491636824131011963e+03
8.544898100852966309e+03
8.597581238508224487e+03
8.650422968387603760e+03
8.703154570102691650e+03
8.756147547006607056e+03
8.809756879091262817e+03
8.866443002939224243e+03
8.919287110805511475e+03
8.972363538026809692e+03
9.025200075387954712e+03
9.078206750154495239e+03
9.131075152635574341e+03
9.183966770172119141e+03
9.236763670921325684e+03
9.289639629125595093e+03
9.342447169780731201e+03
9.395376782417297363e+03
9.448110216856002808e+03
9.501005040407180786e+03
9.553854074239730835e+03
9.606814555406570435e+03
9.659890514135360718e+03
9.713215475559234619e+03
9.766445749998092651e+03
9.819716672182083130e+03
9.872937583446502686e+03
9.926311697244644165e+03
9.979531212329864502e+03
1.003280316567420959e+04
1.008599821472167969e+04
1.013933808946609497e+04
1.019251501941680908e+04
1.024575875926017761e+04
1.029887315154075623e+04
1.035214815092086792e+04
1.040527207756042480e+04
1.045893100881576538e+04
1.051160231781005859e+04
1.056431237649917603e+04
1.061693487691879272e+04
1.066968841218948364e+04
1.072278111481666565e+04
1.077594457864761353e+04
1.082907194566726685e+04
1.088226547813415527e+04
1.093539249730110168e+04
1.098858694434165955e+04
1.104188082742691040e+04
1.109496699094772339e+04
1.114793128657341003e+04
1.120096066522598267e+04
1.125390731263160706e+04
1.130700805687904358e+04
1.135994193601608276e+04
1.141295703887939453e+04
1.146591043782234192e+04
1.151895105385780334e+04
1.157188127827644348e+04
1.162487357139587402e+04
1.167784776830673218e+04
1.173098257899284363e+04
1.178401697516441345e+04
1.183707853817939758e+04
1.189002808642387390e+04
1.194308315539360046e+04
1.199606082153320312e+04
1.204924626636505127e+04
1.210223634338378906e+04
1.215541648530960083e+04
1.220852648162841797e+04
1.226175353169441223e+04
1.231486251688003540e+04
1.236806721854209900e+04
1.242121265506744385e+04
1.247437284588813782e+04
1.252746081662178040e+04
1.258071512317657471e+04
1.263390016460418701e+04
1.268686126065254211e+04
1.273961765575408936e+04
1.279248943305015564e+04
1.284526220512390137e+04
1.289855817127227783e+04
1.295178077673912048e+04
1.300509698939323425e+04
1.305829757714271545e+04
1.311152403640747070e+04
1.316463900947570801e+04
1.321789815688133240e+04
1.327100666522979736e+04
1.332418061971664429e+04
1.337729314112663269e+04
1.343052739977836609e+04
1.348365383458137512e+04
1.353686306095123291e+04
1.358999339389801025e+04
1.364322097945213318e+04
1.369626694655418396e+04
1.374945861101150513e+04
1.380259002423286438e+04
1.385580235671997070e+04
1.390896014142036438e+04
1.396212229204177856e+04
1.401523782205581665e+04
1.406847793054580688e+04
1.412156907415390015e+04
1.417475243806838989e+04
1.422786785840988159e+04
1.428101775622367859e+04
1.433409187150001526e+04
1.438727387523651123e+04
1.444033228802680969e+04
1.449351390242576599e+04
1.454658567500114441e+04
1.459976089429855347e+04
1.465280031347274780e+04
1.470604756641387939e+04
1.475916846942901611e+04
1.481234343075752258e+04
1.486516920471191406e+04
1.491805941510200500e+04
1.497088376832008362e+04
1.502379218316078186e+04
1.507661029696464539e+04
1.512948665833473206e+04
1.518224700212478638e+04
1.523515146160125732e+04
1.528797496581077576e+04
1.534089582514762878e+04
1.539367676854133606e+04
1.544653402757644653e+04
1.549928772687911987e+04
1.555214370560646057e+04
1.560486026072502136e+04
1.565771669292449951e+04
1.571045141673088074e+04
1.576322954535484314e+04
1.581593166208267212e+04
