2.411346117265081406e+09
2.305499250749740124e+09
2.201098851497272491e+09
2.098273676244122028e+09
1.997144959291553259e+09
1.897835044074191093e+09
1.800468110356429100e+09
1.705158577367632151e+09
1.612017140952807903e+09
1.521150189806097984e+09
1.432653287631224155e+09
1.346834126514963627e+09
1.263534251793563843e+09
1.182721161267126560e+09
1.104494832307630539e+09
1.028927667467125893e+09
9.560885724093083143e+08
8.860342298820462227e+08
8.188234221118569374e+08
7.545065293634257317e+08
6.931244800847902298e+08
6.347077188396499157e+08
5.792752211003025770e+08
5.268351750528331995e+08
4.773856727392071486e+08
4.309146198398429751e+08
3.873993734728246927e+08
3.468064440118953586e+08
3.090913662963526845e+08
2.741984264391953945e+08
2.420605021796983778e+08
2.125998449618797004e+08
1.857280319214589894e+08
1.613469106233077049e+08
1.393388250798841119e+08
1.195839585264938176e+08
1.019587364819408655e+08
8.633472238296663761e+07
7.257997128375643492e+07
6.056037154491356015e+07
5.014094365134826303e+07
4.118709237714274228e+07
3.356581353419113904e+07
2.714684133371520042e+07
2.180372043180606514e+07
1.741477407251560688e+07
1.386399410908197425e+07
1.104173583418215439e+07
8.845348308592809364e+06
7.179636208934733644e+06
5.957193998206050135e+06
5.098600874457748607e+06
4.532491443615170196e+06
4.195499934773588553e+06
4.032092838082022499e+06
3.994299143230646849e+06
4.041352368307804689e+06
4.139259217549605761e+06
4.260308642574390396e+06
4.382536914763489738e+06
4.489163509798063897e+06
4.568010705445341766e+06
4.610920998738208786e+06
4.613182822734963149e+06
4.572975177305926569e+06
4.490839977072447538e+06
4.369188463722007349e+06
4.211848036089889705e+06
4.023652679162360728e+06
3.810079871903321240e+06
3.576935061636192258e+06
3.330083685318715870e+06
3.075229660484598484e+06
2.817738411915360019e+06
2.562501510255367495e+06
2.313840112998662516e+06
2.075442594549658243e+06
1.850333739741655998e+06
1.640869240711140446e+06
1.448753852303301450e+06
1.275076155613100855e+06
1.120358707932091551e+06
9.846177744490823243e+05
8.674301068889985327e+05
7.680034632640270283e+05
6.852481587089077802e+05
6.178471565376035869e+05
5.643229601411622716e+05
5.230996118085671333e+05
4.925586900432632538e+05
4.710885178816512926e+05
4.571259221874377108e+05
4.491907891496206285e+05
4.459130007353498368e+05
4.460521685059693991e+05
4.485109112568857381e+05
4.523418520217891783e+05
4.567493246678410796e+05
4.610864010640497436e+05
4.648479870862850221e+05
4.676610461183295120e+05
4.692721936938025756e+05
4.695339458432256943e+05
4.683899199898518855e+05
4.658597098566234927e+05
4.620239295093012624e+05
4.570098590575472335e+05
4.509780410659993067e+05
4.441100946803545812e+05
4.365979361698106513e+05
4.286345219086344587e+05
4.204061642133431742e+05
4.120864129464843427e+05
4.038314470291689504e+05
3.957768802492665127e+05
3.880358549685316393e+05
3.806982752037183382e+05
3.738310165385780274e+05
3.674789436914434773e+05
3.616665664569847868e+05
3.564001702139546396e+05
3.516702672488310491e+05
3.474542464674229268e+05
3.437189912086471450e+05
3.404236261032068869e+05
3.375219488109899685e+05
3.349647468664060580e+05
3.327018417495677713e+05
3.306838452436419320e+05
3.288636107325931662e+05
3.271973758678337326e+05
3.256456047675642767e+05
3.241735475087827072e+05
3.227515421180009726e+05
3.213550896283498150e+05
3.199647361769310664e+05
3.185657977464497089e+05
3.171479632243561209e+05
3.157048102001777734e+05
3.142332655980645795e+05
3.127330400977585232e+05
3.112060615774061880e+05
3.096559287422330817e+05
3.080874018907546997e+05
3.065059435937496019e+05
3.049173180721196695e+05
3.033272543784792069e+05
3.017411752047539921e+05
3.001639903160248650e+05
2.985999512841854594e+05
2.970525623745983467e+05
2.955245411142870435e+05
2.940178212140327087e+05
2.925335900874615181e+05
2.910723531564190635e+05
2.896340173959486419e+05
2.882179870921871043e+05
2.868232655014321790e+05
2.854485569481570856e+05
2.840923648286854150e+05
2.827530658715775935e+05
2.814290544311777921e+05
2.801187141512068920e+05
2.788205371767169563e+05
2.775331499920813367e+05
2.762553425266724080e+05
2.749860853817447205e+05
2.737245364310403820e+05
2.724700382989492500e+05
2.712221083647417836e+05
2.699804229905879474e+05
2.687447976387187373e+05
2.675151644436841016e+05
2.662915486547909677e+05
2.650740451761063305e+05
2.638627962213220308e+05
2.626579708809396252e+05
2.614597471807663678e+05
2.602682970030935248e+05
2.590837740522345703e+05
2.579063048799885437e+05
2.567359828472125228e+05
2.555728647870751738e+05
2.544169700537660101e+05
2.532682815863610595e+05
2.521267485890869866e+05
2.509922904234911257e+05
2.498648013214190723e+05
2.487441555566688767e+05
2.476302127536195912e+05
2.465228230596134090e+05
2.454218319605730067e+05
2.443270845734165050e+05
2.432384293015016010e+05
2.421557207883314404e+05
2.410788221486404655e+05
2.400076064933994785e+05
2.389419577956553549e+05
2.378817711672580335e+05
2.368269526323718601e+05
2.357774184930077172e+05
2.347330943848968891e+05
2.336939141200948798e+05
2.326598184064970119e+05
2.316307535249727953e+05
2.306066700331525062e+05
2.295875215519156773e+05
2.285732636770839454e+05
2.275638530456658918e+05
2.265592465734623256e+05
2.255594008698263206e+05
2.245642718258283567e+05
2.235738143642758369e+05
2.225879823343082098e+05
2.216067285291759181e+05
2.206300048035737127e+05
2.196577622661314672e+05
2.186899515232473204e+05
2.177265229521237197e+05
2.167674269832679129e+05
2.158126143757972750e+05
2.148620364721464575e+05
2.139156454222420580e+05
2.129733943704849808e+05
2.120352376019538497e+05
2.111011306470400887e+05
2.101710303458950075e+05
2.092448948759737832e+05
2.083226837472884799e+05
2.074043577707945369e+05
2.064898790058055602e+05
2.055792106924061663e+05
2.046723171744837309e+05
2.037691638185829797e+05
2.028697169330338365e+05
2.019739436909979559e+05
2.010818120602441486e+05
2.001932907415939844e+05
1.993083491171684582e+05
1.984269572088391869e+05
1.975490856466823898e+05
1.966747056466841022e+05
1.958037889966532239e+05
1.949363080489686399e+05
1.940722357186752197e+05
1.932115454854590935e+05
1.923542113980108988e+05
1.915002080794925278e+05
1.906495107329260209e+05
1.898020951455872855e+05
1.889579376917015179e+05
1.881170153329089226e+05
1.872793056162859139e+05
1.864447866697811405e+05
1.856134371951826033e+05
1.847852364588062046e+05
1.839601872068862140e+05
1.831382238563215360e+05
1.823193503039416391e+05
1.815035479482100636e+05
1.806907986837222124e+05
1.798810848858825630e+05
1.790743893958243716e+05
1.782706955058220192e+05
1.774699869453398569e+05
1.766722478678685438e+05
1.758774628385821125e+05
1.750856168228538590e+05
1.742966951755498885e+05
1.735106836311004590e+05
1.727275682941925188e+05
1.719473356310243544e+05
1.711699724609922559e+05
1.703954659487020108e+05
1.696238035962168069e+05
1.688549732354203588e+05
1.680889630204591085e+05
1.673257614201845718e+05
1.665653572105496714e+05
1.658077394669524801e+05
1.650528975564958819e+05
1.643008211301988049e+05
1.635515182801657938e+05
1.628049428041948995e+05
1.620611033859098679e+05
1.613199907337899203e+05
1.605815958008726593e+05
1.598459097770679800e+05
1.591129240815319354e+05
1.583826303552179888e+05
1.576550204535580706e+05
1.569300864393258817e+05
1.562078205756594543e+05
1.554882153192666301e+05
1.547712633138210513e+05
1.540569573835121410e+05
1.533452905267906026e+05
1.526362559102495143e+05
1.519298468626849935e+05
1.512260568692761008e+05
