6.800391748461715179e+05
6.210201431276685325e+05
5.661630755235136021e+05
5.154311544204757083e+05
4.687056694752853364e+05
4.258023286206405610e+05
3.865203140755170025e+05
3.507077212997600436e+05
3.182978603752849740e+05
2.892812143166667083e+05
2.636299394836830907e+05
2.412313414134957129e+05
2.218752541514270706e+05
2.052952555421674333e+05
1.912271520752033975e+05
1.794433838538674754e+05
1.697424749609273276e+05
1.619033546277705755e+05
1.556431604427741258e+05
1.506230796991640818e+05
1.465076813621474721e+05
1.430253959688645846e+05
1.399754776657434413e+05
1.371895465975429397e+05
1.345012393828688364e+05
1.317569351683609129e+05
1.288501997014039080e+05
1.257393412035327638e+05
1.224296298989264469e+05
1.189397892183380609e+05
1.152846721427760349e+05
1.114833951330068085e+05
1.075743725761696114e+05
1.036162521785799618e+05
9.967320273884834023e+04
9.579898608234478161e+04
9.203250460919638863e+04
8.840435220028129697e+04
8.494400034501796472e+04
8.167926461478177225e+04
7.862953344775784353e+04
7.580074114913372614e+04
7.318726994530984666e+04
7.077839723447240249e+04
6.856305167363912915e+04
6.652959613496993552e+04
6.466284849669376126e+04
6.294278067873616965e+04
6.134678039757510123e+04
5.985342395293623849e+04
5.844451591408773675e+04
5.710440687201898254e+04
5.581841712083652237e+04
5.457262189060126548e+04
5.335530036582050525e+04
5.215844030822700006e+04
5.097775698493314121e+04
4.981131092662750598e+04
4.865808483085030457e+04
4.751759718371985946e+04
4.639035925881932781e+04
4.527817401737167529e+04
4.418365683421029826e+04
4.310930920405840880e+04
4.205692457111919066e+04
4.102767594995922991e+04
4.002252515958574077e+04
3.904237719548139285e+04
3.808781026090625528e+04
3.715871205229038605e+04
3.625421875416202238e+04
3.537299814281675935e+04
3.451358294143322564e+04
3.367448426526512776e+04
3.285410612121000304e+04
3.205069062303382452e+04
3.126244904985931498e+04
3.048780457909325924e+04
2.972555379373032702e+04
2.897484962381166406e+04
2.823508347907285133e+04
2.750580825133318285e+04
2.678675536244903560e+04
2.607787973580815742e+04
2.537934511294736149e+04
2.469144072529439654e+04
2.401449663069602684e+04
2.334885802332593448e+04
2.269490939637237898e+04
2.205309039468548872e+04
2.142386416402518080e+04
2.080765514920086571e+04
2.020480299187300989e+04
1.961555734616440168e+04
1.904009719956346817e+04
1.847854328263275238e+04
1.793095288446910854e+04
1.739731327542835788e+04
1.687755263229283810e+04
1.637156695717389630e+04
1.587924384480499248e+04
1.540046799242260568e+04
1.493511201756459013e+04
1.448302809746313142e+04
1.404405032464364740e+04
1.361800371221005480e+04
1.320470955803154902e+04
1.280398318974285939e+04
1.241562950516405908e+04
1.203944321998983651e+04
1.167521397652558881e+04
1.132273029431197574e+04
1.098177762270546555e+04
1.065213216293218466e+04
1.033355609109421312e+04
1.002579754403446532e+04
9.728593696899904899e+03
9.441673230401374894e+03
9.164756895798569531e+03
8.897558074136186406e+03
8.639785381822566706e+03
8.391146805909605973e+03
8.151352953529491970e+03
7.920117923571956453e+03
7.697158712458226546e+03
7.482195137152772986e+03
7.274951080485176135e+03
7.075156132188431002e+03
6.882546400601166170e+03
6.696864419609091783e+03
6.517859055317532693e+03
6.345286008116576340e+03
6.178908490432081635e+03
6.018497267553041638e+03
5.863829885596926033e+03
5.714689721314407507e+03
5.570865532761702525e+03
5.432151540644606939e+03
5.298347568499078989e+03
5.169258932177803217e+03
5.044696250906704336e+03
4.924475504419369827e+03
4.808418348810373573e+03
4.696352381653737211e+03
4.588111117540063788e+03
4.483533771501321098e+03
4.382465122139443338e+03
4.284755565108589508e+03
4.190261217684736039e+03
4.098843902130127390e+03
4.010371011417672889e+03
3.924715389461795894e+03
3.841755288754381127e+03
3.761374322331545500e+03
3.683461303398565178e+03
3.607909982499143553e+03
3.534618789847029802e+03
3.463490655630468609e+03
3.394432877651248418e+03
3.327356968186736594e+03
3.262178469389931706e+03
3.198816785583187993e+03
3.137195063806083908e+03
3.077240094092815525e+03
3.018882182074420598e+03
2.962054988371415675e+03
2.906695371713699387e+03
2.852743263837914128e+03
2.800141564203006510e+03
2.748836026502453024e+03
2.698775131435185358e+03
2.649909964165970450e+03
2.602194108331551888e+03
2.555583545006399618e+03
2.510036538894156365e+03
2.465513511832198674e+03
2.421976919935914339e+03
2.379391145556194715e+03
2.337722399189079624e+03
2.296938621707097354e+03
2.257009386946938321e+03
2.217905812422733561e+03
2.179600480969512319e+03
2.142067366864777796e+03
2.105281759664522269e+03
2.069220187140424969e+03
2.033860343712508893e+03
1.999181026931928500e+03
1.965162078576717931e+03
1.931784326875861552e+03
1.899029530794594621e+03
1.866880329002985036e+03
1.835320193009298237e+03
1.804333381110146320e+03
1.773904891409569473e+03
1.744020415729858087e+03
1.714666296997437939e+03
1.685829490311482687e+03
1.657497526159293557e+03
1.629658475186010946e+03
1.602300915458122290e+03
1.575413902773906102e+03
1.548986942987490920e+03
1.523009964977435402e+03
1.497473294239141296e+03
1.472367628175469690e+03
1.447684013688000960e+03
1.423413826613085121e+03
1.399548752410271618e+03
1.376080768159943091e+03
1.353002126135770141e+03
1.330305338661130008e+03
1.307983163553397844e+03
1.286028589862219405e+03
1.264434824256414686e+03
1.243195278485212839e+03
1.222303557907193181e+03
1.201753450837341006e+03
1.181538918648922845e+03
1.161654086724251556e+03
1.142093236174599042e+03
1.122850796022823488e+03
1.103921335635635387e+03
1.085299557497348133e+03
1.066980290532431127e+03
1.048958484028181374e+03
1.031229202058010287e+03
1.013787618338606308e+03
9.966290115241187095e+02
9.797487608883723169e+02
9.631423422453857484e+02
9.468053239887949530e+02
9.307333632716795364e+02
9.149222024283609471e+02
8.993676656835015137e+02
8.840656561240169822e+02
8.690121529028332361e+02
8.542032086692375970e+02
8.396349471952388512e+02
8.253035611278941133e+02
8.112053098083877103e+02
7.973365171696041216e+02
7.836935697594137764e+02
7.702729149171699419e+02
7.570710590967591997e+02
7.440845663203454023e+02
7.313100567516406727e+02
7.187442053659328849e+02
7.063837406757472763e+02
6.942254434856090484e+02
6.822661456810037635e+02
6.705027290767081922e+02
6.589321243382106559e+02
6.475513099757655482e+02
6.363573114036094012e+02
6.253472000563397160e+02
6.145180925472068338e+02
6.038671498467563197e+02
5.933915764723046777e+02
5.830886196930919141e+02
5.729555687655838483e+02
5.629897542057963165e+02
5.531885470985779421e+02
5.435493584402029228e+02
5.340696385080344726e+02
5.247468762463274743e+02
5.155785986583774729e+02
5.065623702021525787e+02
4.976957921936802904e+02
4.889765022265755192e+02
4.804021736109385756e+02
4.719705148319405907e+02
4.636792690252020748e+02
4.555262134656419448e+02
4.475091590624209061e+02
4.396259498571602080e+02
4.318744625250340050e+02
4.242526058828107125e+02
4.167583204082259840e+02
4.093895777720338742e+02
4.021443803824403744e+02
3.950207609399261059e+02
3.880167819995936611e+02
3.811305355375376394e+02
3.743601425200396307e+02
3.677037524768956587e+02
3.611595430812222958e+02
3.547257197378525007e+02
3.484005151804493039e+02
3.421821890768364369e+02
3.360690276409230819e+02
3.300593432493514001e+02
3.241514740613762910e+02
3.183437836419411724e+02
3.126346605893619426e+02
3.070225181690098566e+02
3.015057939533598983e+02
2.960829494686581711e+02
2.907524698475169771e+02
2.855128634857550196e+02
