7.463771470281023066e+05
7.237355057533828076e+05
7.016297389628557721e+05
6.800682364792902954e+05
6.590586955253994092e+05
6.386080710400794633e+05
6.187225286200648407e+05
5.994074005159217631e+05
5.806671450900407508e+05
5.625053101188513683e+05
5.449245002915557707e+05
5.279263492245653179e+05
5.115114962742215721e+05
4.956795683918193681e+05
4.804291672241270426e+05
4.657578616205961443e+05
4.516621856655839365e+05
4.381376423104474088e+05
4.251787126369936741e+05
4.127788707404327579e+05
4.009306041771477321e+05
3.896254398804330849e+05
3.788539754057826940e+05
3.686059153267818619e+05
3.588701125629260205e+05
3.496346143820806174e+05
3.408867127828468801e+05
3.326129989259000868e+05
3.247994212487239274e+05
3.174313468653227901e+05
3.104936258216635324e+05
3.039706577493119985e+05
2.978464604344406980e+05
2.921047397974663763e+05
2.867289607607505750e+05
2.817024184685628861e+05
2.770083093153780210e+05
2.726298012362093432e+05
2.685501027164553525e+05
2.647525299889937160e+05
2.612205719034119393e+05
2.579379519762104028e+05
2.548886871616812714e+05
2.520571429205603199e+05
2.494280842071686930e+05
2.469867220448954904e+05
2.447187554137913394e+05
2.426104082317659631e+05
2.406484612714221294e+05
2.388202789166375878e+05
2.371138307255339168e+05
2.355177078281323775e+05
2.340211342466565548e+05
2.326139732829357672e+05
2.312867291696665925e+05
2.300305442295265384e+05
2.288371918275756470e+05
2.276990654374313890e+05
2.266091641253909911e+05
2.255610750899143459e+05
2.245489529749159992e+05
2.235674972349572345e+05
2.226119272836956079e+05
2.216779560783926863e+05
2.207617624751508120e+05
2.198599627182680124e+05
2.189695814078032854e+05
2.180880222667083144e+05
2.172130390033942531e+05
2.163427065380801214e+05
2.154753928324208828e+05
2.146097315323200310e+05
2.137445956041334430e+05
2.128790721151354373e+05
2.120124382806172944e+05
2.111441388727274607e+05
2.102737650603965740e+05
2.094010347257495159e+05
2.085257742803689325e+05
2.076479019848945318e+05
2.067674127576309838e+05
2.058843644423084916e+05
2.049988654916815576e+05
2.041110640123630874e+05
2.032211381070257630e+05
2.023292874427216593e+05
2.014357259685463214e+05
2.005406757019830111e+05
1.996443615008765482e+05
1.987470067370117176e+05
1.978488297874533746e+05
1.969500412611104548e+05
1.960508418801400694e+05
1.951514209387833253e+05
1.942519552657984023e+05
1.933526086207438202e+05
1.924535314588395995e+05
1.915548610038563493e+05
1.906567215734221681e+05
1.897592251060961280e+05
1.888624718445835751e+05
1.879665511343565595e+05
1.870715423017727735e+05
1.861775155803840025e+05
1.852845330585255288e+05
1.843926496254035155e+05
1.835019138968046755e+05
1.826123691050644265e+05
1.817240539412205108e+05
1.808370033402274712e+05
1.799512492027114495e+05
1.790668210491044156e+05
1.781837466039854044e+05
1.773020523102284060e+05
1.764217637739817728e+05
1.755429061427487177e+05
1.746655044197776006e+05
1.737895837187413999e+05
1.729151694632311119e+05
1.720422875359699246e+05
1.711709643828756816e+05
1.703012270771930635e+05
1.694331033488531539e+05
1.685666215841562371e+05
1.677018108005930262e+05
1.668387006013968494e+05
1.659773211140900967e+05
1.651177029169118614e+05
1.642598769566852716e+05
1.634038744612323935e+05
1.625497268491133000e+05
1.616974656390500313e+05
1.608471223610217858e+05
1.599987284706908104e+05
1.591523152684603992e+05
1.583079138241733017e+05
1.574655549081777863e+05
1.566252689292522264e+05
1.557870858796287212e+05
1.549510352872034709e+05
1.541171461748370202e+05
1.532854470265198906e+05
1.524559657600664650e+05
1.516287297059329867e+05
1.508037655916698859e+05
1.499810995314990869e+05
1.491607570204669610e+05
1.483427629326264141e+05
1.475271415226934478e+05
1.467139164306648599e+05
1.459031106888677750e+05
1.450947467309780768e+05
1.442888464025756693e+05
1.434854309728198568e+05
1.426845211469099158e+05
1.418861370789989305e+05
1.410902983853078622e+05
1.402970241571962833e+05
1.395063329740155605e+05
1.387182429155852296e+05
1.379327715741823195e+05
1.371499360659536324e+05
1.363697530416976952e+05
1.355922386969893996e+05
1.348174087816289684e+05
1.340452786084247055e+05
1.332758630613399146e+05
1.325091766030180152e+05
1.317452332817558199e+05
1.309840467379451147e+05
1.302256302100528119e+05
1.294699965401897934e+05
1.287171581793201331e+05
1.279671271921616717e+05
1.272199152618417284e+05
1.264755336943412258e+05
1.257339934227721824e+05
1.249953050115451333e+05
1.242594786604372348e+05
1.235265242086059734e+05
1.227964511385748629e+05
1.220692685802026826e+05
1.213449853146603418e+05
1.206236097784241429e+05
1.199051500672971888e+05
1.191896139404586429e+05
1.184770088245495426e+05
1.177673418177947460e+05
1.170606196941524977e+05
1.163568489074967947e+05
1.156560355958173168e+05
1.149581855854430905e+05
1.142633043952742009e+05
1.135713972410167771e+05
1.128824690394144563e+05
1.121965244124741293e+05
1.115135676916659431e+05
1.108336029221109784e+05
1.101566338667334348e+05
1.094826640103801910e+05
1.088116965639002010e+05
1.081437344681869436e+05
1.074787803981692850e+05
1.068168367667557177e+05
1.061579057287317846e+05
1.055019891845990205e+05
1.048490887843698438e+05
1.041992059313018690e+05
1.035523417855834996e+05
1.029084972679674102e+05
1.022676730633489206e+05
1.016298696242947044e+05
1.009950871745257318e+05
1.003633257123436924e+05
9.973458501401991816e+04
9.910886463712893601e+04
9.848616392384402570e+04
9.786648200418916531e+04
9.724981779924756847e+04
9.663617002432981099e+04
9.602553719210677082e+04
9.541791761570135714e+04
9.481330941174496547e+04
9.421171050340036163e+04
9.361311862334750185e+04
9.301753131673665484e+04
9.242494594411106664e+04
9.183535968429237255e+04
9.124876953724389023e+04
9.066517232689252705e+04
9.008456470392765186e+04
8.950694314856681740e+04
8.893230397329463449e+04
8.836064332557370653e+04
8.779195719052001368e+04
8.722624139355862280e+04
8.666349160304748511e+04
8.610370333287271205e+04
8.554687194501864724e+04
8.499299265211164311e+04
8.444206051993224537e+04
8.389407046990757226e+04
8.334901728157085017e+04
8.280689559500126052e+04
8.226769991323233990e+04
8.173142460463737370e+04
8.119806390529083728e+04
8.066761192130556447e+04
8.014006263113782916e+04
7.961540988787669630e+04
7.909364742150658276e+04
7.857476884114247514e+04
7.805876763724563352e+04
7.754563718381299987e+04
7.703537074054601544e+04
7.652796145499151316e+04
7.602340236466837814e+04
7.552168639916041866e+04
7.502280638219679531e+04
7.452675531570066232e+04
7.403352525160621735e+04
7.354310899249008799e+04
7.305549895898893010e+04
7.257068747593786975e+04
7.208866677431520657e+04
7.160942899316945113e+04
7.113296618152321025e+04
7.065927030025840213e+04
7.018833322398006567e+04
6.972014674285870569e+04
6.925470256445532141e+04
6.879199231552396668e+04
6.833200754379757564e+04
6.787473971974854067e+04
6.742018023833670304e+04
6.696832042073400225e+04
6.651915151603185222e+04
6.607266470292696613e+04
6.562885109139067936e+04
6.518770172432022810e+04
6.474920757917042647e+04
6.431335956956493465e+04
6.388014854689397907e+04
6.344956530189135810e+04
6.302160056619313400e+04
6.259624501387903001e+04
6.217348926299753657e+04
6.175332387707376620e+04
6.133573936659643368e+04
6.092072619049414061e+04
6.050827475758707442e+04
6.009837542802924872e+04
5.969101851472915587e+04
5.928619428475583845e+04
5.888389296072906291e+04
5.848410472219049552e+04
5.808681970696517965e+04
5.769202801249767799e+04
5.729971969718116452e+04
5.690988478166702407e+04
