4.642615889061761089e+06
9.658391406262033852e+05
6.650719558942916337e+05
1.906777178873092402e+06
2.033499671808689367e+06
1.219127199800285976e+06
4.511872744065130246e+05
2.545524606142287375e+05
5.425656813086953480e+05
8.797214107755676378e+05
9.284084935630995315e+05
6.675778271379796788e+05
3.028339286467147176e+05
7.764834876759852341e+04
1.079919357134054735e+05
3.019897845241840696e+05
4.443334992395754671e+05
4.007281322715705610e+05
2.220281649058899202e+05
6.124432082840827206e+04
2.909903564992227621e+04
1.149212577255876677e+05
2.170185050179880927e+05
2.408948035257605370e+05
1.729502694277553237e+05
7.609766149767013849e+04
2.780854866556492198e+04
5.489402592011609522e+04
1.154469720598301792e+05
1.437378412403534167e+05
1.137661006257606641e+05
5.680440114750371140e+04
2.297667416595681061e+04
3.294140712281109882e+04
6.478009525567512901e+04
8.125486191561094893e+04
6.583217435833443596e+04
3.389180405181000242e+04
1.374419300477897559e+04
1.878771521247591591e+04
3.692796436862267728e+04
4.568138371225657465e+04
3.568955423990816053e+04
1.786287527820595278e+04
9.204342173285380341e+03
1.496118007925925122e+04
2.543291953995528456e+04
2.807187656489027722e+04
2.036179320656222990e+04
1.067366205188223103e+04
8.109577423933924365e+03
1.302704351172203678e+04
1.791124154614061626e+04
1.651278163456221955e+04
1.038068481376846648e+04
5.960348618607414210e+03
6.796469492966347389e+03
1.014768322308397546e+04
1.103091487525341290e+04
8.085014371487372046e+03
4.511887251742160515e+03
3.772600680556376119e+03
5.604401194735080935e+03
6.882157716602705477e+03
5.702904221965043689e+03
3.431943299485578791e+03
2.549840826954563909e+03
3.504059736776387126e+03
4.500980358064809479e+03
4.027073042395372795e+03
2.628722513139569855e+03
1.905953823787467627e+03
2.369287092161662258e+03
2.977697244134549692e+03
2.694956729723384342e+03
1.799843275533838096e+03
1.314190805673702471e+03
1.572923812052216135e+03
1.910937992211827805e+03
1.690076020200733183e+03
1.121814040645030445e+03
8.495716869086886618e+02
1.032006527018402721e+03
1.213396541448888684e+03
1.032496477074043014e+03
6.896187093039955016e+02
5.797816079833189633e+02
7.228138411333444537e+02
7.986794910026557091e+02
6.410815214024113402e+02
4.384353803325740842e+02
4.127995988691192224e+02
5.051860804770636832e+02
5.053617005510126319e+02
3.731693994463576587e+02
2.663205651406326524e+02
2.824387093326869262e+02
3.301113008503964465e+02
2.924946579329214273e+02
1.999843199107297664e+02
1.609285628963179988e+02
1.904749801914847183e+02
2.041566323419756657e+02
1.589502386379753602e+02
1.093735150842572068e+02
1.092741831233594638e+02
1.312646950082145167e+02
1.214726156680238347e+02
8.483323223566991089e+01
6.720177818991841434e+01
7.853425394209810406e+01
8.385418542720093171e+01
6.457061150243681880e+01
4.418190091482953363e+01
4.462322199222802510e+01
5.253045353022703523e+01
4.619954248497841576e+01
3.091569396495983924e+01
2.589789411130760755e+01
3.154838242989081465e+01
3.204991981769238407e+01
2.323765193611720292e+01
1.709500754688213320e+01
1.965248093986998512e+01
2.227313807534143919e+01
1.807956437000202854e+01
1.270414310701756655e+01
1.290118601784876873e+01
1.532025721606282787e+01
1.375137958279718653e+01
9.811367085635103180e+00
8.891395559784831093e+00
1.057673846848699206e+01
1.036050068705502269e+01
7.862286420328182146e+00
6.723044271625065349e+00
7.780566349306633711e+00
8.144006804580538272e+00
6.715834573756171544e+00
5.712897733467046102e+00
6.295183557985831513e+00
6.762778588402710511e+00
5.957833709212258633e+00
5.143339067965779776e+00
5.392980684078945153e+00
5.768896058295551299e+00
5.302627888520762056e+00
4.682055792320810816e+00
4.757903915946142703e+00
5.029193164076373179e+00
4.763150177979166955e+00
4.323905576200989032e+00
4.332918223270786129e+00
4.522156573522075895e+00
4.366139088816602509e+00
4.059658305090867891e+00
4.038209811990290277e+00
4.153251002884957188e+00
4.041470795237554370e+00
3.815449143270224663e+00
3.774261916355005297e+00
3.828722643978883067e+00
3.733221457889599915e+00
3.561158966500684198e+00
3.514233433879263124e+00
3.530977962200212428e+00
3.447324181841174173e+00
3.317015921779256082e+00
3.273227289127843775e+00
3.267805411727580100e+00
3.192888158784742636e+00
3.091733411872068515e+00
3.050399374395022178e+00
3.028866215241285076e+00
2.958521625155217549e+00
2.876046039457184733e+00
2.835309360547542568e+00
2.802675254245125647e+00
2.736640623390550253e+00
2.668179881701611134e+00
2.628897934919358192e+00
2.590804060522220453e+00
2.530685440034442291e+00
2.473736227789174791e+00
2.436369629714322027e+00
2.396137873457260703e+00
2.341994048220968239e+00
2.293479758087817899e+00
2.257179798897266387e+00
2.216190599786497017e+00
2.167254370128655516e+00
2.124611496336223038e+00
2.088945499935229044e+00
2.048515346454467423e+00
2.004515602102599825e+00
1.966386660441359790e+00
1.931676853267050076e+00
1.893053921773979908e+00
1.853721991081708875e+00
1.819102089587892213e+00
1.785584850294143155e+00
1.749338183021928339e+00
1.713972161678930961e+00
1.681897653105500101e+00
1.649660016044676825e+00
1.615938041330300612e+00
1.583799871986398600e+00
1.553677829140090561e+00
1.522960177631831780e+00
1.491843352950300794e+00
1.462408884875808113e+00
1.434019006210686786e+00
1.405101824678351763e+00
1.376524822464415321e+00
1.349347674024397259e+00
1.322584800664585059e+00
1.295588728725996397e+00
1.269304062973458436e+00
1.244000225550932370e+00
1.218817140020764800e+00
1.193742798506323588e+00
1.169468493024663047e+00
1.145804402412030409e+00
1.122225547557541780e+00
1.099021179346263644e+00
1.076526490419584370e+00
1.054396620286797814e+00
1.032444809680133302e+00
1.010994180137178677e+00
9.900868413288087533e-01
9.694321098346749821e-01
9.490709262050005535e-01
9.292144240471791328e-01
9.097495936048544118e-01
8.905275764547410100e-01
8.716768548822244611e-01
8.532655677238319969e-01
8.351551843752327287e-01
8.173255865640773887e-01
7.998858093879427367e-01
7.828038893136342047e-01
7.659908031891000668e-01
7.494927234116895987e-01
7.333547576408049329e-01
7.175118789823260457e-01
7.019397863952634431e-01
6.866895318453186681e-01
6.717512639441074462e-01
6.570764297241533658e-01
6.426810777888321002e-01
6.285885382487312878e-01
6.147666963617595126e-01
6.011991241249525775e-01
5.879086499204914107e-01
5.748897961110934762e-01
5.621163627702765453e-01
5.495937198309536198e-01
5.373314092143786080e-01
5.253115590124415313e-01
5.135243738613133324e-01
5.019792059699155207e-01
4.906708524617828804e-01
4.795848058682101733e-01
4.687225980405287928e-01
4.580865510659977158e-01
4.476656640380935470e-01
4.374542792203170993e-01
4.274553493936090187e-01
4.176636969491435147e-01
4.080708840553540773e-01
3.986767061134389722e-01
3.894799495601176109e-01
3.804732551795537709e-01
3.716530698840884162e-01
3.630191842334870023e-01
3.545668105270713411e-01
3.462907345354857558e-01
3.381898050020483160e-01
3.302613650419082281e-01
3.225002860763472867e-01
3.149039910570623491e-01
3.074707589552178044e-01
3.001964590735113902e-01
2.930775756762766249e-01
2.861123534848695193e-01
2.792977423179785479e-01
2.726300234845161485e-01
2.661069841165010219e-01
2.597262757657107235e-01
2.534844938575872009e-01
2.473790038315357709e-01
2.414077261396842811e-01
2.355677559184394254e-01
2.298562766102813792e-01
2.242711928094701657e-01
2.188100381202594535e-01
2.134700545563495144e-01
2.082490415083337876e-01
2.031448204152642434e-01
1.981548381362169264e-01
