1.802257257156907115e+06
6.302012619234689046e+05
1.372539451906523667e+06
9.569699674912873888e+05
3.789233355095632724e+05
3.630419523150500027e+05
6.348148523827856407e+05
6.186601510091256350e+05
3.362783909564270871e+05
1.314950963944028481e+05
1.687279128177609527e+05
3.022060435563714127e+05
3.173545904616070911e+05
1.932445250531775528e+05
7.121385572952468647e+04
6.725438608312848373e+04
1.494451337201554561e+05
1.939167480283881887e+05
1.455478926449814171e+05
6.835854967564277467e+04
4.843007828555279411e+04
9.221154890423890902e+04
1.312597899189388263e+05
1.142561963915218366e+05
6.447213768002929282e+04
4.001385546625524876e+04
5.948208892897564510e+04
8.427643103154312121e+04
7.496265445742831798e+04
4.193676612744013255e+04
2.467334289043540412e+04
3.667134097821993782e+04
5.140654166794627963e+04
4.326506794376828475e+04
2.202058578256264082e+04
1.448762996846079659e+04
2.522065437964146986e+04
3.310553223532834818e+04
2.501692421743707018e+04
1.351398468097974728e+04
1.464687906560581905e+04
2.371580187753456630e+04
2.519285012692331657e+04
1.759414037274422299e+04
1.349287506240767289e+04
1.808566607579881384e+04
2.222923500856555984e+04
1.889589131312945756e+04
1.389187093770226056e+04
1.459783063839867100e+04
1.795193922150529397e+04
1.709153369111769280e+04
1.310939620393911537e+04
1.199852400865628988e+04
1.406117089531155216e+04
1.436962596401766496e+04
1.184002614861107213e+04
1.041261144376757511e+04
1.159294620324886273e+04
1.232074231129999498e+04
1.092954687651585482e+04
9.740096810170623939e+03
1.038694997480496568e+04
1.109354939996627581e+04
1.031821578063410925e+04
9.395059112394475960e+03
9.690064981073974195e+03
1.017514641073308667e+04
9.655614335785736330e+03
8.929288456967287857e+03
9.017903297258009843e+03
9.287233005716840125e+03
8.884547117571415583e+03
8.340094964158561197e+03
8.362548116129732080e+03
8.502734036401281628e+03
8.187365674439047325e+03
7.812049268097960521e+03
7.833449695185337077e+03
7.894849409065094733e+03
7.640048242271810523e+03
7.390977122844225960e+03
7.410070044498543211e+03
7.400219531019469287e+03
7.173811628483277673e+03
6.997438540464157086e+03
6.990256059837774046e+03
6.914149214086239226e+03
6.706896182061611398e+03
6.576363457598255081e+03
6.539274430687879430e+03
6.421773494153238971e+03
6.244346971028752705e+03
6.147866978678521264e+03
6.086969057940395032e+03
5.955934516947923839e+03
5.816798169213875553e+03
5.742037866295687309e+03
5.662043310496532285e+03
5.534127515969529668e+03
5.426388249414564598e+03
5.354798807912918164e+03
5.258188050168502741e+03
5.140966895806054708e+03
5.051991895736067818e+03
4.972188582322931325e+03
4.867229144455184723e+03
4.764181108659489837e+03
4.682471707346969197e+03
4.593430352038281853e+03
4.491591727318301309e+03
4.402808968807396013e+03
4.322030128011482702e+03
4.229871744925570056e+03
4.138021516939796129e+03
4.057783217449343738e+03
3.974943072827637479e+03
3.886069531217225631e+03
3.804220225705631492e+03
3.726441707699660128e+03
3.643164551587846745e+03
3.561045507940729294e+03
3.484947427062720180e+03
3.407229277817329603e+03
3.327597874049394250e+03
3.252546577783583416e+03
3.179190864577219600e+03
3.103651120338112833e+03
3.030285880513928987e+03
2.960111007958587834e+03
2.889071807074221852e+03
2.818488145012310270e+03
2.750966454940745734e+03
2.683963286098657136e+03
2.616678451453190064e+03
2.551611160406433555e+03
2.488006130239366939e+03
2.424251667283904681e+03
2.361901583702846892e+03
2.301357863487743998e+03
2.241089978486159907e+03
2.181678353428059836e+03
2.124038141373916460e+03
2.067155574718050502e+03
2.010929198307435627e+03
1.956254867133569405e+03
1.902628545583644154e+03
1.849615087677060501e+03
1.797892361619688245e+03
1.747363938659008909e+03
1.697532986656645562e+03
1.648799171387214301e+03
1.601275324278547714e+03
1.554528120207901111e+03
1.508740550629187510e+03
1.464125056480255580e+03
1.420373004519959068e+03
1.377518633782390680e+03
1.335770374236461521e+03
1.294921921650894319e+03
1.254924966073948326e+03
1.215959014448359312e+03
1.177908257988925470e+03
1.140690194730817439e+03
1.104434289392042047e+03
1.069075726439089294e+03
1.034523613604643288e+03
1.000869499295250534e+03
9.680876775362962690e+02
9.360965214170190620e+02
9.049528083357375863e+02
8.746449649674467537e+02
8.451015136329796178e+02
8.163569471338366839e+02
7.884102800846230821e+02
7.612036910677559263e+02
7.347540373622402967e+02
7.090594638368650067e+02
6.840711412097798529e+02
6.597960059132171864e+02
6.362332948907223908e+02
6.133440585490018293e+02
5.911281526639319281e+02
5.695813634710168571e+02
5.486704921658954390e+02
5.283918739311650370e+02
5.087404494205427454e+02
4.896889618453869844e+02
4.712310408515135123e+02
4.533586348222364677e+02
4.360476785315196366e+02
4.192906489015667262e+02
4.030787151525669287e+02
3.873913660583918386e+02
3.722201179431231139e+02
3.575544048026649193e+02
3.433758167939325858e+02
3.296757319220554905e+02
3.164434245137604194e+02
3.036628377424073051e+02
2.913250211417734477e+02
2.794184782846746771e+02
2.679286536244701438e+02
2.568467012252743302e+02
2.461613502051640978e+02
2.358596392869534668e+02
2.259325826150509897e+02
2.163688080624386600e+02
2.071565397597394167e+02
1.982870172794771406e+02
1.897494262831203287e+02
1.815331652987458995e+02
1.736295028905832396e+02
1.660279999845183454e+02
1.587190152422805056e+02
1.516941271285885762e+02
1.449436292395554062e+02
1.384587256124473811e+02
1.322311675976158654e+02
1.262518718073699517e+02
1.205127904058741990e+02
1.150060818547265029e+02
1.097234468893486792e+02
1.046574557580791804e+02
9.980060863759146628e+01
9.514531204418310040e+01
9.068472395856912271e+01
8.641184878910630118e+01
8.231981128619659671e+01
7.840224374416891351e+01
7.465261813751013165e+01
7.106470514738019517e+01
6.763262298599468636e+01
6.435039598679307460e+01
6.121238314204786946e+01
5.821312411537115850e+01
5.534716693216066830e+01
5.260940599717088872e+01
4.999483345789339239e+01
4.749853226817113949e+01
4.511586202664102530e+01
4.284223460709804954e+01
4.067322732477499869e+01
3.860463483223163905e+01
3.663230544021799773e+01
3.475227355735881929e+01
3.296071905250830270e+01
3.125390110707710534e+01
2.962826924243278270e+01
2.808037773273359505e+01
2.660688460483268969e+01
2.520460696043712545e+01
2.387044373752073412e+01
2.260141926704217497e+01
2.139468728021200405e+01
2.024748022063897679e+01
1.915715511740177845e+01
1.812116658604442776e+01
1.713705507680097639e+01
1.620247725692983920e+01
1.531516949109570014e+01
1.447295803609038067e+01
1.367376523337615524e+01
1.291558481351730592e+01
1.219650120562517515e+01
1.151467792423834524e+01
1.086834769356063291e+01
1.025582501514432110e+01
9.675489747848608602e+00
9.125790931922313831e+00
8.605248544402392952e+00
8.112440613353118835e+00
7.646010367853415701e+00
7.204659835125622358e+00
6.787145686815289736e+00
6.392283700693187853e+00
6.018939850803280756e+00
5.666031498847944547e+00
5.332526388757211855e+00
5.017436929844880211e+00
4.719822979859548795e+00
4.438787217012922781e+00
4.173473230056382377e+00
3.923066105033177653e+00
3.686787868621829389e+00
3.463898183024259669e+00
3.253692313998374885e+00
3.055498430321591741e+00
2.868678077877948152e+00
2.692623170217220974e+00
2.526755422592031231e+00
2.370525467259995800e+00
2.223410438418199853e+00
2.084913965085383847e+00
1.954564301650858482e+00
1.831913287445778415e+00
1.716535844197131899e+00
1.608028125168086575e+00
1.506007157852643275e+00
1.410109657032936781e+00
