2.350934557690533402e+05
1.641354398288388620e+05
1.497489908626558608e+05
1.662485969172258629e+05
1.770059339563422836e+05
1.715588758704186475e+05
1.576515195439732051e+05
1.447499553181134979e+05
1.384705108298173582e+05
1.392211654795369250e+05
1.431336670297046658e+05
1.453328580505044083e+05
1.433359953755370807e+05
1.378986790464428777e+05
1.316104020834120747e+05
1.270060294969693059e+05
1.252355564133993757e+05
1.256770023304646893e+05
1.265735068486369564e+05
1.262659192964906397e+05
1.241555451175952330e+05
1.208271630929758394e+05
1.174695492430860613e+05
1.150912292780084535e+05
1.139759358112839982e+05
1.136262518488446949e+05
1.131799175011061307e+05
1.119962112095635821e+05
1.100124596042783960e+05
1.076798591928243404e+05
1.055975638244286092e+05
1.041206041062065196e+05
1.031786009891026624e+05
1.023854314951982815e+05
1.013331987170155044e+05
9.985557529661925219e+04
9.809355178289652395e+04
9.635330341271510406e+04
9.488151308061633608e+04
9.371481616077247600e+04
9.269033788375007862e+04
9.158812988986642449e+04
9.029031709896698885e+04
8.884500984313983645e+04
8.740575789685275231e+04
8.610800795537128579e+04
8.497741205796384020e+04
8.392862522147942218e+04
8.284214873804146191e+04
8.165345882432122016e+04
8.038914198902942007e+04
7.913240733601448301e+04
7.795374127879453590e+04
7.686210958410134481e+04
7.580903141466664965e+04
7.473441140466692741e+04
7.361355023806079407e+04
7.246981399860253441e+04
7.134877507556945784e+04
7.027950616766345047e+04
6.925455808713195438e+04
6.824113603232757305e+04
6.721013154047502030e+04
6.615779806646527140e+04
6.510434498419817828e+04
6.407416694133925193e+04
6.307614634372303408e+04
6.209958960622441373e+04
6.112650796862917923e+04
6.014768401220127271e+04
5.916882267596633028e+04
5.820332218077146536e+04
5.725975696244537539e+04
5.633530320611904608e+04
5.541969257731497055e+04
5.450479334837548231e+04
5.359093292356401798e+04
5.268516482008044841e+04
5.179422636914105533e+04
5.091901202948136051e+04
5.005501602330544847e+04
4.919735247395487386e+04
4.834521116182250262e+04
4.750192252372858638e+04
4.667128666325904487e+04
4.585403809437971358e+04
4.504760115682406467e+04
4.424886150984068809e+04
4.345700930917135702e+04
4.267389255855557712e+04
4.190196054219495272e+04
4.114204431595752976e+04
4.039300673269675463e+04
3.965325089609112911e+04
3.892236359371638537e+04
3.820132944524628692e+04
3.749135019030277181e+04
3.679262040132553375e+04
3.610424340547340398e+04
3.542520130186872848e+04
3.475529696295562462e+04
3.409517709727249894e+04
3.344556296862872114e+04
3.280655370918609697e+04
3.217765378080562732e+04
3.155836431787562833e+04
3.094865425364339899e+04
3.034886218800015558e+04
2.975922332055852530e+04
2.917956302394476370e+04
2.860944690951358643e+04
2.804857085877408826e+04
2.749696374597809336e+04
2.695482970569701865e+04
2.642224724320436144e+04
2.589905054834186376e+04
2.538497740760841771e+04
2.487988053470037630e+04
2.438376945285893817e+04
2.389666812311382091e+04
2.341847177740191182e+04
2.294895898955079610e+04
2.248792566465673372e+04
2.203528230770345544e+04
2.159101851986470137e+04
2.115509379344222907e+04
2.072738129227345780e+04
2.030771278258113307e+04
1.989595609206336667e+04
1.949203390024041801e+04
1.909587351366169241e+04
1.870735614024929237e+04
1.832632424528057891e+04
1.795263168618370401e+04
1.758617559201864788e+04
1.722687812124579796e+04
1.687464628420189547e+04
1.652935712179382244e+04
1.619087891841503370e+04
1.585909701716618656e+04
1.553391361984654577e+04
1.521522659625448796e+04
1.490291619523830013e+04
1.459685495568034457e+04
1.429692667313615129e+04
1.400303165736931987e+04
1.371507457527388033e+04
1.343295150788017418e+04
1.315655067781851540e+04
1.288576286771961350e+04
1.262048711400674802e+04
1.236062571284728801e+04
1.210607667261391180e+04
1.185673367239772597e+04
1.161249295117714428e+04
1.137325815259683804e+04
1.113893780546084963e+04
1.090943958356732037e+04
1.068466847465746650e+04
1.046452998757322530e+04
1.024893330844426237e+04
1.003779045370967469e+04
9.831013274285356601e+03
9.628512652724597501e+03
9.430200831437025045e+03
9.235993696001878561e+03
9.045810280853314907e+03
8.859570526101575524e+03
8.677194205812686050e+03
8.498601942161862098e+03
8.323716485000928515e+03
8.152462515492508828e+03
7.984765514853733293e+03
7.820551418420292975e+03
7.659747505347398146e+03
7.502283281773589806e+03
7.348090259746316406e+03
7.197101057840105568e+03
7.049248990491115364e+03
6.904468462581708081e+03
6.762695412438595667e+03
6.623867167833088388e+03
6.487922013913372211e+03
6.354799138363723614e+03
6.224439018651873084e+03
6.096783701163805745e+03
5.971776618593915373e+03
5.849362221928449799e+03
5.729485874185607827e+03
5.612094022929253697e+03
5.497134310949291830e+03
5.384555456162430346e+03
5.274307100156414890e+03
5.166339849830366802e+03
5.060605437140449794e+03
4.957056760066512652e+03
4.855647747807555788e+03
4.756333222203550577e+03
4.659068892422706995e+03
4.563811416241582265e+03
4.470518394083577732e+03
4.379148294342498048e+03
4.289660417110137132e+03
4.202014937264586479e+03
4.116172947148128515e+03
4.032096423444027096e+03
3.949748149959325019e+03
3.869091675833698901e+03
3.790091323350137827e+03
3.712712192009754290e+03
3.636920128617802220e+03
3.562681694961263929e+03
3.489964167822416130e+03
3.418735554479331768e+03
3.348964583770852187e+03
3.280620668590155219e+03
3.213673872031839892e+03
3.148094896396778040e+03
3.083855079618673699e+03
3.020926379980639922e+03
2.959281355265014554e+03
2.898893153192754198e+03
2.839735511868012054e+03
2.781782753219911228e+03
2.725009762662143658e+03
2.669391966590074844e+03
2.614905318974151669e+03
2.561526293535843251e+03
2.509231872646084412e+03
2.457999533382761911e+03
2.407807237701230861e+03
2.358633427426266280e+03
2.310457017072982126e+03
2.263257380556863609e+03
2.217014336130741412e+03
2.171708134957163566e+03
2.127319452633778383e+03
2.083829379971769413e+03
2.041219412831241243e+03
1.999471443765034564e+03
1.958567755769276118e+03
1.918491015118946962e+03
1.879224261531367119e+03
1.840750897530848988e+03
1.803054679420418779e+03
1.766119709661723846e+03
1.729930429175246900e+03
1.694471609526210159e+03
1.659728346067531675e+03
1.625686051950337742e+03
1.592330451613758669e+03
1.559647573125969984e+03
1.527623740318372711e+03
1.496245565726184850e+03
1.465499944189658663e+03
1.435374046542600126e+03
1.405855313464180199e+03
1.376931449873884731e+03
1.348590419647897761e+03
1.320820440017116653e+03
1.293609975512430083e+03
1.266947731962640319e+03
1.240822650935300317e+03
1.215223904502090818e+03
1.190140890133756329e+03
1.165563225804939520e+03
1.141480745399682519e+03
1.117883494210148910e+03
1.094761724263359611e+03
1.072105889517684091e+03
1.049906641190379560e+03
1.028154823340328903e+03
1.006841468632043757e+03
9.859577942307989815e+02
9.654951978728786344e+02
9.454452540877683759e+02
9.257997104367559587e+02
9.065504836848922423e+02
8.876896559836368397e+02
8.692094711824440765e+02
8.511023312942797929e+02
8.333607930805508204e+02
8.159775647504088738e+02
7.989455027791813109e+02
7.822576087984532478e+02
7.659070264907267074e+02
7.498870384855346174e+02
7.341910633139107176e+02
7.188126524654680907e+02
7.037454875449125211e+02
6.889833775174590755e+02
6.745202560414093114e+02
6.603501788728550537e+02
6.464673213066921562e+02
6.328659756339386604e+02
6.195405486336468357e+02
6.064855591293057842e+02
5.936956356201050085e+02
5.811655139835473847e+02
5.688900352442259418e+02
