7.934157706325750798e+06
7.201890880511421710e+06
6.502208269818155095e+06
5.836433326499732211e+06
5.239012749546721578e+06
4.679827976573598571e+06
4.152982391216890421e+06
3.659171763156970497e+06
3.198963256316623650e+06
2.772772879221927840e+06
2.380844408410325646e+06
2.023229249714519829e+06
1.699767409269164316e+06
1.410070110738778953e+06
1.153504837410192937e+06
9.291837610616550082e+05
7.359566549898806261e+05
5.724094654322660062e+05
4.368697124339590664e+05
3.274197822462763870e+05
2.419189343422140810e+05
1.780344620342943817e+05
1.332819131593268248e+05
1.050736269134798204e+05
9.077411286026638118e+04
8.776007727342841099e+04
9.348227795314695686e+04
1.055259651818749117e+05
1.216665269580383028e+05
1.399171492848451016e+05
1.585658244064169703e+05
1.761998344681427407e+05
1.917168035394571489e+05
2.043224217385721859e+05
2.135158773575419909e+05
2.190647869128365419e+05
2.209719284494369058e+05
2.194363423739273858e+05
2.148113855178725207e+05
2.075621519999442098e+05
1.982243644864911330e+05
1.873664477252289944e+05
1.755560714435782866e+05
1.633320293820367078e+05
1.511819311259202659e+05
1.395258389607401332e+05
1.287056907811085985e+05
1.189801143449848314e+05
1.105240568640035490e+05
1.034325243152240873e+05
9.772764338749428862e+04
9.336822165397705976e+04
9.026098405755398562e+04
8.827270132925987127e+04
8.724249319285117963e+04
8.699368020213280397e+04
8.734466635762454825e+04
8.811845350057135511e+04
8.915051114310542471e+04
9.029484549644653453e+04
9.142822336471836024e+04
9.245260565996053629e+04
9.329592824685295636e+04
9.391143173416948412e+04
9.427578903690329753e+04
9.438630291689973092e+04
9.425745763450834784e+04
9.391710022418673907e+04
9.340250761043373495e+04
9.275656545202939014e+04
9.202424692628189223e+04
9.124953740603491315e+04
9.047290682701567130e+04
8.972938792338056373e+04
8.904727745066743228e+04
8.844744154702445667e+04
8.794317372131950106e+04
8.754053286015352933e+04
8.723906862100808939e+04
8.703283374632691266e+04
8.691157953858825203e+04
8.686203449320013169e+04
8.686917516428796807e+04
8.691741166620017611e+04
8.699162649375657202e+04
8.707802323254870134e+04
8.716475992365722777e+04
8.724235916377847025e+04
8.730390246935699543e+04
8.734502925619234156e+04
8.736377049202963826e+04
8.736025344515747565e+04
8.733631700646129320e+04
8.729507705576694570e+04
8.724047870144736953e+04
8.717686749422081630e+04
8.710860551931943337e+04
8.703975123897525191e+04
8.697381469160706911e+04
8.691359268812130904e+04
8.686108241530942905e+04
8.681746668332027912e+04
8.678316014020700823e+04
8.675790320587244059e+04
8.674088931628050341e+04
8.673091041560212034e+04
8.672650846441263275e+04
8.672611946722012362e+04
8.672820193049161753e+04
8.673134248800203204e+04
8.673433476535572845e+04
8.673623005813159398e+04
8.673636068638850702e+04
8.673433875625356450e+04
8.673003443586210778e+04
8.672353871286031790e+04
8.671511595983998268e+04
8.670515154245781014e+04
8.669409923793455528e+04
8.668243248093192233e+04
8.667060251856519608e+04
8.665900553461789968e+04
8.664795978499428020e+04
8.663769284851290286e+04
8.662833829849667381e+04
8.661994048109704454e+04
8.661246566617420467e+04
8.660581761787216237e+04
8.659985560087804333e+04
8.659441296840144787e+04
8.658931473412783816e+04
8.658439287304185564e+04
8.657949848453377490e+04
8.657451034738637100e+04
8.656933976714007440e+04
8.656393193589164002e+04
8.655826427493851224e+04
8.655234240225012763e+04
8.654619445783502306e+04
8.653986453586506832e+04
8.653340592347111669e+04
8.652687474673992256e+04
8.652032449087570421e+04
8.651380171034706291e+04
8.650734309161666897e+04
8.650097388896925258e+04
8.649470763331498893e+04
8.648854692139783583e+04
8.648248503203690052e+04
8.647650808691713610e+04
8.647059747353129205e+04
8.646473227236176899e+04
8.645889147331008280e+04
8.645305582099902676e+04
8.644720918823700049e+04
8.644133943563727371e+04
8.643543876810374786e+04
8.642950364196332521e+04
8.642353430769419356e+04
8.641753409164038021e+04
8.641150852621415106e+04
8.640546443335348158e+04
8.639940905259258579e+04
8.639334928563488938e+04
8.638729110654705437e+04
8.638123916322580772e+04
8.637519657385905157e+04
8.636916490348143270e+04
8.636314429158113489e+04
8.635713369259590399e+04
8.635113118709898845e+04
8.634513432203102275e+04
8.633914044269005535e+04
8.633314698632733780e+04
8.632715171596872096e+04
8.632115288240549853e+04
8.631514931120954861e+04
8.630914041933626868e+04
8.630312617186349235e+04
8.629710699337784899e+04
8.629108365043117374e+04
8.628505712148411840e+04
8.627902846917527495e+04
8.627299872698634863e+04
8.626696880891143519e+04
8.626093944700594875e+04
8.625491115812095813e+04
8.624888423802467878e+04
8.624285877871492994e+04
8.623683470314650913e+04
8.623081181085755816e+04
8.622478982800821541e+04
8.621876845602711546e+04
8.621274741418982740e+04
8.620672647287712607e+04
8.620070547576587705e+04
8.619468435061367927e+04
8.618866310953642824e+04
8.618264184057569946e+04
8.617662069294383400e+04
8.617059985856519779e+04
8.616457955246441998e+04
8.615855999422303285e+04
8.615254139223790844e+04
8.614652393192311865e+04
8.614050776838278398e+04
8.613449302353535313e+04
8.612847978719377716e+04
8.612246812129416503e+04
8.611645806625693513e+04
8.611044964843310299e+04
8.610444288763935037e+04
8.609843780396759394e+04
8.609243442325736396e+04
8.608643278088193620e+04
8.608043292373447912e+04
8.607443491051407182e+04
8.606843881058203988e+04
8.606244470176310278e+04
8.605645266751557938e+04
8.605046279389236588e+04
8.604447516666227602e+04
8.603848986887844512e+04
8.603250697908810980e+04
8.602652657026318775e+04
8.602054870945229777e+04
8.601457345806105877e+04
8.600860087262565503e+04
8.600263100590751856e+04
8.599666390813254111e+04
8.599069962821324589e+04
8.598473821482299536e+04
8.597877971722913207e+04
8.597282418583515391e+04
8.596687167242541909e+04
8.596092223013399052e+04
8.595497591319863568e+04
8.594903277655807324e+04
8.594309287537229829e+04
8.593715626453058212e+04
8.593122299821049091e+04
8.592529312952415785e+04
8.591936671027846751e+04
8.591344379086008121e+04
8.590752442022817559e+04
8.590160864600553759e+04
8.589569651463162154e+04
8.588978807155527466e+04
8.588388336143232300e+04
8.587798242830674280e+04
8.587208531575847883e+04
8.586619206700233917e+04
8.586030272494175006e+04
8.585441733217331057e+04
8.584853593095642282e+04
8.584265856315477868e+04
8.583678527016489534e+04
8.583091609284242440e+04
8.582505107143652276e+04
8.581919024554289354e+04
8.581333365407107340e+04
8.580748133523971774e+04
8.580163332658636500e+04
8.579578966499537637e+04
8.578995038673770614e+04
8.578411552751334966e+04
8.577828512249629421e+04
8.577245920637501695e+04
8.576663781338577974e+04
8.576082097733413684e+04
8.575500873161292111e+04
8.574920110920464504e+04
8.574339814268176269e+04
8.573759986420057248e+04
8.573180630549108901e+04
8.572601749784835556e+04
8.572023347212464432e+04
8.571445425872408669e+04
8.570867988760110165e+04
8.570291038826186559e+04
8.569714578976888151e+04
8.569138612074989942e+04
8.568563140940634185e+04
8.567988168352289358e+04
8.567413697047767346e+04
8.566839729725173675e+04
8.566266269043687498e+04
8.565693317624225165e+04
8.565120878049920429e+04
8.564548952866556647e+04
8.563977544583041163e+04
8.563406655671456247e+04
8.562836288567587326e+04
8.562266445671148540e+04
8.561697129346174188e+04
8.561128341921552783e+04
8.560560085691412678e+04
8.559992362915881677e+04
8.559425175821517769e+04
8.558858526602108032e+04
