2.954536866363443434e+06
2.638810002323567867e+06
2.364834721275913995e+06
2.131991524696534500e+06
1.938646422993633896e+06
1.781829325005212333e+06
1.657134471853424795e+06
1.559097528148825979e+06
1.481924063912573969e+06
1.420129393403160619e+06
1.368900249133536592e+06
1.324267118182052625e+06
1.283141138472105376e+06
1.243246951685776701e+06
1.203001401299348800e+06
1.161393941946849693e+06
1.117883486364886630e+06
1.072317397484751185e+06
1.024861791395491222e+06
9.759356544143016217e+05
9.261445143070140621e+05
8.762128183262408711e+05
8.269164465136281215e+05
7.790179986845136154e+05
7.332079740820607403e+05
6.900549947478310205e+05
6.499680113755334169e+05
6.131729208205635659e+05
5.797053256807060679e+05
5.494200917281530565e+05
5.220169897228021291e+05
4.970800879981415346e+05
4.741268975145081058e+05
4.526618600697136135e+05
4.322279527314275037e+05
4.124502368504727492e+05
3.930662213242948055e+05
3.739398186831807252e+05
3.550581115914653055e+05
3.365126512703136541e+05
3.184691171481347992e+05
3.011305385235382710e+05
2.846997548025314463e+05
2.693463890505700838e+05
2.551824817867497914e+05
2.422493098028134264e+05
2.305160671687514696e+05
2.198892885615801206e+05
2.102304058136784879e+05
2.013778548058700108e+05
1.931698155446125893e+05
1.854639870749505935e+05
1.781516684886178700e+05
1.711646421694677556e+05
1.644746925177021185e+05
1.580868057275469764e+05
1.520279976253945497e+05
1.463341972793659952e+05
1.410376456575986813e+05
1.361568946884099569e+05
1.316908120267648774e+05
1.276171472449889407e+05
1.238953501685228257e+05
1.204726014708538860e+05
1.172915408598203358e+05
1.142980308646152262e+05
1.114474751231827540e+05
1.087086658237176016e+05
1.060647369374788686e+05
1.035114233915513323e+05
1.010533326336536848e+05
9.869923659816625877e+04
9.645745057501990232e+04
9.433219967039860785e+04
9.232154680032894248e+04
9.041705716198697337e+04
8.860499488367977028e+04
8.686856385860851151e+04
8.519056136450167105e+04
8.355582404082998983e+04
8.195297898447819171e+04
8.037523504740964563e+04
7.882018962772587838e+04
7.728883884575327102e+04
7.578411964902155160e+04
7.430936235049684183e+04
7.286699359506063047e+04
7.145772364376188489e+04
7.008031067993625766e+04
6.873185427397870808e+04
6.740846096527011832e+04
6.610606686379692110e+04
6.482120093439856282e+04
6.355152033421924716e+04
6.229602791285766580e+04
6.105496922222270223e+04
5.982948081664781057e+04
5.862110798566856101e+04
5.743132184955460252e+04
5.626114549149692175e+04
5.511095614725677297e+04
5.398047886034208932e+04
5.286893993262870936e+04
5.177531631705884502e+04
5.069860506568048731e+04
4.963804474586722790e+04
4.859324340489119641e+04
4.756419747166933666e+04
4.655121470506260084e+04
4.555477523596965329e+04
4.457537411165717640e+04
4.361338611073830543e+04
4.266898149326034763e+04
4.174210422215089784e+04
4.083250701887623291e+04
3.993982462035200297e+04
3.906366032963307953e+04
3.820366188792749017e+04
3.735956945964746410e+04
3.653122849217274052e+04
3.571857036724950012e+04
3.492157150565944175e+04
3.414020534225016308e+04
3.337440103845877456e+04
3.262401877654355121e+04
3.188884557439483615e+04
3.116860959469596855e+04
3.046300644708505570e+04
2.977172891619656366e+04
2.909449204165831907e+04
2.843104798946338997e+04
2.778118870806412815e+04
2.714473786098395431e+04
2.652153606295120699e+04
2.591142450783673121e+04
2.531423162287419109e+04
2.472976578080087347e+04
2.415781496251370845e+04
2.359815224559459966e+04
2.305054461906588404e+04
2.251476215661454262e+04
2.199058499679528904e+04
2.147780662080014736e+04
2.097623319877299582e+04
2.048567990400842245e+04
2.000596578480925746e+04
1.953690891710259166e+04
1.907832319122999979e+04
1.863001739874050691e+04
1.819179652346023067e+04
1.776346453108246351e+04
1.734482763987599174e+04
1.693569708133934910e+04
1.653589066167581041e+04
1.614523288280171437e+04
1.576355382474916951e+04
1.539068730475835946e+04
1.502646894408318985e+04
1.467073469089534228e+04
1.432332012295458480e+04
1.398406057483090626e+04
1.365279189071963992e+04
1.332935145983729308e+04
1.301357917214398913e+04
1.270531802228124070e+04
1.240441424429726248e+04
1.211071702241708772e+04
1.182407794425729298e+04
1.154435041331088905e+04
1.127138921393188139e+04
1.100505034376131334e+04
1.074519112812265121e+04
1.049167054233747513e+04
1.024434961602065960e+04
1.000309178800369591e+04
9.767763115706293320e+03
9.538232301316153098e+03
9.314370557477153852e+03
9.096051378734364334e+03
8.883150301264562586e+03
8.675544722008875397e+03
8.473113817339057277e+03
8.275738563616090687e+03
8.083301830218036230e+03
7.895688498592608084e+03
7.712785561390295697e+03
7.534482170552139905e+03
7.360669625249914134e+03
7.191241311584162759e+03
7.026092619442433715e+03
6.865120864854763568e+03
6.708225239399494967e+03
6.555306795508002324e+03
6.406268462977392119e+03
6.261015082136956153e+03
6.119453435534955133e+03
5.981492262855811532e+03
5.847042251104167008e+03
5.716016000816069209e+03
5.588327976144042623e+03
5.463894450106865406e+03
5.342633455595563646e+03
5.224464748804794908e+03
5.109309786440588141e+03
4.997091713298323157e+03
4.887735354065086540e+03
4.781167203011638776e+03
4.677315407209162913e+03
4.576109741986722838e+03
4.477481580305372518e+03
4.381363859577335461e+03
4.287691049762072907e+03
4.196399125488009304e+03
4.107425543074297821e+03
4.020709221446802985e+03
3.936190524695435670e+03
3.853811243742937222e+03
3.773514575225898625e+03
3.695245096870048656e+03
3.618948739890422530e+03
3.544572759821418913e+03
3.472065707459270925e+03
3.401377401279480182e+03
3.332458901988178695e+03
3.265262489085319430e+03
3.199741638734562002e+03
3.135851002018388499e+03
3.073546382803595407e+03
3.012784714845864983e+03
2.953524038215708970e+03
2.895723475473666440e+03
2.839343208141493051e+03
2.784344453915352460e+03
2.730689444808394910e+03
2.678341406125150115e+03
2.627264535958536271e+03
2.577423984834138992e+03
2.528785835203654642e+03
2.481317080663888646e+03
2.434985604970438089e+03
2.389760161056528887e+03
2.345610350317764187e+03
2.302506602376271985e+03
2.260420155432570027e+03
2.219323037192633365e+03
2.179188046267958271e+03
2.139988733915826742e+03
2.101699386009821865e+03
2.064295005193273028e+03
2.027751293234066452e+03
1.992044633645019303e+03
1.957152074645855237e+03
1.923051312518439090e+03
1.889720675365989337e+03
1.857139107244144270e+03
1.825286152606985297e+03
1.794141941008552294e+03
1.763687172020146591e+03
1.733903100354988510e+03
1.704771521219275883e+03
1.676274755927090155e+03
1.648395637817597617e+03
1.621117498499015028e+03
1.594424154427423673e+03
1.568299893808408115e+03
1.542729463800988015e+03
1.517698058001831214e+03
1.493191304195224347e+03
1.469195252364122098e+03
1.445696362965605658e+03
1.422681495477976341e+03
1.400137897223884011e+03
1.378053192467889858e+03
1.356415371780410624e+03
1.335212781654829769e+03
1.314434114364099287e+03
1.294068398045923232e+03
1.274104987010913646e+03
1.254533552272953330e+03
1.235344072304701967e+03
1.216526824021800167e+03
1.198072373997423256e+03
1.179971569905484102e+03
1.162215532189102305e+03
1.144795645946840523e+03
1.127703553031419005e+03
1.110931144354384060e+03
1.094470552393129765e+03
1.078314143896702944e+03
1.062454512788278407e+03
1.046884473260702180e+03
1.031597053061149609e+03
1.016585486959488208e+03
1.001843210394935795e+03
9.873638532952402329e+02
9.731412340636234148e+02
9.591693537295626584e+02
9.454423902612754773e+02
9.319546930365453363e+02
9.187007774710909871e+02
