3.202985687503418885e+06
3.157820271228418685e+06
3.113025061065050773e+06
3.068606917605611496e+06
3.024572546189391054e+06
2.980928479654963128e+06
2.937681061825781129e+06
2.894836431845395826e+06
2.852400509467751253e+06
2.810378981395757757e+06
2.768777288748086896e+06
2.727600615719866008e+06
2.686853879488432780e+06
2.646541721400408074e+06
2.606668499461614527e+06
2.567238282136921771e+06
2.528254843453337438e+06
2.489721659386721905e+06
2.451641905500413850e+06
2.414018455793391448e+06
2.379931323818843346e+06
2.347011736021076329e+06
2.314466119350341149e+06
2.282294434179348405e+06
2.250496628240287770e+06
2.219072608238887507e+06
2.188022218048746698e+06
2.157345222100295592e+06
2.127041292907980271e+06
2.097110001918821130e+06
2.067550813042612746e+06
2.038363078356510960e+06
2.009546035577406874e+06
1.981098806972848251e+06
1.953020399441443151e+06
1.925309705839604372e+06
1.897965505541960476e+06
1.870986591351335635e+06
1.844371280091116205e+06
1.818118153467190918e+06
1.792225569660903187e+06
1.766691790162893943e+06
1.741514983674731804e+06
1.716693230101519497e+06
1.692224524590414949e+06
1.668106781577513088e+06
1.644337838812014787e+06
1.620915461332116276e+06
1.597837345371915260e+06
1.575101122182630235e+06
1.552704361755143851e+06
1.530644576433788752e+06
1.508919224414004479e+06
1.487525713118665153e+06
1.466461402449876536e+06
1.445723607914498774e+06
1.425309603623165749e+06
1.405216625163587043e+06
1.385441872349879704e+06
1.365982511850461829e+06
1.346835679697600659e+06
1.327998483682200778e+06
1.309468005637824535e+06
1.291241303618102800e+06
1.273315413971998263e+06
1.255687353321382077e+06
1.238354120445531560e+06
1.221312698077070294e+06
1.204560054613908753e+06
1.188093145751608768e+06
1.171908916040513897e+06
1.156004300371853868e+06
1.140376225396913476e+06
1.125021610883126967e+06
1.109937371010898380e+06
1.095120415614650585e+06
1.080567651371532353e+06
1.066275982940984890e+06
1.052242314058149932e+06
1.038463548584038857e+06
1.024936591515062377e+06
1.011658349954486592e+06
9.986257340480897110e+05
9.858356578862611204e+05
9.732850403744897339e+05
9.609708060741926311e+05
9.488898860155569855e+05
9.370392184840284754e+05
9.254157497819189448e+05
9.140164349664576584e+05
9.028382385655543767e+05
8.918781352724158205e+05
8.811331106200106442e+05
8.706001616363606881e+05
8.602762974814921618e+05
8.501585400668327929e+05
8.402439246577197919e+05
8.305295004597072257e+05
8.210123311891512712e+05
8.116894956286605448e+05
8.025580881677756552e+05
7.936152193293496966e+05
7.848580162819151301e+05
7.762836233383866493e+05
7.678892024413491599e+05
7.596719336351552047e+05
7.516290155250600073e+05
7.437576657235356979e+05
7.360551212839253712e+05
7.285186391215610784e+05
7.211454964224420255e+05
7.139329910395609913e+05
7.068784418769404292e+05
6.999791892614486860e+05
6.932325953024071641e+05
6.866360442390710814e+05
6.801869427759489045e+05
6.738827204060220392e+05
6.677208297218586085e+05
6.616987467146334238e+05
6.558139710610518232e+05
6.500640263981982134e+05
6.444464605862816097e+05
6.389588459593225271e+05
6.335987795637425734e+05
6.283638833848976064e+05
6.232518045615438605e+05
6.182602155882533407e+05
6.133868145058060763e+05
6.086293250795537606e+05
6.039854969658214832e+05
5.994531058663318399e+05
5.950299536707343068e+05
5.907138689736367669e+05
5.865027056257800432e+05
5.823943452274051961e+05
5.783866956082580145e+05
5.744776913216421381e+05
5.706652937165974872e+05
5.669474909985997947e+05
5.633222982789011439e+05
5.597877576125811320e+05
5.563419380254412536e+05
5.529829355298391310e+05
5.497088731296033366e+05
5.465179008141281083e+05
5.434081955418220023e+05
5.403779612130274763e+05
5.374254286325633293e+05
5.345488554620594950e+05
5.317465261622425169e+05
5.290167519253297942e+05
5.263578705977303907e+05
5.237682465932130581e+05
5.212462707967409515e+05
5.187903604591632029e+05
5.163989590829656227e+05
5.140705362992681330e+05
5.118035877362971660e+05
5.095966348795403610e+05
5.074482249237734359e+05
5.053569306172286160e+05
5.033213500980789540e+05
5.013401067234977381e+05
4.994118488915053895e+05
4.975352498558487277e+05
4.957090075341331540e+05
4.939318443094565300e+05
4.922025068257768871e+05
4.905197657772564562e+05
4.888824156918162480e+05
4.872892747091544443e+05
4.857391843534607906e+05
4.842310093010741984e+05
4.827636371433211607e+05
4.813359781447855057e+05
4.799469649972418556e+05
4.785955525694967364e+05
4.772807176533837337e+05
4.760014587061326019e+05
4.747567955893719336e+05
4.735457693049801164e+05
4.723674417280305643e+05
4.712208953370489180e+05
4.701052329418251175e+05
4.690195774089882616e+05
4.679630713855794165e+05
4.669348770208308124e+05
4.659341756863792543e+05
4.649601676951056579e+05
4.640120720188328996e+05
4.630891260050662677e+05
4.621905850929878652e+05
4.613157225288927439e+05
4.604638290812711930e+05
4.596342127557078493e+05
4.588261985097998404e+05
4.580391279682517052e+05
4.572723591383377207e+05
4.565252661258955486e+05
4.557972388520072564e+05
4.550876827705439646e+05
4.543960185867081163e+05
4.537216819767417619e+05
4.530641233089361340e+05
4.524228073660777882e+05
4.517972130694750813e+05
4.511868332046921132e+05
4.505911741491087014e+05
4.500097556014300790e+05
4.494421103132671560e+05
4.488877838228751789e+05
4.483463341911864700e+05
4.478173317402072717e+05
4.473003587938882411e+05
4.467950094215585850e+05
4.463008891840026481e+05
4.458176148822556715e+05
4.453448143092101091e+05
4.448821260040828492e+05
4.444291990098190727e+05
4.439856926335004391e+05
4.435512762097966624e+05
4.431256288675310207e+05
4.427084392993989168e+05
4.422994055348832044e+05
4.418982347164067905e+05
4.415046428787665209e+05
4.411183547318625497e+05
4.407391034467715072e+05
4.403666304451739998e+05
4.400006851921606576e+05
4.396410249924380332e+05
4.392874147899425006e+05
4.389396269708739128e+05
4.385974411701624049e+05
4.382606440813608351e+05
4.379290292699784040e+05
4.376023969902373501e+05
4.372805540052633733e+05
4.369633134106933721e+05
4.366504944616912981e+05
4.363419224033680512e+05
4.360374283045740449e+05
4.357368488950697356e+05
4.354400264060331974e+05
4.351468084138966515e+05
4.348570476874884334e+05
4.345706020384478616e+05
4.342873341748917010e+05
4.340071115583048668e+05
4.337298062636186951e+05
4.334552948424569913e+05
4.331834581894960138e+05
4.329141814119325718e+05
4.326473537019994110e+05
4.323828682125027990e+05
4.321206219353462802e+05
4.318605155829946161e+05
4.316024534728443832e+05
4.313463434144567000e+05
4.310920965996137238e+05
4.308396274951584637e+05
4.305888537385651725e+05
4.303396960362129612e+05
4.300920780643093167e+05
4.298459263724171906e+05
4.296011702895476483e+05
4.293577418327771011e+05
4.291155756183295744e+05
4.288746087750915904e+05
4.286347808605160099e+05
4.283960337788561592e+05
4.281583117017011391e+05
4.279215609907556209e+05
4.276857301228244323e+05
4.274507696169551928e+05
4.272166319636951084e+05
4.269832715564162936e+05
4.267506446246684645e+05
4.265187091695059789e+05
4.262874249007596518e+05
4.260567531761933351e+05
4.258266569425204070e+05
4.255971006782168988e+05
4.253680503381069866e+05
4.251394732996702660e+05
4.249113383110262221e+05
4.246836154405645211e+05
4.244562760281746741e+05
4.242292926380293793e+05
4.240026390128984349e+05
4.237762900299368193e+05
4.235502216579164960e+05
4.233244109158692881e+05
4.230988358330918709e+05
4.228734754104845924e+05
4.226483095831887331e+05
4.224233191844773828e+05
4.221984859108808450e+05
