5.461140581559343264e+05
5.286313146999180317e+05
5.117671765661121462e+05
4.955313354644261999e+05
4.799322378459032625e+05
4.649769722154686460e+05
4.506711588207409950e+05
4.370188430493280175e+05
4.240223939869477763e+05
4.116824097089070128e+05
3.999976309939104831e+05
3.889648652582528302e+05
3.785789226036299951e+05
3.688325659461948671e+05
3.597164772386021796e+05
3.512192418006143416e+05
3.433273527250160696e+05
3.360252372780510341e+05
3.292953065651637153e+05
3.231180308144827140e+05
3.174720400031094905e+05
3.123342513016950688e+05
3.076800229030810297e+05
3.034833335614217795e+05
2.997169863494169549e+05
2.963528343305708258e+05
2.933620250129857450e+05
2.907152596427247627e+05
2.883830626561779063e+05
2.863360559919970110e+05
2.845452325119812740e+05
2.829822225384936901e+05
2.816195475135936867e+05
2.804308550374309998e+05
2.793911300481892540e+05
2.784768776420843787e+05
2.776662739620211651e+05
2.769392826554850326e+05
2.762777355551571818e+05
2.756653774047219194e+05
2.750878755745621165e+05
2.745327967316971626e+05
2.739895533008138882e+05
2.734493232473843964e+05
2.729049472130265785e+05
2.723508073345478624e+05
2.717826921906862990e+05
2.711976522630987456e+05
2.705938500957354554e+05
2.699704090183373773e+05
2.693272638952007983e+05
2.686650168985330965e+05
2.679848008129145019e+05
2.672881518764654174e+05
2.665768936738627963e+05
2.658530331312779454e+05
2.651186692341749440e+05
2.643759147031856701e+05
2.636268305253126891e+05
2.628733729494298459e+05
2.621173523165099032e+05
2.613604029048267985e+05
2.606039628260757308e+05
2.598492629067298258e+05
2.590973234263794438e+05
2.583489575572136673e+05
2.576047803522262839e+05
2.568652221597892058e+05
2.561305453949746443e+05
2.554008636692186701e+05
2.546761623656912998e+05
2.539563198443397414e+05
2.532411285643504525e+05
2.525303155194699066e+05
2.518235614901118679e+05
2.511205187228053692e+05
2.504208267497487541e+05
2.497241261571452778e+05
2.490300701988003275e+05
2.483383342298998032e+05
2.476486230041287781e+05
2.469606759346451145e+05
2.462742704658311559e+05
2.455892237382954336e+05
2.449053927546660416e+05
2.442226732690294157e+05
2.435409976292586070e+05
2.428603317415906349e+05
2.421806717282896279e+05
2.415020396021781489e+05
2.408244793247443740e+05
2.401480525261130242e+05
2.394728343847563083e+05
2.387989097247276222e+05
2.381263694228121312e+05
2.374553071937682689e+05
2.367858167990412621e+05
2.361179897033838497e+05
2.354519131851892162e+05
2.347876688903437171e+05
2.341253318060962483e+05
2.334649696209618996e+05
2.328066424288879498e+05
2.321504027307804208e+05
2.314962956836607773e+05
2.308443595471056760e+05
2.301946262778049277e+05
2.295471222257710178e+05
2.289018688896862732e+05
2.282588836936428561e+05
2.276181807529634098e+05
2.269797716024602414e+05
2.263436658662831469e+05
2.257098718540809932e+05
2.250783970735085895e+05
2.244492486538940575e+05
2.238224336801103782e+05
2.231979594392826257e+05
2.225758335858998762e+05
2.219560642330902920e+05
2.213386599794508074e+05
2.207236298817670904e+05
2.201109833843727829e+05
2.195007302158471430e+05
2.188928802632685401e+05
2.182874434334585094e+05
2.176844295096022543e+05
2.170838480104440532e+05
2.164857080579650356e+05
2.158900182581287809e+05
2.152967865979995113e+05
2.147060203613219492e+05
2.141177260635512648e+05
2.135319094063654775e+05
2.129485752508726728e+05
2.123677276080911979e+05
2.117893696447967668e+05
2.112135037024847697e+05
2.106401313270435785e+05
2.100692533066594042e+05
2.095008697155328991e+05
2.089349799611549242e+05
2.083715828330731019e+05
2.078106765513867431e+05
2.072522588134869584e+05
2.066963268378592911e+05
2.061428774041169381e+05
2.055919068886843452e+05
2.050434112958499172e+05
2.044973862841387163e+05
2.039538271881572146e+05
2.034127290362220956e+05
2.028740865642112331e+05
2.023378942261581542e+05
2.018041462021530024e+05
2.012728364041267778e+05
2.007439584800970042e+05
2.002175058173850703e+05
1.996934715453049284e+05
1.991718485377152101e+05
1.986526294157862139e+05
1.981358065512258036e+05
1.976213720701842685e+05
1.971093178579181549e+05
1.965996355642938579e+05
1.960923166101170937e+05
1.955873521942443913e+05
1.950847333013911557e+05
1.945844507105347002e+05
1.940864950037733070e+05
1.935908565755260352e+05
1.930975256419245852e+05
1.926064922502847039e+05
1.921177462885293935e+05
1.916312774944755365e+05
1.911470754648916773e+05
1.906651296642695088e+05
1.901854294332541176e+05
1.897079639967090334e+05
1.892327224714093027e+05
1.887596938733388379e+05
1.882888671246395679e+05
1.878202310601964709e+05
1.873537744339129422e+05
1.868894859246947744e+05
1.864273541421758127e+05
1.859673676322184037e+05
1.855095148822310148e+05
1.850537843263092800e+05
1.846001643502435181e+05
1.841486432964072446e+05
1.836992094685400079e+05
1.832518511364345322e+05
1.828065565405437374e+05
1.823633138964996906e+05
1.819221113995542109e+05
1.814829372289300954e+05
1.810457795520884683e+05
1.806106265288944996e+05
1.801774663156871102e+05
1.797462870692399447e+05
1.793170769506079960e+05
1.788898241288559220e+05
1.784645167846641853e+05
1.780411431138102780e+05
1.776196913305170019e+05
1.772001496706827893e+05
1.767825063949723844e+05
1.763667497917913133e+05
1.759528681801320636e+05
1.755408499123030342e+05
1.751306833765401389e+05
1.747223569995051366e+05
1.743158592486837297e+05
1.739111786346723675e+05
1.735083037133753533e+05
1.731072230880992720e+05
1.727079254115677904e+05
1.723103993878434412e+05
1.719146337741677999e+05
1.715206173827202292e+05
1.711283390823064838e+05
1.707377877999613411e+05
1.703489525224828394e+05
1.699618222978986159e+05
1.695763862368503469e+05
1.691926335139221628e+05
1.688105533688872238e+05
1.684301351078998996e+05
1.680513681046086713e+05
1.676742418012137641e+05
1.672987457094549318e+05
1.669248694115377730e+05
1.665526025609971257e+05
1.661819348834995180e+05
1.658128561775860726e+05
1.654453563153557479e+05
1.650794252430972701e+05
1.647150529818532232e+05
1.643522296279452567e+05
1.639909453534347704e+05
1.636311904065392155e+05
1.632729551119910902e+05
1.629162298713619239e+05
1.625610051633236872e+05
1.622072715438772284e+05
1.618550196465280023e+05
1.615042401824294939e+05
1.611549239404706750e+05
1.608070617873373849e+05
1.604606446675287152e+05
1.601156636033332325e+05
1.597721096947769693e+05
1.594299741195287206e+05
1.590892481327736168e+05
1.587499230670567486e+05
1.584119903320932644e+05
1.580754414145464252e+05
1.577402678777789115e+05
1.574064613615750277e+05
1.570740135818355775e+05
1.567429163302468951e+05
1.564131614739238285e+05
1.560847409550312441e+05
1.557576467903821031e+05
1.554318710710095474e+05
1.551074059617239982e+05
1.547842437006470282e+05
1.544623765987262595e+05
1.541417970392328571e+05
1.538224974772429559e+05
1.535044704390990664e+05
1.531877085218616994e+05
1.528722043927403283e+05
1.525579507885155908e+05
1.522449405149428640e+05
1.519331664461506298e+05
1.516226215240232123e+05
1.513132987575691368e+05
1.510051912222863757e+05
1.506982920595154574e+05
1.503925944757802063e+05
1.500880917421269987e+05
1.497847771934471966e+05
1.494826442278052273e+05
1.491816863057482115e+05
1.488818969496144273e+05
1.485832697428428801e+05
1.482857983292641584e+05
1.479894764124013600e+05
1.476942977547596092e+05
1.474002561644809321e+05
1.471073455445530999e+05
1.468155598179960507e+05
1.465248929761128966e+05
1.462353390656034753e+05
1.459468921878499095e+05
1.456595464981938421e+05
1.453732962052139337e+05
1.450881355700081913e+05
