4.310145124062559567e+06
3.797403870343640447e+06
3.318099320448660292e+06
2.873346891726696864e+06
2.464113260122708511e+06
2.091178092123905662e+06
1.755091279042425798e+06
1.456126199063029839e+06
1.194230134869532892e+06
9.689739214851944707e+05
7.795030803724664729e+05
6.244965612854071660e+05
5.021359525368394097e+05
4.100936087587771472e+05
3.455457464377640863e+05
3.052168256930393400e+05
2.854592532067169668e+05
2.823686743866163306e+05
2.919300312059521675e+05
3.101840420420411974e+05
3.333991109469248331e+05
3.582312846508349758e+05
3.818556247137045721e+05
4.020562361464576097e+05
4.172682329940680647e+05
4.265715962097621523e+05
4.296426760694269906e+05
4.266730053943963721e+05
4.182668182394898031e+05
4.053285006387820467e+05
3.889497428076877841e+05
3.703040670272180578e+05
3.505541897168177529e+05
3.307756596512409742e+05
3.118985361766697606e+05
2.946675454282546416e+05
2.796201269084663363e+05
2.670809867738903849e+05
2.571711486061495380e+05
2.498290034449647646e+05
2.448405014588824415e+05
2.418754108465788886e+05
2.405265168422882562e+05
2.403487621661007870e+05
2.408956420617430122e+05
2.417506433140305453e+05
2.425521171936483297e+05
2.430106450168872834e+05
2.429186288045209949e+05
2.421524582892325125e+05
2.406681207496664720e+05
2.384915001896509784e+05
2.357048438617729698e+05
2.324309600824451190e+05
2.288166671712972166e+05
2.250168624505933549e+05
2.211803494656994008e+05
2.174382783713405079e+05
2.138957448574521113e+05
2.106267808897844516e+05
2.076726771073048003e+05
2.050433202479144093e+05
2.027210244289695984e+05
2.006661934241336421e+05
1.988240783306583471e+05
1.971318917255385022e+05
1.955256002306130249e+05
1.939458315236138587e+05
1.923424840230574482e+05
1.906777998314949218e+05
1.889278355287009326e+05
1.870824240458769200e+05
1.851438503936552734e+05
1.831245552397005958e+05
1.810442290532681218e+05
1.789266664572652662e+05
1.767967204312606191e+05
1.746776370579692302e+05
1.725889733939148718e+05
1.705452141307587153e+05
1.685551167989498645e+05
1.666217386996483256e+05
1.647430378118424269e+05
1.629128984824189101e+05
1.611224121803247835e+05
1.593612431213346717e+05
1.576189253970143036e+05
1.558859682506862737e+05
1.541546844373259810e+05
1.524196981048756861e+05
1.506781286221444025e+05
1.489294813286586141e+05
1.471753024634675239e+05
1.454186719534103177e+05
1.436636139599282178e+05
1.419145018664607778e+05
1.401755233959766338e+05
1.384502550427011738e+05
1.367413755333384033e+05
1.350505281314985477e+05
1.333783235076926067e+05
1.317244603653749218e+05
1.300879311667063448e+05
1.284672755945700192e+05
1.268608446356334898e+05
1.252670428110607900e+05
1.236845225340694305e+05
1.221123174719141534e+05
1.205499056920545117e+05
1.189972084708140319e+05
1.174545342707085074e+05
1.159224835983045632e+05
1.144018326109457557e+05
1.128934131628574396e+05
1.113980046758177632e+05
1.099162493793816393e+05
1.084485977862763539e+05
1.069952864493205852e+05
1.055563457033993618e+05
1.041316316983973811e+05
1.027208748604043067e+05
1.013237360683991574e+05
9.993986221327114617e+04
9.856893418465778814e+04
9.721070238494752266e+04
9.586500723629441927e+04
9.453178447569900891e+04
9.321105703077299404e+04
9.190291672586751520e+04
9.060749987643957138e+04
8.932496098059951328e+04
8.805544828989867528e+04
8.679908418002784310e+04
8.555595212641819671e+04
8.432609090727000148e+04
8.310949557635073143e+04
8.190612390041808248e+04
8.071590642114065122e+04
7.953875810429058038e+04
7.837458965524681844e+04
7.722331694533515838e+04
7.608486751909801387e+04
7.495918374006093654e+04
7.384622268963007082e+04
7.274595338619871472e+04
7.165835219096099900e+04
7.058339739397018275e+04
6.952106393676759035e+04
6.847131905702080985e+04
6.743411938128771726e+04
6.640940969558397774e+04
6.539712333895182383e+04
6.439718393262717291e+04
6.340950800309727492e+04
6.243400799218121392e+04
6.147059516737059312e+04
6.051918203500678646e+04
5.957968399359891919e+04
5.865202011753985425e+04
5.773611310699861497e+04
5.683188855701460852e+04
5.593927377455680107e+04
5.505819640145015728e+04
5.418858308651805419e+04
5.333035840113329323e+04
5.248344412160543288e+04
5.164775892388363718e+04
5.082321846409684076e+04
5.000973576281691930e+04
4.920722177768958500e+04
4.841558603986959497e+04
4.763473724207092891e+04
4.686458369452216721e+04
4.610503360244048963e+04
4.535599515733076259e+04
4.461737646787850827e+04
4.388908537978852110e+04
4.317102924525760318e+04
4.246311470195145375e+04
4.176524751040547562e+04
4.107733248113093578e+04
4.039927350237983046e+04
3.973097366037468601e+04
3.907233542888137890e+04
3.842326089619079721e+04
3.778365199545356882e+04
3.715341070821750327e+04
3.653243921938918356e+04
3.592064001258563076e+04
3.531791590580281627e+04
3.472417003658818430e+04
3.413930581223167246e+04
3.356322684320884582e+04
3.299583687740666937e+04
3.243703974915367507e+04
3.188673935188042742e+04
3.134483963745911024e+04
3.081124464007784263e+04
3.028585851863357675e+04
2.976858560956805741e+04
2.925933048185506777e+04
2.875799798717776139e+04
2.826449330071969962e+04
2.777872195077871220e+04
2.730058983803231968e+04
2.683000324725821338e+04
2.636686885538067872e+04
2.591109373981827957e+04
2.546258539038514937e+04
2.502125172672045301e+04
2.458700120174353651e+04
2.415974250393323746e+04
2.373938508770056433e+04
2.332583886622505452e+04
2.291901432814371947e+04
2.251882256360558313e+04
2.212517528499819309e+04
2.173798484195700439e+04
2.135716423112613484e+04
2.098262710178338602e+04
2.061428775879860768e+04
2.025206116445633234e+04
1.989586294045660543e+04
1.954560937102117168e+04
1.920121740755986320e+04
1.886260467490343945e+04
1.852968947875982849e+04
1.820239081385109603e+04
1.788062837213595412e+04
1.756432255061102842e+04
1.725339445835969309e+04
1.694776592271700792e+04
1.664735949461711789e+04
1.635209845331732322e+04
1.606190681075665452e+04
1.577670931578409545e+04
1.549643145841957630e+04
1.522099947419554883e+04
1.495034034851726028e+04
1.468438182088240319e+04
1.442305238875281430e+04
1.416628131086516078e+04
1.391399860980185258e+04
1.366613507371983906e+04
1.342262225721060895e+04
1.318339248134717491e+04
1.294837883304022580e+04
1.271751516385170544e+04
1.249073608843164584e+04
1.226797698271753688e+04
1.204917398200398929e+04
1.183426397894581351e+04
1.162318462151449057e+04
1.141587431089866004e+04
1.121227219931520995e+04
1.101231818769675374e+04
1.081595292322215755e+04
1.062311779667244809e+04
1.043375493960613312e+04
1.024780722136307850e+04
1.006521824591039149e+04
9.885932348544391061e+03
9.709894592462615037e+03
9.537050765203761330e+03
9.367347374952832979e+03
9.200731646696902317e+03
9.037151518212662268e+03
8.876555635872424318e+03
8.718893350253234530e+03
8.564114711548269042e+03
8.412170464783655916e+03
8.263012044852937834e+03
8.116591571391854814e+03
7.972861843513952408e+03
7.831776334432581280e+03
7.693289185989890939e+03
7.557355203112832896e+03
7.423929848207031682e+03
7.292969235498584567e+03
7.164430125329176008e+03
7.038269918404565033e+03
6.914446650000994850e+03
6.792918984127146359e+03
6.673646207646118455e+03
6.556588224356944011e+03
6.441705549039212201e+03
6.328959301463423799e+03
6.218311200369063954e+03
6.109723557411736692e+03
6.003159271079332939e+03
5.898581820580330714e+03
5.795955259700665010e+03
5.695244210632757131e+03
5.596413857776073201e+03
5.499429941512104051e+03
5.404258751956453125e+03
5.310867122693067358e+03
5.219222424494368170e+03
5.129292559034360238e+03
5.041045952597873111e+03
