1.524851838193211000e+16
1.473213201927277400e+16
1.421997964544394200e+16
1.371257938986705400e+16
1.321044537215098600e+16
1.271408746126605600e+16
1.222401105498184600e+16
1.174071687923130000e+16
1.126470080640058000e+16
1.079645369140289600e+16
1.033646122458781000e+16
9.885203800406410000e+15
9.443156401033062000e+15
9.010788493892736000e+15
8.588563942393170000e+15
8.176940929043482000e+15
7.776371890059073000e+15
7.387303461009154000e+15
7.010176432464836000e+15
6.645425715372748000e+15
6.293480315225123000e+15
5.954763314563818000e+15
5.629691863777398000e+15
5.318677177025735000e+15
5.022124538792168000e+15
4.740433313011110000e+15
4.473997061682400500e+15
4.223203160176003500e+15
3.988433431044788000e+15
3.770063772613145000e+15
3.568464294607074500e+15
3.383999357549388500e+15
3.217027615720116500e+15
3.067902063361241000e+15
2.936970083850475500e+15
2.824573501564531500e+15
2.731048636188696500e+15
2.656726359194026500e+15
2.601932152325859500e+15
2.566986167799086000e+15
2.552203290098154000e+15
2.557893199109881500e+15
2.577311054057442500e+15
2.601444339414733000e+15
2.624307137680699000e+15
2.642244899218417000e+15
2.653366821429556000e+15
2.657088646532515500e+15
2.653768895678715000e+15
2.644422854950749000e+15
2.630500404567883500e+15
2.613715686917719000e+15
2.595918451167923000e+15
2.578998596466993500e+15
2.564816922131738000e+15
2.555156374600471000e+15
2.551689165856327000e+15
2.554635889524427000e+15
2.560572306600061000e+15
2.566076005400161000e+15
2.569323033390961500e+15
2.569648598025233000e+15
2.567216142005192000e+15
2.562768640871244500e+15
2.557442295664412500e+15
2.552627587178100000e+15
2.549866287130095500e+15
2.550176593755598000e+15
2.552032619843931500e+15
2.553406572337519500e+15
2.553452078505298500e+15
2.552184045318189000e+15
2.550224990695511500e+15
2.548606570165553000e+15
2.548340773042494000e+15
2.548925426860997000e+15
2.549101464580473500e+15
2.548568476984077500e+15
2.547707986722939500e+15
2.547374984726569500e+15
2.547614382234631500e+15
2.547608083164000000e+15
2.547162535704902500e+15
2.546734229904669500e+15
2.546827372107376000e+15
2.546913118635253500e+15
2.546647437778068500e+15
2.546379639371499000e+15
2.546415533996260000e+15
2.546400419488179500e+15
2.546546002094266500e+15
2.546664362602812000e+15
2.546615904381261500e+15
2.546745477191520500e+15
2.546838256834648000e+15
2.546727012726037000e+15
2.546886999589479000e+15
2.547079515534358000e+15
2.546942503270632500e+15
2.546816237047615000e+15
2.546978307392575500e+15
2.546964202902695500e+15
2.546695711258191500e+15
2.546711696488657000e+15
2.546854079154021500e+15
2.546693632361009500e+15
2.546522466135453500e+15
2.546661142593500500e+15
2.546647348225572500e+15
2.546432778846510000e+15
2.546574133445074000e+15
2.546800104827421500e+15
2.546659660831802000e+15
2.546429566159281500e+15
2.546630679007045000e+15
2.546772936311575000e+15
2.546569188124106000e+15
2.546412255675363500e+15
2.546450417572883500e+15
2.546396890919084500e+15
2.546464399664053500e+15
2.546434604697780000e+15
2.546403355860547500e+15
2.546415532144853000e+15
2.546435103607851000e+15
2.546438668786798500e+15
2.546493626509711000e+15
2.546511625156258000e+15
2.546483133411545500e+15
2.546526076143943500e+15
2.546450123353448000e+15
2.546564682578086500e+15
2.546639829078483000e+15
2.546467206312728000e+15
2.546490009246474500e+15
2.546601047219567500e+15
2.546466449567929500e+15
2.546441905578326000e+15
2.546504473267383000e+15
2.546403022552067000e+15
2.546549090970097500e+15
2.546685822658464000e+15
2.546511498138090500e+15
2.546406060707317500e+15
2.546456347567195500e+15
2.546388217013473500e+15
2.546596161942715500e+15
2.546743579349923000e+15
2.546545721003989000e+15
2.546395322823077000e+15
2.546437500789785500e+15
2.546385804602272500e+15
2.546625606492942500e+15
2.546777863466191000e+15
2.546566813884017000e+15
2.546391964754243000e+15
2.546429386128566500e+15
2.546386064000332500e+15
2.546426845228842500e+15
2.546397380283702500e+15
2.546550707643999000e+15
2.546634702809282000e+15
2.546488123925706500e+15
2.546587932368301500e+15
2.546760352957079500e+15
2.546637635005611500e+15
2.546553800957360000e+15
2.546636946482569500e+15
2.546550643453288000e+15
2.546538708090806000e+15
2.546564496648664000e+15
2.546475020827118500e+15
2.546538038818499000e+15
2.546505817985013000e+15
2.546391008907204500e+15
2.546416222691329000e+15
2.546387765061199000e+15
2.546490380737519500e+15
2.546498554191091500e+15
2.546422248982265000e+15
2.546451732045399500e+15
2.546411180871184500e+15
2.546463892259045000e+15
2.546429523203090500e+15
2.546432688126061500e+15
2.546452536094783500e+15
2.546432687756520000e+15
2.546442965767802000e+15
2.546423939880945500e+15
2.546408860515449000e+15
2.546423965147465500e+15
2.546370550778092000e+15
2.546478878097837500e+15
2.546520880609627000e+15
2.546356948814107000e+15
2.546480174129312000e+15
2.546650393660478000e+15
2.546487302940734000e+15
2.546315912329814500e+15
2.546334547762943000e+15
