7.952216467762597500e+14
7.909497459752673750e+14
7.866979545587520000e+14
7.824664669942686250e+14
7.782554152139226250e+14
7.740649307803082500e+14
7.698951781617187500e+14
7.657463465067317500e+14
7.616186252026851250e+14
7.575121920723108750e+14
7.534272063811027500e+14
7.493638022389967500e+14
7.453220840588227500e+14
7.413021262095865000e+14
7.373039763663772500e+14
7.333276600554258750e+14
7.293731844497868750e+14
7.254405411440036250e+14
7.215297083420480000e+14
7.176406527217581250e+14
7.137733310654680000e+14
7.099276917814785000e+14
7.061036764527778750e+14
7.023012213676887500e+14
6.985202587302267500e+14
6.947607172088367500e+14
6.910225217614505000e+14
6.873055930412435000e+14
6.836098468578238750e+14
6.799351940603028750e+14
6.762815409156893750e+14
6.726487897564926250e+14
6.690368395485721250e+14
6.654455861439302500e+14
6.618749222139742500e+14
6.583247370375258750e+14
6.547949163686547500e+14
6.512853425493843750e+14
6.477958949066475000e+14
6.443264503348797500e+14
6.408768838828568750e+14
6.374470691873617500e+14
6.340368787116242500e+14
6.306461838714715000e+14
6.272748551827655000e+14
6.239227625161877500e+14
6.205897754447002500e+14
6.172757635901821250e+14
6.139805968691271250e+14
6.107041455962702500e+14
6.074462804804050000e+14
6.042068725893206250e+14
6.009857933517796250e+14
5.977829146177630000e+14
5.945981087472513750e+14
5.914312486758173750e+14
5.882822079245910000e+14
5.851508605654186250e+14
5.820370811854628750e+14
5.789407448953332500e+14
5.758617273942573750e+14
5.727999050697297500e+14
5.697551550933697500e+14
5.667273554870323750e+14
5.637163851603207500e+14
5.607221239413101875e+14
5.577444526232641875e+14
5.547832530339696250e+14
5.518384081148980625e+14
5.489098019892408125e+14
5.459973200055536875e+14
5.431008487596604375e+14
5.402202761086833750e+14
5.373554911900095000e+14
5.345063844474908750e+14
5.316728476569572500e+14
5.288547739411066250e+14
5.260520577703335625e+14
5.232645949546096875e+14
5.204922826351323750e+14
5.177350192809667500e+14
5.149927046890026250e+14
5.122652399811398750e+14
5.095525275938181875e+14
5.068544712600721250e+14
5.041709759885919375e+14
5.015019480443952500e+14
4.988472949321568750e+14
4.962069253794517500e+14
4.935807493162943750e+14
4.909686778497164375e+14
4.883706232353110625e+14
4.857864988490211250e+14
4.832162191611429375e+14
4.806596997120780625e+14
4.781168570879626875e+14
4.755876088949093125e+14
4.730718737322926875e+14
4.705695711666456875e+14
4.680806217073525625e+14
4.656049467839789375e+14
4.631424687241005000e+14
4.606931107306298125e+14
4.582567968586313125e+14
4.558334519924200625e+14
4.534230018236987500e+14
4.510253728307629375e+14
4.486404922581756875e+14
4.462682880963359375e+14
4.439086890609361875e+14
4.415616245728434375e+14
4.392270247389615625e+14
4.369048203341855000e+14
4.345949427841291875e+14
4.322973241482507500e+14
4.300118971033173750e+14
4.277385949274578125e+14
4.254773514850878750e+14
4.232281012127355000e+14
4.209907791055420000e+14
4.187653207041701875e+14
4.165516620820406250e+14
4.143497398329851875e+14
4.121594910594333125e+14
4.099808533611038125e+14
4.078137648240690000e+14
4.056581640100510625e+14
4.035139899459618125e+14
4.013811821137680000e+14
3.992596804407798750e+14
3.971494252903471875e+14
3.950503574529026875e+14
3.929624181372778125e+14
3.908855489623179375e+14
3.888196919488498750e+14
3.867647895120344375e+14
3.847207844540760625e+14
3.826876199572211250e+14
3.806652395770055000e+14
3.786535872357483750e+14
3.766526072163181875e+14
3.746622441561710625e+14
3.726824430416360625e+14
3.707131492024089375e+14
3.687543083062312500e+14
3.668058663537666875e+14
3.648677696736832500e+14
3.629399649179324375e+14
3.610223990572113750e+14
3.591150193765847500e+14
3.572177734712648125e+14
3.553306092425537500e+14
3.534534748939524375e+14
3.515863189274229375e+14
3.497290901397885625e+14
3.478817376192554375e+14
3.460442107420561250e+14
3.442164591692127500e+14
3.423984328434148125e+14
3.405900819859977500e+14
3.387913570940141250e+14
3.370022089373880625e+14
3.352225885561531250e+14
3.334524472577743750e+14
3.316917366145483125e+14
3.299404084610726875e+14
3.281984148917841875e+14
3.264657082585607500e+14
3.247422411683842500e+14
3.230279664810680625e+14
3.213228373070368750e+14
3.196268070051617500e+14
3.179398291806433750e+14
3.162618576829410000e+14
3.145928466037536250e+14
3.129327502750381875e+14
3.112815232670751875e+14
3.096391203865653750e+14
3.080054966747688125e+14
3.063806074056766875e+14
3.047644080842170625e+14
3.031568544444958125e+14
3.015579024480636875e+14
2.999675082822173125e+14
2.983856283583258125e+14
2.968122193101878125e+14
2.952472379924135625e+14
2.936906414788346250e+14
2.921423870609379375e+14
2.906024322463232500e+14
2.890707347571839375e+14
2.875472525288143750e+14
2.860319437081325625e+14
2.845247666522310625e+14
2.830256799269437500e+14
2.815346423054349375e+14
2.800516127668082812e+14
2.785765504947348438e+14
2.771094148760997188e+14
2.756501654996660000e+14
