2.891159324354404211e+07
2.767775214615658671e+07
2.645939715566178411e+07
2.525780419281284511e+07
2.407424722493050247e+07
2.290999426323864236e+07
2.176630295847446099e+07
2.064441581196799874e+07
1.954555502387365699e+07
1.847091700483647361e+07
1.742166658207807690e+07
1.639893093568580598e+07
1.540379330689045414e+07
1.443728651755342074e+07
1.350038636695573293e+07
1.259400494185004197e+07
1.171898424384449050e+07
1.087608823327038996e+07
1.006599823429411091e+07
9.289305322810191661e+06
8.546504585422739387e+06
7.837989425538539886e+06
7.164046321349288337e+06
6.524850127899877727e+06
5.920460017703876831e+06
5.350816155449457467e+06
4.815737201945601031e+06
4.314918740274424665e+06
3.847932712810294237e+06
3.414227951015246101e+06
3.013131870418616105e+06
2.643853390681023709e+06
2.305487124946834520e+06
1.997018863729577512e+06
1.717332356411462417e+06
1.465217368298902176e+06
1.239378963477585232e+06
1.038447934078409802e+06
8.609922658350293059e+05
7.055294990203693742e+05
5.705398142002240056e+05
4.544796450647941092e+05
3.557955972779125441e+05
2.729384341737108771e+05
2.043768784652155300e+05
1.486109749227743305e+05
1.041847629162888479e+05
6.969802029079050408e+04
4.381686038578238367e+04
2.528299335142309064e+04
1.292149739130976013e+04
5.646986717681494156e+03
2.468107049180439390e+03
2.490335425357984604e+03
4.917106724741530343e+03
9.049332659058740319e+03
1.428341843382313346e+04
2.010791625766412835e+04
2.609898235007892799e+04
3.191482433993136510e+04
3.728933867397527501e+04
4.202514296284031298e+04
4.598620652067527408e+04
4.909027442255431379e+04
5.130126713547889085e+04
5.262182022882050660e+04
5.308610795004809916e+04
5.275307166597025935e+04
5.170015036214158317e+04
5.001758650607958407e+04
4.780335742709404440e+04
4.515876061584842682e+04
4.218466151962098957e+04
3.897839487697160075e+04
3.563129563392866839e+04
3.222682312508543691e+04
2.883923249329316604e+04
2.553274017829734294e+04
2.236112557467851002e+04
1.936770843634169432e+04
1.658564104490193495e+04
1.403845529569942664e+04
1.174080741053644306e+04
9.699366682857917112e+03
7.913799230017823902e+03
6.377802914743844667e+03
5.080155170763996466e+03
4.005741216796860499e+03
3.136535886262952317e+03
2.452517882306215597e+03
1.932500562022077702e+03
1.554868260207936146e+03
1.298211607311201078e+03
1.141859228188397310e+03
1.066306599015656957e+03
1.053545679503015435e+03
1.087301233120186680e+03
1.153181519739381201e+03
1.238752324383870473e+03
1.333544112621272234e+03
1.429002523708636090e+03
1.518392477036304626e+03
1.596665927958366410e+03
1.660302818372010734e+03
1.707134076980744339e+03
1.736154683392686593e+03
1.747333865207613599e+03
1.741428490228197916e+03
1.719804684656921154e+03
1.684271685527342015e+03
1.636930949632732336e+03
1.580042614774775529e+03
1.515910560284931307e+03
1.446786555736410719e+03
1.374793328449529781e+03
1.301865826558791014e+03
1.229709506219285231e+03
1.159774126910224140e+03
1.093241292990360307e+03
1.031023825676623119e+03
9.737749787382595059e+02
9.219055134521855734e+02
8.756067129681223378e+02
8.348775320346428543e+02
7.995542338685277173e+02
7.693410509893066092e+02
7.438406108628328184e+02
7.225830808424190081e+02
7.050532018005042119e+02
6.907145888257418846e+02
6.790308744132198626e+02
6.694834499854947580e+02
6.615857218210142037e+02
6.548939352127341635e+02
6.490147346813503191e+02
6.436097180611850490e+02
6.383973088477101783e+02
6.331523156409458579e+02
6.277035717077557138e+02
6.219300538985239655e+02
6.157558709727445603e+02
6.091444895296017421e+02
6.020925339681775768e+02
5.946234579173852808e+02
5.867813409110758585e+02
5.786250180739566531e+02
5.702227042731931306e+02
5.616472293315480329e+02
5.529719589178762362e+02
5.442674377271139292e+02
5.355987583247256225e+02
5.270236310408358804e+02
5.185911077762714285e+02
5.103408955048630560e+02
5.023031834000793765e+02
4.944989004963827028e+02
4.869403181109140633e+02
4.796319123076067399e+02
4.725714058427226973e+02
4.657509156318533314e+02
4.591581401722470446e+02
4.527775309316440371e+02
4.465914019055275048e+02
4.405809418582452963e+02
4.347271037703009142e+02
4.290113553727443900e+02
4.234162830952514014e+02
4.179260490997077113e+02
4.125267072031530233e+02
4.072063883649213381e+02
4.019553700347402128e+02
3.967660460854323787e+02
3.916328153892575301e+02
3.865519074587996897e+02
3.815211631120640732e+02
3.765397869872718388e+02
3.716080870848654740e+02
3.667272145058757928e+02
3.618989143262558628e+02
3.571252962299193996e+02
3.524086312270620738e+02
3.477511786024567755e+02
3.431550452458786253e+02
3.386220777641222526e+02
3.341537862974471409e+02
3.297512977800345197e+02
3.254153354968361782e+02
3.211462211849380424e+02
3.169438955887636098e+02
3.128079532743363416e+02
3.087376876014024560e+02
3.047321420140942223e+02
3.007901641918315363e+02
2.969104600754154717e+02
2.930916453050935502e+02
2.893322921530254348e+02
2.856309705678806381e+02
2.819862824587229397e+02
2.783968888044667551e+02
2.748615295766807094e+02
