1.912424279357639313e+09
1.073946696478447510e+12
1.719040821040866699e+11
3.726330009206327515e+11
5.938957080652950439e+11
4.373449638077011719e+11
1.711731979485735474e+11
8.034891373417947388e+10
1.888937184661690674e+11
2.885629458173573608e+11
2.485970005170335693e+11
1.419643834277498474e+11
7.321388756373428345e+10
6.776436668973252869e+10
1.017541444467428894e+11
1.358584236829903564e+11
1.334265437931822968e+11
8.751511422504692078e+10
3.599678625567910767e+10
2.620171045580427170e+10
5.746032254370242310e+10
8.312494414709458923e+10
7.279256471914007568e+10
4.175721516494425201e+10
2.004610448606311035e+10
1.966819589061044693e+10
3.334888565822770309e+10
4.537359486927413940e+10
4.180457004353914642e+10
2.324568278784557724e+10
7.974835233267914772e+09
1.125268949473076248e+10
2.491088471054214859e+10
2.920994761332932663e+10
1.949162188069408035e+10
8.272309594317485809e+09
6.097580818022438049e+09
1.150110211353934288e+10
1.660576435337672806e+10
1.537991992754491806e+10
8.649884593102993011e+09
3.675159420785607815e+09
5.609073062951443672e+09
1.034628725145801735e+10
1.065937791953761292e+10
6.477147043596644402e+09
3.370863984620008945e+09
4.036846909589515686e+09
6.250637945905457497e+09
6.922158252768818855e+09
5.232722132004666328e+09
3.080255015429446220e+09
2.880416731076759815e+09
4.339688653433666229e+09
4.962064973255342484e+09
3.867027489782153130e+09
2.631623167615789413e+09
2.552210272976885796e+09
3.254331857895529270e+09
3.641894955097640991e+09
3.124566002756831646e+09
2.284564116949209690e+09
2.182961307672348976e+09
2.767129927795495510e+09
2.982408628412702084e+09
2.487978442852916241e+09
2.012737934313285351e+09
2.109316502582023144e+09
2.474302792171808720e+09
2.495344476490082264e+09
2.116434134562353373e+09
1.890495383977612257e+09
2.081247356715367317e+09
2.275210522239549637e+09
2.142550487537627697e+09
1.913333910895414829e+09
1.895227790672495127e+09
2.035185590739593744e+09
2.078362167068161964e+09
1.949252054839911222e+09
1.843355901642249584e+09
1.896123855376432419e+09
1.975190421057340860e+09
1.938239060106483459e+09
1.849421715271365881e+09
1.834307424645521402e+09
1.888814698123302221e+09
1.905737426728170156e+09
1.852079158305540323e+09
1.815348250766442776e+09
1.839736109318944931e+09
1.864602598146480560e+09
1.846283838689003706e+09
1.813686485385886192e+09
1.811434226013109446e+09
1.834646248830352068e+09
1.835724017301741123e+09
1.809740354711193085e+09
1.800770315686198473e+09
1.815492712313015461e+09
1.821299214244824409e+09
1.807658445501188040e+09
1.795863480484317541e+09
1.802831687290769339e+09
1.811620832955635786e+09
1.802985561266687870e+09
1.793048160637236118e+09
1.797153650989218473e+09
1.802749954878159046e+09
1.798782141884509802e+09
1.791914155320505857e+09
1.792628523039173603e+09
1.797250672621616364e+09
1.795027400889137506e+09
1.790075414566999674e+09
1.790555561132540703e+09
1.792726978794724703e+09
1.791872102214179993e+09
1.789048298263372421e+09
1.788139650744708776e+09
1.789892556832301617e+09
1.789624149872346640e+09
1.787208284802571058e+09
1.786770807648624659e+09
1.787692665893204451e+09
1.787419746066984177e+09
1.785937666002492666e+09
1.785274554859051704e+09
1.785965681605913877e+09
1.785703288484437704e+09
1.784446243864718437e+09
1.784127876545477867e+09
1.784407892514040232e+09
1.784082486567724943e+09
1.783224223281396627e+09
1.782874777167886972e+09
1.783043184209390640e+09
1.782649796369890928e+09
1.781961092498677731e+09
1.781745963882282972e+09
1.781696415120002031e+09
1.781318058915493488e+09
1.780778727566176891e+09
1.780560987530442715e+09
1.780443204664388895e+09
1.780028062788060904e+09
1.779607948785480499e+09
1.779396255764679193e+09
1.779182521018945932e+09
1.778803738946955919e+09
1.778430145642647743e+09
1.778214891331885099e+09
1.777955690066908836e+09
1.777579734116289616e+09
1.777260574033488512e+09
1.777021721201054573e+09
1.776728766457927465e+09
1.776371723845923901e+09
1.776077987250105143e+09
1.775817975844519615e+09
1.775499539681046724e+09
1.775169246343541384e+09
1.774880062820397377e+09
1.774597412122077942e+09
1.774275860063011885e+09
1.773955361486585379e+09
1.773667434167652607e+09
1.773367694939421892e+09
1.773044099996822357e+09
1.772733090304968834e+09
1.772438583311668873e+09
1.772126715446358442e+09
1.771804604469671726e+09
1.771498580356287718e+09
1.771193613547433615e+09
1.770874774560875893e+09
1.770556414993894815e+09
1.770248215835243940e+09
1.769934397951619148e+09
1.769612510637140036e+09
1.769296142992794752e+09
1.768982125904712200e+09
1.768662143532560349e+09
1.768339534028211355e+09
1.768021244100728750e+09
1.767701899407278061e+09
1.767377428303390026e+09
1.767053935137518167e+09
1.766732267958407879e+09
1.766407669757560253e+09
1.766080433711041927e+09
1.765755041556096554e+09
1.765429132142422915e+09
1.765100114044056177e+09
1.764770931999676466e+09
1.764442398312150478e+09
1.764112067843930960e+09
1.763779913381043434e+09
1.763448292337102413e+09
1.763115948801213026e+09
