2.885353461794074535e+09
9.531501595156014404e+11
1.702861249953724365e+11
3.787217614621781616e+11
5.154695659526472778e+11
3.683343014575131836e+11
1.588240618434659729e+11
9.601909747737016296e+10
1.865475632820418396e+11
2.552733015428864746e+11
2.067531131019611206e+11
1.191703459120280457e+11
7.704016429218882751e+10
7.924874954247297668e+10
9.705897517626864624e+10
1.129811494771478271e+11
1.105411858402322540e+11
7.981036258476838684e+10
4.144120964487651062e+10
3.163086516242871857e+10
5.305399945398151398e+10
7.048907337085591125e+10
6.150113206378942108e+10
3.933770087386566925e+10
2.454614071358923721e+10
2.242739908827504349e+10
2.922750257214136505e+10
3.808539344020800018e+10
3.795957251949327850e+10
2.424740249048480225e+10
1.013867630547459602e+10
1.129510088045324707e+10
2.270757845824795532e+10
2.660103091787127304e+10
1.841079872613993454e+10
9.256764804884023666e+09
7.583114924934679031e+09
1.150129579924609756e+10
1.527745468993083382e+10
1.458793081437920761e+10
9.257252912449295044e+09
4.812676310485612869e+09
6.274154420851420403e+09
1.037178070487106514e+10
1.046967956943026543e+10
6.727170737927182198e+09
4.337622871829359055e+09
5.120273495620033264e+09
6.740618727950651169e+09
7.045856116415771484e+09
5.696318023160088539e+09
4.025219751608539581e+09
3.899879883942152977e+09
5.073248347362821579e+09
5.411684694629038811e+09
4.417017758132150650e+09
3.590782305689081192e+09
3.627424761623294353e+09
3.995123521258745670e+09
4.201230875025359154e+09
3.916371852465276718e+09
3.280011946059106827e+09
3.109903138558985233e+09
3.559644502457493305e+09
3.738955101153017521e+09
3.329483854089478970e+09
2.974512172158440113e+09
3.047521291546943188e+09
3.284654670652377605e+09
3.308799531985470295e+09
3.042760404315314293e+09
2.838000432892179489e+09
2.965934904928100109e+09
3.133924559433543205e+09
3.028909317157879353e+09
2.837320873313410282e+09
2.820876928423372746e+09
2.928319324882447243e+09
2.964645390294626713e+09
2.859928375037250519e+09
2.764943752334104061e+09
2.813369294242700577e+09
2.881646085930512905e+09
2.836074444246296406e+09
2.764679627336092949e+09
2.765774210893704891e+09
2.801333775985637188e+09
2.805741185202073097e+09
2.769127898983228207e+09
2.741318878655495167e+09
2.757144860342314243e+09
2.775224546603754044e+09
2.759171748253650188e+09
2.735354944085134506e+09
2.733774602511299133e+09
2.747951103568535805e+09
2.749181341080027103e+09
2.730175731894133091e+09
2.721187553359179497e+09
2.732240803863967419e+09
2.736421922853283882e+09
2.725080437530374527e+09
2.716363853342062473e+09
2.720573577603892803e+09
2.726661133022781372e+09
2.720707155412480831e+09
2.711880516822268963e+09
2.714445253133354187e+09
2.719258470720685005e+09
2.715257765147881031e+09
2.709524690308452129e+09
2.710192418613129616e+09
2.713129387958128452e+09
2.711169168472867489e+09
2.707025244478014469e+09
2.706984771872868061e+09
2.708661950296037197e+09
2.707439316174724102e+09
2.704835719606912613e+09
2.704234460316212177e+09
2.705113743224065304e+09
2.704427482771047592e+09
2.702514078140582085e+09
2.701893151547957420e+09
2.702184883724066734e+09
2.701727824583955288e+09
2.700380501243687630e+09
2.699538271601728916e+09
2.699749760130463123e+09
2.699333914443060398e+09
2.698060541826472759e+09
2.697507430365500450e+09
2.697490860284440041e+09
2.696930948985410213e+09
2.695980605872071266e+09
2.695462540987145901e+09
2.695291927148566723e+09
2.694704267616796494e+09
2.693904027153205872e+09
2.693453089951724052e+09
2.693132423965134144e+09
2.692556624095525742e+09
2.691859120885988712e+09
2.691410589990646839e+09
2.691033114024678707e+09
2.690426332507330894e+09
2.689819463320158958e+09
2.689370640492901325e+09
2.688917539083405972e+09
2.688337267494544029e+09
2.687760507183319092e+09
2.687308912976160049e+09
2.686816474710482597e+09
2.686232798157657146e+09
2.685701407079213619e+09
2.685222641588951111e+09
2.684700179259599209e+09
2.684135158939027786e+09
2.683613112967913151e+09
2.683115250028577328e+09
2.682574539653586864e+09
2.682022397217668533e+09
2.681501020271625996e+09
2.680984495800660610e+09
2.680435715166245937e+09
2.679888554461374760e+09
2.679365608236012936e+09
2.678830304032502651e+09
2.678278785612929344e+09
2.677734940725673199e+09
2.677201744057225704e+09
2.676656549850192070e+09
2.676100745256916046e+09
2.675557399720046997e+09
2.675014160657159328e+09
2.674458280829174995e+09
2.673903310653210163e+09
2.673354545107415676e+09
2.672800405427205563e+09
2.672239811827342510e+09
2.671682319720190525e+09
2.671125628036993504e+09
2.670563766635431290e+09
2.669998992195821285e+09
2.669436498081165791e+09
2.668872674984362602e+09
2.668303781974786758e+09
2.667734907242259979e+09
2.667166753069717407e+09
2.666595241098520756e+09
2.666021024406473160e+09
2.665447446061419487e+09
2.664872554550336838e+09
2.664294391634562016e+09
2.663715454926531315e+09
2.663136102544505596e+09
2.662554464032874107e+09
2.661970774713058949e+09
2.661386599589530468e+09
2.660801027372497082e+09
