2.451126762990789413e+09
1.008082781174915405e+12
1.721390915322104187e+11
3.701087983008491211e+11
5.513244845344674072e+11
4.026105457005934448e+11
1.597637982775671387e+11
8.401120347161859131e+10
1.898104507813094788e+11
2.730866047925828552e+11
2.236280511558631592e+11
1.259588591098258209e+11
7.491190319518115234e+10
7.529928471942730713e+10
9.919411726415206909e+10
1.223128919270424194e+11
1.201553803296048126e+11
8.286000684249504089e+10
3.859110475227392578e+10
2.922091507034072113e+10
5.532796595455956268e+10
7.582925336937339783e+10
6.574610035616467285e+10
4.021717145831054688e+10
2.303066410247559738e+10
2.125879081639133835e+10
3.042895884201218033e+10
4.099667739273867798e+10
4.001964796469108582e+10
2.399536547034988785e+10
8.778477098099529266e+09
1.094154319406567574e+10
2.383763502301509857e+10
2.793341804731977463e+10
1.872707815445433807e+10
8.605922412956016541e+09
6.912130812350228310e+09
1.153944509615675926e+10
1.582450255861726189e+10
1.487824333826021385e+10
8.937116212492666245e+09
4.261145098296217918e+09
5.967578712561666489e+09
1.035083002133576202e+10
1.049661077027805328e+10
6.584397690756136894e+09
3.937139342148877621e+09
4.612197916426146507e+09
6.433227646213021278e+09
6.993198573467748642e+09
5.564063690057956696e+09
3.569415332231742382e+09
3.339068114304546356e+09
4.753579399896361351e+09
5.290535373997763634e+09
4.152445506923365593e+09
3.077786864723662376e+09
3.138048734159902096e+09
3.715676363923042774e+09
3.955672980162301064e+09
3.512620854863881111e+09
2.809535066651488781e+09
2.721016679918386936e+09
3.223048750687951088e+09
3.372025282359656811e+09
2.926333002078552723e+09
2.559771489971815586e+09
2.642323589785151005e+09
2.902268125742365360e+09
2.929647125134014130e+09
2.639152235490923882e+09
2.418225898371279716e+09
2.557774929379535198e+09
2.744870506491244316e+09
2.637004731029695511e+09
2.423161517369479656e+09
2.401180035045922279e+09
2.526199345446599960e+09
2.568886608947937965e+09
2.452585881087544918e+09
2.349628074262201786e+09
2.399723546595270634e+09
2.476486738890222073e+09
2.435441188723816395e+09
2.352620117562884808e+09
2.345982891759035110e+09
2.393541976517088413e+09
2.404201517627560616e+09
2.356851712248520374e+09
2.324385239615375996e+09
2.347147391646562576e+09
2.368946553023092747e+09
2.348866825376820087e+09
2.320943107795705795e+09
2.321904030291158199e+09
2.339740775522063255e+09
2.338738035795391560e+09
2.317435354209411621e+09
2.309828548136933804e+09
2.321754203599732399e+09
2.325944319464262486e+09
2.314122521731387138e+09
2.304515932234150887e+09
2.309547870366649628e+09
2.316502523553413868e+09
2.309861159606460094e+09
2.300606434948129177e+09
2.303376755785974979e+09
2.308851640727743626e+09
2.305049477135326862e+09
2.298395236472115993e+09
2.299267808432387352e+09
2.303134465143101215e+09
2.300805038221450329e+09
2.296369137968486786e+09
2.296605850955024242e+09
2.298456637529424191e+09
2.297468982710994244e+09
2.294644207330976963e+09
2.293929976524855614e+09
2.295323669297421932e+09
2.294679463401567459e+09
2.292537641970083714e+09
2.292081330767899990e+09
2.292594409018894196e+09
2.292218359440754414e+09
2.290799402853024960e+09
2.290030163290380001e+09
2.290479770023831844e+09
2.290087568804876328e+09
2.288818274582105637e+09
2.288378649651526451e+09
2.288476810442809582e+09
2.288021269916197300e+09
2.287082413730071545e+09
2.286645683905454159e+09
2.286633599215581894e+09
2.286092309601693630e+09
2.285345614252322674e+09
2.285001348250775814e+09
2.284780856969108105e+09
2.284286030672916889e+09
2.283647516153755188e+09
2.283299464716311932e+09
2.283024600185888290e+09
2.282488238125734329e+09
2.281963351366090298e+09
2.281605580327422142e+09
2.281249867202047348e+09
2.280751291987471104e+09
2.280251078278476238e+09
2.279898527162091255e+09
2.279499467332064152e+09
2.278995777403728485e+09
2.278549228671732903e+09
2.278169620133682728e+09
2.277737592835542202e+09
2.277251864590023041e+09
2.276825588178473949e+09
2.276421866257904053e+09
2.275967323135227680e+09
2.275505796951694965e+09
2.275076638160134792e+09
2.274653545006723404e+09
2.274194517312199593e+09
2.273738337022163391e+09
2.273309571135682106e+09
2.272867042326320171e+09
2.272407360367729187e+09
2.271955701557006359e+09
2.271517891538487434e+09
2.271066029548876286e+09
2.270602527699712753e+09
2.270154466838696003e+09
2.269706112640182018e+09
2.269244427314951420e+09
2.268783783577536106e+09
2.268331123642934322e+09
2.267872696730114460e+09
2.267406890873000622e+09
2.266945878925830364e+09
2.266485787678873539e+09
2.266020189567103386e+09
2.265551996859889984e+09
2.265086840234778404e+09
2.264620458888874054e+09
2.264148866101651192e+09
2.263677858848675728e+09
2.263207949143804073e+09
2.262734818349284649e+09
2.262258971963850975e+09
2.261784394401407719e+09
2.261308736514824390e+09
2.260829771832914829e+09
2.260350478484225273e+09
2.259871074442656517e+09
2.259389580187776089e+09
2.258906160421203136e+09
2.258422673503535748e+09
2.257938034192708969e+09
