2.257451325496959209e+09
1.046573187512965088e+12
1.748782414589109192e+11
3.634365673048739624e+11
5.739933222673114014e+11
4.290270339900526733e+11
1.647947839616562805e+11
7.506008383625119019e+10
1.882172043176038513e+11
2.850901188397272339e+11
2.380189249286495361e+11
1.329269590650893707e+11
7.362156092555450439e+10
7.143051497844972229e+10
9.934197839006291199e+10
1.284992109390996552e+11
1.285250791675831909e+11
8.727862446959831238e+10
3.682650755279639435e+10
2.544172038514777374e+10
5.550835447805389404e+10
8.091833160539456177e+10
7.097324455370942688e+10
4.110458726130529022e+10
2.044493227657877731e+10
1.966846669261685181e+10
3.220400452888774872e+10
4.414852567304124451e+10
4.146146608559568024e+10
2.329744266061114502e+10
7.823209988618858337e+09
1.111552051537759209e+10
2.485002383252253342e+10
2.885682074929013443e+10
1.906932438445046234e+10
8.387766756549044609e+09
6.517279196905995369e+09
1.152564387314820290e+10
1.633938873511452675e+10
1.537787038761214638e+10
8.873344603491386414e+09
3.831797638609290600e+09
5.782399939047247887e+09
1.057203640961116219e+10
1.072933186991795731e+10
6.506237144483413696e+09
3.670396030829434872e+09
4.444724304026845932e+09
6.425137208034505844e+09
6.993625134869914055e+09
5.480752294323769569e+09
3.430807919610271931e+09
3.166228352447857380e+09
4.575369744528590202e+09
5.194421777751669884e+09
4.123641464729367733e+09
2.948174869804533005e+09
2.874370621497198105e+09
3.514955675957879066e+09
3.901441604550992966e+09
3.433628638159787655e+09
2.594255396352778912e+09
2.481973989457224846e+09
3.076459579641612053e+09
3.275702893137284279e+09
2.777032863091520786e+09
2.340215881071718216e+09
2.437390624317900658e+09
2.766910367138477802e+09
2.797399500171612263e+09
2.443631951457346439e+09
2.210182517483054638e+09
2.394990968043564796e+09
2.591776688934520245e+09
2.455343104050045013e+09
2.233994238304259300e+09
2.223156143203283787e+09
2.351250467094326019e+09
2.392480106766775131e+09
2.274435166902519703e+09
2.167010935871679306e+09
2.215923562458283424e+09
2.297631266100616455e+09
2.259419616576915741e+09
2.171390635297161102e+09
2.159775887314216137e+09
2.211665505957991600e+09
2.227027487065478802e+09
2.175725000516294003e+09
2.139574466110537767e+09
2.164383174009750366e+09
2.187996941613892078e+09
2.168041062949389458e+09
2.138848758934884548e+09
2.137381780534071922e+09
2.156671223508127689e+09
2.158951353478789806e+09
2.135461548140037298e+09
2.124671775024379253e+09
2.138922886692862511e+09
2.145570864623953819e+09
2.131615360801078320e+09
2.120128613115300179e+09
2.126939465123841286e+09
2.135200363260146856e+09
2.127072094179131031e+09
2.117119395066091061e+09
2.120930784638674259e+09
2.126629954348632097e+09
2.122409679948332787e+09
2.115660104215070963e+09
2.116522978495324850e+09
2.120681208852317095e+09
2.118481023835114956e+09
2.113704374454737663e+09
2.113952093345636606e+09
2.116062103022392273e+09
2.115114986099423170e+09
2.112212881335895777e+09
2.111390682198876143e+09
2.112930303962886810e+09
2.112489432443456411e+09
2.110190668284279585e+09
2.109660362357442141e+09
2.110370891209081888e+09
2.110069891500485897e+09
2.108576275962801456e+09
2.107790499874077797e+09
2.108357393614075661e+09
2.108045514346997738e+09
2.106725910671529531e+09
2.106294774313387871e+09
2.106486599298929453e+09
2.106087488632040977e+09
2.105136967480252743e+09
2.104704504488471270e+09
2.104785713331348419e+09
2.104290020605068207e+09
2.103523675118363380e+09
2.103230035119544506e+09
2.103071569052248955e+09
2.102602766820656776e+09
2.101988404303048134e+09
2.101674060358704567e+09
2.101454585660473585e+09
2.100952736141342163e+09
2.100448422538995504e+09
2.100135978872255564e+09
2.099825030189164162e+09
2.099360812369048834e+09
2.098891318161831617e+09
2.098579173293514013e+09
2.098225833075443983e+09
2.097755255256640434e+09
2.097343400109613895e+09
2.097004913106464624e+09
2.096616011450850725e+09
2.096166258259031773e+09
2.095772882451555490e+09
2.095415854531606913e+09
2.095001178423556089e+09
2.094572515146245956e+09
2.094186012853067875e+09
2.093804400637909889e+09
2.093383825313056707e+09
2.092965850581764936e+09
2.092578112726532221e+09
2.092177608687148094e+09
2.091755916291614532e+09
2.091344544622098207e+09
2.090948489724364996e+09
2.090537046210896969e+09
2.090113663398286819e+09
2.089706269423011541e+09
2.089299811435055256e+09
2.088878916651827335e+09
2.088458922727158070e+09
2.088047895444829941e+09
2.087631360350000143e+09
2.087206749857871294e+09
2.086787024303156614e+09
2.086369397225503922e+09
2.085945543987929344e+09
2.085519090964805603e+09
2.085096243621610165e+09
2.084672189255900383e+09
2.084242990007011175e+09
2.083814216180963755e+09
2.083387052428555727e+09
2.082956746549540281e+09
2.082523550586371899e+09
2.082091838535385370e+09
2.081659387570874453e+09
2.081223583090063810e+09
2.080787323164904833e+09
2.080351462125473499e+09
2.079913482793946505e+09
2.079473511300187111e+09
2.079033766437210083e+09
2.078592977188549519e+09
