1.762781735076887846e+09
1.105881009598720459e+12
1.613182728004735413e+11
3.783771732924680786e+11
6.097719827213922119e+11
4.447923297328858643e+11
1.691500336350615234e+11
7.756704221983100891e+10
1.927907616924442139e+11
2.970931809520451660e+11
2.539763911827083740e+11
1.410914491124145813e+11
7.089067667468374634e+10
6.914182063419500732e+10
1.060025382114883728e+11
1.388375396203867493e+11
1.337696748759164886e+11
8.720366003543194580e+10
3.659577993444361115e+10
2.731588896253300476e+10
5.843488384381710815e+10
8.401274530575346375e+10
7.353023855788122559e+10
4.203669801315955353e+10
2.004229505723295212e+10
1.996134973535920715e+10
3.397301642228712082e+10
4.580739354192292786e+10
4.191713677600507355e+10
2.336493158988889694e+10
8.174129588850475311e+09
1.132243327397754288e+10
2.490498046255213928e+10
2.937128525354966736e+10
1.973545981506058884e+10
8.315446773768272400e+09
5.943144997822573662e+09
1.139144670756930733e+10
1.665746851618041992e+10
1.551229309561731911e+10
8.701767768136775970e+09
3.520744001701496124e+09
5.357184675734722137e+09
1.029098538756757736e+10
1.082103941792816925e+10
6.493837788877872467e+09
3.087839473057833195e+09
3.785729886858572483e+09
6.279054516529423714e+09
6.997775456084526062e+09
5.081812567343345642e+09
2.816530147958055496e+09
2.752210242382923126e+09
4.338402060311093330e+09
4.893839565094286919e+09
3.671345124230279922e+09
2.447028133539071083e+09
2.471263832296709538e+09
3.182056564261199474e+09
3.486338711926891327e+09
2.953608066376398563e+09
2.170334986291867733e+09
2.075068072705729246e+09
2.620987019318095207e+09
2.834876232686670303e+09
2.360744287850015163e+09
1.883151551481490850e+09
1.967789279674064398e+09
2.330411346548934460e+09
2.359172323773796082e+09
1.987182583017520189e+09
1.750064373696505785e+09
1.929128265299327850e+09
2.138083249384506941e+09
2.016290972355201721e+09
1.768564833696789980e+09
1.742390828384900331e+09
1.899286093659446955e+09
1.946199825609689236e+09
1.804298081522145987e+09
1.696334642870226145e+09
1.756151731208828449e+09
1.837355377823437214e+09
1.797052818898401022e+09
1.704706280726154089e+09
1.691127035201537609e+09
1.749426039843988657e+09
1.765098597081529856e+09
1.708365618229939938e+09
1.672275171962772846e+09
1.698453022377385855e+09
1.723596158950099945e+09
1.704025297756929159e+09
1.670232775531837463e+09
1.669287218642300367e+09
1.693790317657582760e+09
1.693329643739102602e+09
1.666507055226094007e+09
1.658856263015642405e+09
1.673854622928715706e+09
1.678837426249561548e+09
1.665168898020647764e+09
1.653702928823978424e+09
1.660668277032934904e+09
1.669434926532203197e+09
1.660754035077614784e+09
1.650671821950178146e+09
1.654897120189672947e+09
1.660698112635146618e+09
1.656548407084323406e+09
1.649527291339410305e+09
1.650419555706847668e+09
1.655141366096078157e+09
1.652826658430338860e+09
1.647766232216218472e+09
1.648307359115739107e+09
1.650639111615165710e+09
1.649692317535623312e+09
1.646747352376670837e+09
1.645962577467600822e+09
1.647776489366268635e+09
1.647442994279639482e+09
1.644988356531121969e+09
1.644590685678207159e+09
1.645588981896534920e+09
1.645259149193251848e+09
1.643736559267522335e+09
1.643154186081162691e+09
1.643839499174983263e+09
1.643559308560590267e+09
1.642317192742628574e+09
1.641986247415250540e+09
1.642310364017572165e+09
1.641983093537137985e+09
1.641083762359910011e+09
1.640782807627307653e+09
1.640968687929324865e+09
1.640545087934484482e+09
1.639870010216558933e+09
1.639677462026202679e+09
1.639627657380372763e+09
1.639243596753373146e+09
1.638718469518492699e+09
1.638509952553024292e+09
1.638390650368836880e+09
1.637987689969397306e+09
1.637568078510918856e+09
1.637361612349234581e+09
1.637163425846670389e+09
1.636780942251425266e+09
1.636412204030575752e+09
1.636211015556676865e+09
1.635954582499216080e+09
1.635581046221019030e+09
1.635269752925261259e+09
1.635040689055450916e+09
1.634750711291655540e+09
1.634397359197194576e+09
1.634113912078131199e+09
1.633859589284340382e+09
1.633544931908650398e+09
1.633221811034292221e+09
1.632940052170268774e+09
1.632662786438473701e+09
1.632346920797744513e+09
1.632033388650540829e+09
1.631751760300995350e+09
1.631458563362915993e+09
1.631140647275171757e+09
1.630836186555340767e+09
1.630549066460745573e+09
1.630242535869609594e+09
1.629927035632136106e+09
1.629628122516087532e+09
1.629329205352852106e+09
1.629016991310841560e+09
1.628705142498447657e+09
1.628403637344995737e+09
1.628096578584454536e+09
1.627781011196881771e+09
1.627471358053835630e+09
1.627164380403588057e+09
1.626850860664165020e+09
1.626534767987166882e+09
1.626223677361643314e+09
1.625911036002195358e+09
1.625593069099054098e+09
1.625276697392085075e+09
1.624961962968256712e+09
1.624644025821224451e+09
1.624323778239457130e+09
1.624005453570753336e+09
1.623686403361493826e+09
1.623364337199859619e+09
1.623042267046722889e+09
1.622720746079270363e+09
1.622397438184409142e+09
1.622072414300001383e+09
1.621747892500877142e+09
1.621422701028724909e+09
