2.136741966238114548e+10
7.802915155611081543e+11
2.466653735695841980e+11
3.528955358039125977e+11
4.544687419705625610e+11
3.532535403821258545e+11
1.624996265402123718e+11
1.018062902085349121e+11
1.971090330662314148e+11
2.544418544812520447e+11
1.869974257244977417e+11
1.013935445533148193e+11
8.438916245466583252e+10
1.048189746627349701e+11
1.127198405318618317e+11
1.063546351955376740e+11
9.644566076872633362e+10
7.839292463971217346e+10
5.650464675337473297e+10
5.060944785353788757e+10
6.240281238513437653e+10
6.853959211364147949e+10
5.779338330740703583e+10
4.404728590739833069e+10
3.838048799605919647e+10
3.646203588486396790e+10
3.552634533241083527e+10
3.858325860615029907e+10
4.052936069244937134e+10
3.258407882234992218e+10
2.100213926593529129e+10
2.000929219000465012e+10
2.795735904058211136e+10
3.031389968669095993e+10
2.335329668519910049e+10
1.672351846392872620e+10
1.614006808832970047e+10
1.837404867476527023e+10
1.962947414690195084e+10
1.855071896072860336e+10
1.507448667339594841e+10
1.200762346467614555e+10
1.262693075124327278e+10
1.491680417113839912e+10
1.437705622705888176e+10
1.151911434327156830e+10
1.010618055918696022e+10
1.061784057275274467e+10
1.102062536897294044e+10
1.067695657178090096e+10
9.866523090278608322e+09
8.818638479369001389e+09
8.382031535680575371e+09
8.787095486325969696e+09
8.827832824420074463e+09
8.070163768667642593e+09
7.453472520082425117e+09
7.299984508286236763e+09
7.234754963745974541e+09
7.207015930721058846e+09
7.026287414770385742e+09
6.480426696552408218e+09
6.113601452369278908e+09
6.280119610268196106e+09
6.353360210811063766e+09
5.957928897650435448e+09
5.574225699202695847e+09
5.523150028541020393e+09
5.581538008480621338e+09
5.493215152106952667e+09
5.228056890915547371e+09
4.996633095291506767e+09
4.987186441907058716e+09
5.018554799060101509e+09
4.864220911615279198e+09
4.658349329059011459e+09
4.579356608648059845e+09
4.571312212579186440e+09
4.520566250073701859e+09
4.394312482747556686e+09
4.268198126918873787e+09
4.231373942350707531e+09
4.219789738533099174e+09
4.136996797093187332e+09
4.034272839376758575e+09
3.982285749545542717e+09
3.956098231774976254e+09
3.912824954670852184e+09
3.844497076479074001e+09
3.779879247779636860e+09
3.749097902758509636e+09
3.725006867420417309e+09
3.673622506239566803e+09
3.619691346021445274e+09
3.587981459015086174e+09
3.563822045837882042e+09
3.530326434350722790e+09
3.489068740298436165e+09
3.455564326808035374e+09
3.434681009847881794e+09
3.410794790759283543e+09
3.378569851132026196e+09
3.349913604862483501e+09
3.330116178949704170e+09
3.311769222733660221e+09
3.287816517356294632e+09
3.263217608153281689e+09
3.245943450356249809e+09
3.231423921569247723e+09
3.212415271785921574e+09
3.192823088109492302e+09
3.178160034880949020e+09
3.165815095555827141e+09
3.151084594583268642e+09
3.135439621362413883e+09
3.123275882056887150e+09
3.113031275188199520e+09
3.101087210828075886e+09
3.089007977585848331e+09
3.079106743850744724e+09
3.070288783330936432e+09
3.060932331714254379e+09
3.051562951136800766e+09
3.043352176781369209e+09
3.036066513302752018e+09
3.028757625934658527e+09
3.021305562438242435e+09
3.014581476178062916e+09
3.008769280895392418e+09
3.002909631294195175e+09
2.996911654048616409e+09
2.991607438502012253e+09
2.986891914338823318e+09
2.982137779553624630e+09
2.977416724137754917e+09
2.973166087241767406e+09
2.969349446561625004e+09
2.965533586988839626e+09
2.961756211859992027e+09
2.958374188217566013e+09
2.955293827280060291e+09
2.952188465457857132e+09
2.949174152251612663e+09
2.946490364731096745e+09
2.943957354699439526e+09
2.941434011215567112e+09
2.939041946678262234e+09
2.936852239010571480e+09
2.934779638420300484e+09
2.932727805512901306e+09
2.930783712114658833e+09
2.929004793808146477e+09
2.927280218529528618e+09
2.925595652091529369e+09
2.924009932603344440e+09
2.922524745863223553e+09
2.921089081287805080e+09
2.919684512705177307e+09
2.918364207871526718e+09
2.917114725054311275e+09
2.915892379245446205e+09
2.914708233796627045e+09
2.913586862183537960e+09
2.912514009380089760e+09
2.911457822758413792e+09
2.910438257926039219e+09
2.909469433184046268e+09
2.908524208401707649e+09
2.907597144404008865e+09
2.906703114045698166e+09
2.905841905981168270e+09
2.904995144866264343e+09
2.904165180937898636e+09
2.903363307018851280e+09
2.902579604420737743e+09
2.901806609521880627e+09
2.901049932326833725e+09
2.900312467493990421e+09
2.899585454084811211e+09
2.898867507255628586e+09
2.898163539380670071e+09
2.897470776637053013e+09
2.896785345603188515e+09
2.896107356370770454e+09
2.895439424771849632e+09
2.894778664202616215e+09
2.894122120844540119e+09
2.893472337711182594e+09
2.892829033832269192e+09
2.892189528807189941e+09
2.891553409223591805e+09
2.890922389736269951e+09
2.890294993610304356e+09
2.889669479143865108e+09
2.889047005114585400e+09
2.888427633024371147e+09
2.887809789251492023e+09
2.887193267973221302e+09
2.886578970967855453e+09
2.885965935884471416e+09
