2.660213267219725609e+09
9.904772992354520264e+11
1.781518270066517334e+11
3.656616563715885010e+11
5.402518475341026611e+11
3.999411215820791626e+11
1.630038856686137085e+11
8.288725067209710693e+10
1.846455647760890808e+11
2.701814087186695251e+11
2.234819067493781128e+11
1.252551097872775116e+11
7.327754593048475647e+10
7.460835896092536926e+10
9.900070582533074951e+10
1.210099405235446777e+11
1.183895317948534698e+11
8.245690332705912781e+10
3.924885743991262817e+10
2.907765036336417007e+10
5.409388181791248322e+10
7.499024025267568970e+10
6.590993266549963379e+10
4.041479276561791229e+10
2.263425107704734039e+10
2.084267282104655457e+10
3.045921104094517517e+10
4.111207097185428619e+10
3.984487053358283997e+10
2.376121313602732849e+10
8.804342739808986664e+09
1.114959378447936249e+10
2.396672423664233780e+10
2.786424151586547852e+10
1.858674800177805710e+10
8.661733145665609360e+09
7.223094240887464523e+09
1.178309515775447845e+10
1.576325576642482185e+10
1.478512010878266335e+10
9.142207668406171799e+09
4.588843305968871117e+09
6.095486409235195160e+09
1.036105211460754967e+10
1.062131560468486023e+10
6.789120304466175079e+09
4.111520992515184402e+09
4.787282760705168724e+09
6.607829164022315025e+09
7.110205362054200172e+09
5.696895441014306068e+09
3.803845246610120773e+09
3.572097265094833374e+09
4.882202670729630470e+09
5.410735661128435135e+09
4.366504937222370148e+09
3.316819019536507607e+09
3.311996211787829399e+09
3.859542277182021141e+09
4.141981304872666359e+09
3.734569377354069710e+09
3.010083558847515583e+09
2.888953475736511230e+09
3.403061235602859974e+09
3.581907549851311684e+09
3.130368365577924728e+09
2.740619315402409554e+09
2.828341937725462914e+09
3.107612447993355274e+09
3.131133554006883621e+09
2.824849336990272999e+09
2.608940338000355244e+09
2.764073585996577740e+09
2.945012694022327900e+09
2.822556063707806110e+09
2.618034098868347645e+09
2.609191171600224972e+09
2.723060569638017178e+09
2.756747747524362564e+09
2.651918339803060055e+09
2.553792227793774128e+09
2.595253583282550812e+09
2.670408883792376518e+09
2.634264263816010475e+09
2.552458998372251987e+09
2.544075789366062164e+09
2.590035232187885284e+09
2.601333065939042568e+09
2.555990086926956177e+09
2.523015961456801414e+09
2.544500576399659157e+09
2.566408293594913960e+09
2.546731248204569817e+09
2.519862117928684235e+09
2.520344248901300907e+09
2.536238734438066006e+09
2.536738536405416012e+09
2.516990734324250221e+09
2.507088489726264954e+09
2.518758965755207539e+09
2.524818179513842106e+09
2.512188412480523109e+09
2.501823669079628468e+09
2.507625481295968056e+09
2.514453978984026909e+09
2.507536059499293327e+09
2.498446516596654892e+09
2.501135077722141743e+09
2.506558372399611473e+09
2.502703976440640450e+09
2.496071259387936115e+09
2.496979043280266285e+09
2.500629924946874619e+09
2.498332105739028454e+09
2.493999421653014660e+09
2.494061374759534359e+09
2.495881311384495735e+09
2.494896523332229137e+09
2.492022724479036808e+09
2.491323742948075771e+09
2.492594506441831112e+09
2.491907280008825779e+09
2.489833443640746593e+09
2.489274581046970844e+09
2.489707681387031078e+09
2.489339816105068207e+09
2.487893004928461075e+09
2.487073846972768784e+09
2.487449843036395550e+09
2.487037678257498741e+09
2.485763186558632851e+09
2.485244726318230629e+09
2.485291434853783131e+09
2.484824873356320858e+09
2.483844309403839111e+09
2.483347067488785267e+09
2.483295642691223621e+09
2.482727012694715023e+09
2.481930401405340672e+09
2.481540554342926502e+09
2.481280701204576969e+09
2.480740333119914055e+09
2.480067359921818256e+09
2.479669240866919041e+09
2.479345961338433743e+09
2.478779248192739487e+09
2.478204413677394390e+09
2.477798883838460445e+09
2.477406110231230736e+09
2.476859937671335697e+09
2.476316636068884850e+09
2.475921127409498215e+09
2.475472961328732014e+09
2.474928872681158543e+09
2.474439582180119991e+09
2.474007942230134010e+09
2.473534561259388447e+09
2.473007767140082836e+09
2.472529222379307270e+09
2.472081983666997910e+09
2.471585241388660431e+09
2.471074051439998627e+09
2.470599665478934765e+09
2.470131712268416405e+09
2.469625500091186047e+09
2.469122990981916904e+09
2.468647890506053925e+09
2.468158537975194454e+09
2.467652009300430298e+09
2.467153774024210930e+09
2.466668283613372326e+09
2.466169343648456097e+09
2.465658939927739143e+09
2.465162819544570923e+09
2.464666840591691017e+09
2.464157627259248257e+09
2.463649095942370415e+09
2.463148007682127476e+09
2.462641561973094940e+09
2.462127704571346283e+09
2.461617831796947956e+09
2.461109282481886864e+09
2.460595028837201595e+09
2.460077940099871159e+09
2.459563770868868351e+09
2.459048170414945602e+09
2.458527521252553940e+09
2.458007037746583939e+09
2.457487479736175537e+09
2.456964883949894905e+09
2.456439243195358753e+09
2.455914617795571327e+09
2.455389047416880608e+09
2.454859928657750607e+09
2.454330265463363171e+09
2.453800496358494282e+09
2.453268450915236473e+09
2.452734362847448349e+09
2.452200065470358849e+09
2.451664511658565044e+09
