1.357932928342151172e+13
1.317248023634453125e+13
1.226971314681456055e+13
1.176050192085317773e+13
1.120046560327682227e+13
1.052091224123723828e+13
9.906825335029222656e+12
9.456886027650970703e+12
9.034864161944236328e+12
8.538612847468433594e+12
8.034197588219993164e+12
7.611370212287182617e+12
7.258005288084086914e+12
6.903435138844728516e+12
6.526519531965833008e+12
6.163165724346501953e+12
5.842470420308768555e+12
5.555424673350416992e+12
5.277057045897875977e+12
4.997710772089165039e+12
4.727871567659794922e+12
4.480620670681411133e+12
4.256360418752013672e+12
4.044406030768937988e+12
3.836390787119145020e+12
3.635192999535319336e+12
3.449306488771331543e+12
3.280641623833372070e+12
3.122020829845297363e+12
2.967148453594151367e+12
2.817989262147278320e+12
2.680254488692045898e+12
2.553881500934717285e+12
2.433907340836696777e+12
2.317828075913429688e+12
2.206998808510902832e+12
2.103297517487860352e+12
2.006744484180076172e+12
1.915372778901989014e+12
1.827314172050907959e+12
1.742831872788926758e+12
1.663513643541281982e+12
1.589389918046057861e+12
1.518755156881801514e+12
1.450566710634993164e+12
1.385532239727883545e+12
1.324569662992660645e+12
1.267041588071071777e+12
1.211883581446571533e+12
1.159013045378753662e+12
1.108929171977741699e+12
1.061677651926230103e+12
1.016756085920253174e+12
9.737471365704506836e+11
9.326441335636343994e+11
8.937244978273662109e+11
8.568909398944029541e+11
8.216598285560607910e+11
7.878480306954274902e+11
7.557299893942413330e+11
7.253336123340539551e+11
6.962775649032507324e+11
6.683858488139208984e+11
6.418158820735394287e+11
6.166130032096840820e+11
5.925636427990579834e+11
5.694877006429737549e+11
5.474254419681276245e+11
5.264585548191817627e+11
5.064518500970043945e+11
4.872488813745671997e+11
4.688543148426784058e+11
4.513182154979010010e+11
4.345762173973477783e+11
4.185066700913158569e+11
4.030932376358458862e+11
3.883691698643580933e+11
3.742831612970433350e+11
3.607676149670750122e+11
3.478045654877628174e+11
3.353847274553707275e+11
3.234899658894887085e+11
3.120862273900992432e+11
3.011332290053482666e+11
2.906265076294785156e+11
2.805585436986312256e+11
2.708932472345073242e+11
2.616107539116466675e+11
2.527011023459380798e+11
2.441496805327341919e+11
2.359394514971255798e+11
2.280502570376379395e+11
2.204734461394705505e+11
2.131975397185414124e+11
2.062048227087821960e+11
1.994848581902842712e+11
1.930298336312651978e+11
1.868255521317870789e+11
1.808594430817549744e+11
1.751275572144124756e+11
1.696206017197530212e+11
1.643284884377601929e+11
1.592496779618071594e+11
1.543771640535919495e+11
1.496738281831607056e+11
1.450985694303637695e+11
1.406960666712611389e+11
1.365175305359136353e+11
1.325011980402475891e+11
1.285850291379334869e+11
1.248212397652621613e+11
1.212400095701762390e+11
1.177724774618648529e+11
1.144062916264816132e+11
1.111922866689034882e+11
1.081055722860266571e+11
1.051047958665091705e+11
1.022195078944515381e+11
9.945786567472048950e+10
9.678123276340205383e+10
9.419319565141090393e+10
9.171412968390377808e+10
8.932100383410307312e+10
8.700069271827000427e+10
8.477057696639852905e+10
8.262428957004313660e+10
8.054344325977529907e+10
7.853492358189208984e+10
7.660346150188931274e+10
7.473478723048715210e+10
7.292511508764797974e+10
7.118168728812792969e+10
6.949900275018826294e+10
6.786803170432120514e+10
6.629145502661268616e+10
6.477084908695256805e+10
6.329901537914826965e+10
6.187256318651975250e+10
6.049414019359239197e+10
5.916193467503030396e+10
5.787064143393805695e+10
5.661931563490177155e+10
5.540909936132609558e+10
5.423753692908085632e+10
5.310112738405850983e+10
5.199944602881181335e+10
5.093283551917832184e+10
4.989940872019645691e+10
4.889721887802478027e+10
4.792694796351485443e+10
4.699145665206229401e+10
4.609539284699365234e+10
4.524471643912683868e+10
4.442871101897433472e+10
4.358886803052472687e+10
4.269488215573823547e+10
4.186217622178473663e+10
4.114311229302059937e+10
4.041475100334667206e+10
3.963232820988958740e+10
3.891682123824737549e+10
3.826912193370317078e+10
3.758171058699340057e+10
3.689971368619593811e+10
3.629077499530731964e+10
3.567876453854328918e+10
3.504913769686623383e+10
3.447226971656054688e+10
3.391515001389685059e+10
3.333959305922723007e+10
3.279623864283501816e+10
3.228186443159740067e+10
3.175590252499315643e+10
3.124682452061402512e+10
3.076793318744332123e+10
3.028671326627116013e+10
2.981403876658094788e+10
2.937129231597324371e+10
2.894169735207021332e+10
2.852791908670903397e+10
2.813622919842919540e+10
2.771155346820639420e+10
2.724683098092908478e+10
2.684216949004462814e+10
2.649635931864607239e+10
2.611070103087772369e+10
2.570314819219615555e+10
2.535572255184478378e+10
2.502128258880975342e+10
2.465045380280400848e+10
2.430708961602710342e+10
2.400056994698859787e+10
2.367715792778218460e+10
2.337329218222552490e+10
2.313295702727245331e+10
2.289728303292010880e+10
2.257253480179368210e+10
2.216994108539360428e+10
2.185656331850996017e+10
2.164675651438106155e+10
