2.078150162335706472e+09
1.060913864892400391e+12
1.707744554869826660e+11
3.726553603474569702e+11
5.853527722875014648e+11
4.298880244175668945e+11
1.672109518232586060e+11
7.919988088114942932e+10
1.901938309224340820e+11
2.884279871475931396e+11
2.436199590687589417e+11
1.347830842893517303e+11
7.104021034756085205e+10
7.176383498869200134e+10
1.049122791190517120e+11
1.327384844444796600e+11
1.271462589177688141e+11
8.476728288564913940e+10
3.833919192857982635e+10
2.916852846194524002e+10
5.694860649391625214e+10
7.986232631078625488e+10
7.033991204997116089e+10
4.204999378565694427e+10
2.172722054502082825e+10
2.025077565919694901e+10
3.213914426191825104e+10
4.390325256046827698e+10
4.158043772503440857e+10
2.392415975199361801e+10
8.288430832946795464e+09
1.089548791689387512e+10
2.454473753628474808e+10
2.915724510153971481e+10
1.948529116293542480e+10
8.241546530837440491e+09
6.222227918484157562e+09
1.165751907432053566e+10
1.653721533779432678e+10
1.522012760465800667e+10
8.697261645500862122e+09
3.889625929378200531e+09
5.756324644903401375e+09
1.037282211970535278e+10
1.066025179730806923e+10
6.531105460577973366e+09
3.513194399158624172e+09
4.217392182035431385e+09
6.363270049463704109e+09
6.970660351719764709e+09
5.319895424696209908e+09
3.226394735586351871e+09
3.032757992819098473e+09
4.482960088009768486e+09
5.084446915629366875e+09
3.957346186124688625e+09
2.749877839114240170e+09
2.736133959172927856e+09
3.424346244300868511e+09
3.745182208079067707e+09
3.229115127592204094e+09
2.443042733177092552e+09
2.359722372533386230e+09
2.917562324256040573e+09
3.102176184617076874e+09
2.613349414162674904e+09
2.180576513976673603e+09
2.286612670376498222e+09
2.608073306726679802e+09
2.618231326609021187e+09
2.278689495906245708e+09
2.061508773915439367e+09
2.225625240485210419e+09
2.415600245949133873e+09
2.297161201439679623e+09
2.071752629478093386e+09
2.049884752960389376e+09
2.185124092470064640e+09
2.228841593827957153e+09
2.105961016122829437e+09
1.998844307825995922e+09
2.047380406215244770e+09
2.130322629346547842e+09
2.094096831812759399e+09
2.001120267658014536e+09
1.988989614176513195e+09
2.046371502919858456e+09
2.059427183112599611e+09
2.004757840765584707e+09
1.970911960837836981e+09
1.996166327221344471e+09
2.019709312455237150e+09
1.999634606823921204e+09
1.968039066605236530e+09
1.968379987241898537e+09
1.990159299877830744e+09
1.988877510753207684e+09
1.964563135829681396e+09
1.957213396002043962e+09
1.970644723250655651e+09
1.975213001089137316e+09
1.962389784907971621e+09
1.951765660687283516e+09
1.957868888154493093e+09
1.965677050956135988e+09
1.958004690182350874e+09
1.948367516075037241e+09
1.951701072826504230e+09
1.957434271537203789e+09
1.953585761679432631e+09
1.946533527480853081e+09
1.947408887600387096e+09
1.951849949963327885e+09
1.949465652913443565e+09
1.944670451528651237e+09
1.945060471371721268e+09
1.947172487242317915e+09
1.946252124185564041e+09
1.943299100610947371e+09
1.942524361001623392e+09
1.944207644660530806e+09
1.943698882305893898e+09
1.941361068047058582e+09
1.940959118725081682e+09
1.941724468845917940e+09
1.941374146111567497e+09
1.939896022526357412e+09
1.939214824790770054e+09
1.939804363299230337e+09
1.939469338244127035e+09
1.938206622587258816e+09
1.937829828268887997e+09
1.938044186260618925e+09
1.937664840872821808e+09
1.936747136273794174e+09
1.936369351216002226e+09
1.936477097116465807e+09
1.936003623361894846e+09
1.935280579590096474e+09
1.935024854654237270e+09
1.934903564997025251e+09
1.934462183944694281e+09
1.933883537013088465e+09
1.933616267852668285e+09
1.933426902513154984e+09
1.932957943361868620e+09
1.932494300924741268e+09
1.932221193525461435e+09
1.931946289275493622e+09
1.931515940610833645e+09
1.931087560742042303e+09
1.930814214164209127e+09
1.930498132765846968e+09
1.930064464782377243e+09
1.929690362991240740e+09
1.929396109469288111e+09
1.929041706296381235e+09
1.928628214315664053e+09
1.928280684335904360e+09
1.927960315431292534e+09
1.927582432772764921e+09
1.927196359937612057e+09
1.926850116084577560e+09
1.926506819913148642e+09
1.926126323659537554e+09
1.925750032778521538e+09
1.925401917795566082e+09
1.925041850331387520e+09
1.924661042065320492e+09
1.924290403671828270e+09
1.923935915408636570e+09
1.923564716834272385e+09
1.923182911514039755e+09
1.922817311908431768e+09
1.922451821445477009e+09
1.922072811216870070e+09
1.921694452011606216e+09
1.921325502903574705e+09
1.920950980918159962e+09
1.920568210791214466e+09
1.920191043788334370e+09
1.919815860650424242e+09
1.919434297128003359e+09
1.919050480431963205e+09
1.918670619860898018e+09
1.918289326606921911e+09
1.917902955393779755e+09
1.917517485590587139e+09
1.917133595157945633e+09
1.916746447220110893e+09
1.916356764693949938e+09
1.915968778746095896e+09
1.915579865027333736e+09
1.915187866741753817e+09
1.914795624161678076e+09
1.914403738174093008e+09
1.914009895932775497e+09
1.913614190366180658e+09
1.913218838532479763e+09
1.912822515471844912e+09
