1.569035876865452000e+15
1.488527975084441750e+15
1.411846490165190500e+15
1.338823893634089750e+15
1.269277914373606500e+15
1.203045498713559500e+15
1.139973624457483000e+15
1.079920299469331625e+15
1.022748515849360000e+15
9.683228133057787500e+14
9.165134284853213750e+14
8.672015765035138750e+14
8.202803691054528750e+14
7.756512411899120000e+14
7.332196543628622500e+14
6.928936191211345000e+14
6.545853304903668750e+14
6.182136926422228750e+14
5.837052141001245000e+14
5.509929592372691875e+14
5.200142788454993125e+14
4.907076409077735625e+14
4.630094892624461250e+14
4.368528587345632500e+14
4.121685459904003750e+14
3.888876768317730000e+14
3.669435665994416250e+14
3.462719722208967500e+14
3.268105367925824375e+14
3.084984758888997500e+14
2.912767132163355000e+14
2.750880891927191875e+14
2.598774206987925625e+14
2.455915023097132500e+14
2.321791487109516250e+14
2.195912716364266562e+14
2.077809319129060625e+14
1.967032714850091562e+14
1.863152973205896562e+14
1.765756483972033750e+14
1.674444945359026562e+14
1.588835874259801250e+14
1.508564269265645938e+14
1.433285367941717188e+14
1.362677913121019219e+14
1.296445746472076562e+14
1.234315853831890312e+14
1.176034321501017500e+14
1.121363589994999531e+14
1.070081535672977969e+14
1.021979887357030156e+14
9.768613176427998438e+13
9.345373058416412500e+13
8.948277945537737500e+13
8.575616339524093750e+13
8.225769812186760938e+13
7.897214844069195312e+13
7.588521698633612500e+13
7.298352643282864062e+13
7.025462649424464844e+13
6.768701231000186719e+13
6.527011815655620312e+13
6.299425481847396094e+13
6.085047424027317969e+13
5.883040852161764844e+13
5.692617380904075781e+13
5.513034805992557031e+13
5.343594538367367969e+13
5.183636950867056250e+13
5.032540721422503906e+13
4.889727145296158594e+13
4.754662898783685156e+13
4.626857720637863281e+13
4.505859938197029688e+13
4.391252421844351562e+13
4.282648715684475781e+13
4.179689218697753125e+13
4.082037456901534375e+13
3.989376661779760938e+13
3.901407733304123438e+13
3.817848671301182812e+13
3.738434389616868750e+13
3.662916013997786719e+13
3.591058991923908594e+13
3.522640752215338281e+13
3.457449943584539453e+13
3.395287291821629297e+13
3.335966269224319141e+13
3.279313118104914062e+13
3.225166633119008984e+13
3.173377473828457422e+13
3.123806936113281250e+13
3.076325442731487891e+13
3.030811130825264844e+13
2.987149120664335938e+13
2.945231557865750000e+13
2.904957771369142188e+13
2.866233940316592969e+13
2.828972252848241406e+13
2.793089953806458203e+13
2.758508773970097266e+13
2.725154884145675781e+13
2.692959004571553125e+13
2.661856389520464453e+13
2.631786717133957812e+13
2.602693874557620703e+13
2.574525614582569531e+13
2.547233122386699219e+13
2.520770577492523828e+13
2.495094908945353516e+13
2.470165744721303906e+13
2.445945285710544141e+13
2.422398046515786719e+13
2.399490611101736328e+13
2.377191486158679688e+13
2.355471031433417188e+13
2.334301360880272656e+13
2.313656191431861328e+13
2.293510722574929688e+13
2.273841558264283203e+13
2.254626632461874609e+13
2.235845137616017969e+13
2.217477457204122656e+13
2.199505097972911719e+13
2.181910620913273438e+13
2.164677560877892969e+13
2.147790339145072266e+13
2.131234188460840234e+13
2.114995101719473047e+13
2.099059805690711328e+13
2.083415740737089453e+13
2.068051027196944922e+13
2.052954429051480859e+13
2.038115315977868750e+13
2.023523622949035156e+13
2.009169820653000781e+13
1.995044890141430859e+13
1.981140292871241016e+13
1.967447939327425391e+13
1.953960158487373047e+13
1.940669670611344531e+13
1.927569563259651172e+13
1.914653270948917578e+13
1.901914559021334375e+13
1.889347508863882031e+13
1.876946503652606641e+13
1.864706212105494922e+13
1.852621569647984375e+13
1.840687762088074219e+13
1.828900210995016406e+13
1.817254556781712109e+13
1.805746643120403516e+13
1.794372504791073438e+13
1.783128357093429297e+13
1.772010587071946484e+13
1.761015745919239844e+13
1.750140541101883984e+13
1.739381828211913867e+13
1.728736603634091797e+13
1.718201997165503125e+13
1.707775263378554297e+13
1.697453774064480273e+13
1.687235012221731250e+13
1.677116566175456250e+13
1.667096124575697461e+13
1.657171472391920703e+13
1.647340486709445117e+13
1.637601131767445898e+13
1.627951453740419531e+13
1.618389576130031445e+13
1.608913696114138086e+13
1.599522081556066211e+13
1.590213068038668164e+13
1.580985055653275781e+13
1.571836505871918945e+13
1.562765938483698438e+13
1.553771928591034961e+13
1.544853103946830078e+13
1.536008142507666211e+13
1.527235770112234180e+13
1.518534758244811523e+13
1.509903921861763477e+13
1.501342117301048828e+13
1.492848240280509766e+13
1.484421224027390234e+13
1.476060037471801953e+13
1.467763683564350977e+13
1.459531197777866602e+13
1.451361646681565820e+13
1.443254126538217969e+13
1.435207761934165039e+13
1.427221704467429883e+13
1.419295131517177930e+13
1.411427245091340820e+13
1.403617270750462109e+13
1.395864456589813086e+13
1.388168072263704102e+13
1.380527408023946484e+13
1.372941773790585352e+13
1.365410498306369336e+13
