1.174572930926336500e+15
9.043007523932870000e+14
6.919289540314702500e+14
5.312255749401712500e+14
4.130479961250448125e+14
3.275776658261565000e+14
2.663942718186956562e+14
2.227707704016159688e+14
1.912752719176722500e+14
1.675328955332858125e+14
1.484945867539879062e+14
1.324242817547910000e+14
1.184476997109967969e+14
1.060663525233582188e+14
9.492006447308562500e+13
8.480762468063318750e+13
7.573785778071593750e+13
6.786860511191639062e+13
6.137087275475781250e+13
5.631688436492310938e+13
5.264980103438625000e+13
5.019823057187158594e+13
4.869443023976011719e+13
4.780238674887921875e+13
4.717896766826284375e+13
4.654615813554961719e+13
4.572735977125557031e+13
4.463429853634894531e+13
4.322957014206600781e+13
4.150454380758322656e+13
3.947936014142996875e+13
3.721184655000041406e+13
3.479693732321283594e+13
3.235207563214355469e+13
2.999070659691237891e+13
2.779546718804210156e+13
2.580584984660741797e+13
2.402804755046376953e+13
2.245419487352187500e+13
2.107442329874421094e+13
1.987715786182792969e+13
1.884758329328391016e+13
1.796894646465633984e+13
1.722294261629518945e+13
1.658628878652333984e+13
1.602954381707824805e+13
1.552164444069769531e+13
1.503637027245273633e+13
1.455574756688201562e+13
1.407170281483747656e+13
1.358678752803116211e+13
1.311139528628107422e+13
1.265667353900647461e+13
1.222835224469615039e+13
1.182554331529373438e+13
1.144344521636668164e+13
1.107767555960540039e+13
1.072863439925476758e+13
1.040230544535274414e+13
1.010509273534520703e+13
9.837949535335898438e+12
9.596569018288669922e+12
9.375507238017886719e+12
9.169181539208730469e+12
8.970429899644945312e+12
8.772374443781815430e+12
8.572384211038588867e+12
8.371943129959841797e+12
8.172760740539552734e+12
7.974363198871957031e+12
7.777450737824206055e+12
7.586487999538143555e+12
7.403753073436036133e+12
7.228759423998923828e+12
7.063662304245412109e+12
6.909258731409071289e+12
6.762670643609916016e+12
6.623052587280030273e+12
6.489670566151037109e+12
6.360642641467892578e+12
6.236881294698694336e+12
6.118920863875560547e+12
6.005624819066146484e+12
5.896973313757209961e+12
5.791942120188404297e+12
5.688983722116920898e+12
5.588118106249587891e+12
5.488943556650869141e+12
5.391030909126307617e+12
5.294766534045199219e+12
5.199798095955111328e+12
5.105924637831188477e+12
5.013764060169951172e+12
4.923497005905652344e+12
4.835355764782266602e+12
4.749942166521668945e+12
4.667362522077617188e+12
4.587430409114652344e+12
4.509680229158290039e+12
4.433657246178021484e+12
4.359969878492881836e+12
4.288687052837278320e+12
4.218525174827290527e+12
4.149082605805238770e+12
4.081412316297717285e+12
4.015475112004008789e+12
3.950278400087834961e+12
3.886080154164405273e+12
3.823518616166603027e+12
3.762063361143891113e+12
3.701384275801649902e+12
3.642056912770211914e+12
3.584115676185896484e+12
3.527081436930286133e+12
3.471117607742735352e+12
3.416500620743787598e+12
3.362892400131416016e+12
3.310081843587015625e+12
3.258304714132570801e+12
3.207553618345035156e+12
3.157586627583323730e+12
3.108460011436344238e+12
3.060324715294810059e+12
3.013058416771789551e+12
2.966534174950274902e+12
2.920838540921116699e+12
2.876012725927354980e+12
2.831943856501516602e+12
2.788583301345480469e+12
2.745988652470730957e+12
2.704152868373160156e+12
2.662999770751012695e+12
2.622515796917656250e+12
2.582739469854645996e+12
2.543657095170911621e+12
2.505211716146895020e+12
2.467383488020348633e+12
2.430188881184526367e+12
2.393621380579297852e+12
2.357646658377469238e+12
2.322246599778713379e+12
2.287428156590414062e+12
2.253190701430315918e+12
2.219514638234286621e+12
2.186383387888749512e+12
2.153794937778349609e+12
2.121748382321929199e+12
2.090231650944041504e+12
2.059226432549395996e+12
2.028719706356201172e+12
1.998706558326700928e+12
1.969182807543166260e+12
1.940138950366378418e+12
1.911562675355740967e+12
1.883444390609418457e+12
1.855778628463362549e+12
1.828561138848009766e+12
1.801785697180735107e+12
1.775443969085311523e+12
1.749527689758452881e+12
1.724030084449250244e+12
1.698945512549420410e+12
1.674268362641149414e+12
1.649992294577405518e+12
1.626110377915947754e+12
1.602615755903015137e+12
1.579502068890192383e+12
1.556763456753522705e+12
1.534394335970014160e+12
1.512389189056655762e+12
1.490742512442146484e+12
1.469448813180281982e+12
1.448502653426241699e+12
1.427898791290601807e+12
1.407632292979408691e+12
1.387698764696069580e+12
1.368095138514458252e+12
1.348821571223356934e+12
1.329886123406257568e+12
1.311315593646514893e+12
1.293174033191271484e+12
1.275550123736625732e+12
1.258351557952161865e+12
1.240908864601500244e+12
1.222879913909492920e+12
1.205558064884566406e+12
1.189578528228825439e+12
1.173605724311117676e+12
1.157239459020947510e+12
1.141969904483530029e+12
1.127658331679524902e+12
1.112383550263271484e+12
1.095999462167171631e+12
1.080467820338756226e+12
1.066376024541984619e+12
1.052568289697699463e+12
1.038222239660277100e+12
1.023798969878247925e+12
1.010367275900406616e+12
9.974784432334689941e+11
9.840165131977895508e+11
9.707203154300323486e+11
9.584698714068059082e+11
9.462575843683387451e+11
9.338023918234188232e+11
9.223609805774197998e+11
9.117952925837218018e+11
9.005760075646850586e+11
8.880619034418004150e+11
8.755004876184688721e+11
8.645750428885341797e+11
8.545292957710477295e+11
8.435606449496186523e+11
8.322053813933892822e+11
8.221487686422700195e+11
8.124550932267822266e+11
8.019402468265059814e+11
7.918898373996925049e+11
7.827018937839274902e+11
7.730806302078937988e+11
7.634062536248918457e+11
7.545214346694495850e+11
7.455807238363480225e+11
7.364208481853479004e+11
7.278480790584547119e+11
7.194476397336682129e+11
7.108111290922325439e+11
7.025667060473594971e+11
6.946317703529876709e+11
6.865101261801209717e+11
6.785947642778280029e+11
6.710564606405893555e+11
6.634422507271926270e+11
6.558756026151510010e+11
6.486623621335616455e+11
6.415178638701645508e+11
6.343415267619422607e+11
6.274150193889492188e+11
6.206654420625314941e+11
6.139017214255129395e+11
6.072731030394992676e+11
6.008475734474626465e+11
5.944720410785205078e+11
5.881667970277779541e+11
5.820333887319477539e+11
5.760000298128402100e+11
5.700208474364992676e+11
5.641715675317839355e+11
5.584456342672349854e+11
5.527799181762260742e+11
5.472062389112770386e+11
5.417593730556147461e+11
5.363934146188392944e+11
5.310928782563709106e+11
5.258982806444294434e+11
5.208056126840368652e+11
5.157793498431005249e+11
5.108292535339779053e+11
5.059775940304749756e+11
5.012080366855746460e+11
4.965044484614174805e+11
4.918800481412828979e+11
4.873407278924644165e+11
4.828721124371342163e+11
4.784704992863944702e+11
4.741452157015355225e+11
4.698940475843601685e+11
4.657069235791765747e+11
4.615849562703583984e+11
4.575340011928143921e+11
4.535498927017139893e+11
4.496254570564387817e+11
4.457620742684577637e+11
4.419634062537564087e+11
4.382262905513536377e+11
4.345456771131466064e+11
4.309217352480414429e+11
4.273562979547293091e+11
4.238474256252056885e+11
4.203918556300761719e+11
4.169891027863853760e+11
4.136397709259116821e+11
4.103423969472857666e+11
4.070946051202227783e+11
4.038956748696114502e+11
4.007458598140835571e+11
3.976442044834938965e+11
3.945887290718209839e+11
3.915782381193558960e+11
3.886125990663652344e+11
3.856913899767729492e+11
3.828133067483341675e+11
3.799770198772661743e+11
3.771818738951907349e+11
3.744274601131619873e+11
3.717129654641382446e+11
3.690372873197692261e+11
3.663995635375153198e+11
3.637992674300324097e+11
3.612358309239255981e+11
