2.393518872536932500e+15
2.008263062191837750e+15
1.679985548219341500e+15
1.402106803491681750e+15
1.168795131656101750e+15
9.734485842635391250e+14
8.106210312544431250e+14
6.759061774410987500e+14
5.653196237706217500e+14
4.750721252558841875e+14
4.017161352311565625e+14
3.422573653629054375e+14
2.940492979383958750e+14
2.547295950619845312e+14
2.223467791153132500e+14
1.954690224377052500e+14
1.730869534955113438e+14
1.544033966834784375e+14
1.387026453186104531e+14
1.253819992463575781e+14
1.140424389637794844e+14
1.044821673877067031e+14
9.658006569204148438e+13
9.017689993615685938e+13
8.504604392658737500e+13
8.094825841857396875e+13
7.768491440856295312e+13
7.509017576829153125e+13
7.300257003959046875e+13
7.126135805847396875e+13
6.971724835365424219e+13
6.823447669775916406e+13
6.668467273362047656e+13
6.495799484823495312e+13
6.298982865851607031e+13
6.076889221324510156e+13
5.832538577598670312e+13
5.571673858495189062e+13
5.301364762467873438e+13
5.028569515279024219e+13
4.759136385111882031e+13
4.498185963622093750e+13
4.250856747037318750e+13
4.021743184306960156e+13
3.813850814138281250e+13
3.628149230270410938e+13
3.463732229427586328e+13
3.318177995692525391e+13
3.188243128718329688e+13
3.070839708740988672e+13
2.963482801286540234e+13
2.864331546381083984e+13
2.772239049335659375e+13
2.686700225501748438e+13
2.607370491521884766e+13
2.533593553086573438e+13
2.464613971953769531e+13
2.400006628500988281e+13
2.339658966512762891e+13
2.283288987669169531e+13
2.230261148397551953e+13
2.179945687257695703e+13
2.132039105469665625e+13
2.086436531742214453e+13
2.043003591236377734e+13
2.001617966843082031e+13
1.962167916769316406e+13
1.924394459601826562e+13
1.887892526105962109e+13
1.852327282574776953e+13
1.817510577511917188e+13
1.783362059560622656e+13
1.749906742153114062e+13
1.717235451853253516e+13
1.685396627898717773e+13
1.654395691198739648e+13
1.624262194644638086e+13
1.595028267722005078e+13
1.566665760662138086e+13
1.539092233324962109e+13
1.512227937850149414e+13
1.486029221981506250e+13
1.460467916916327148e+13
1.435499437369209180e+13
1.411080152611488086e+13
1.387203260072470508e+13
1.363896713661503320e+13
1.341198600536805859e+13
1.319133007355827344e+13
1.297690058325522070e+13
1.276830696686287109e+13
1.256509098386313672e+13
1.236685495264527930e+13
1.217332952743723633e+13
1.198438664285448242e+13
1.179988260845432227e+13
1.161950566895011914e+13
1.144284527112178516e+13
1.126955663777629883e+13
1.109941873574904102e+13
1.093224752103989844e+13
1.076785070248674609e+13
1.060608668863264258e+13
1.044688463630068555e+13
1.029018289336666797e+13
1.013592893954389258e+13
9.984131756303339844e+12
9.834870910540382812e+12
9.688239776681289062e+12
9.544293356716146484e+12
9.403060798912494141e+12
9.264563835435068359e+12
9.128794270035271484e+12
8.995704746735546875e+12
8.865222661408369141e+12
8.737251769219566406e+12
8.611682008497816406e+12
8.488397701317271484e+12
8.367275825187611328e+12
8.248202592762214844e+12
8.131093657754600586e+12
8.015895607452305664e+12
7.902579814355550781e+12
7.791135931907821289e+12
7.681560149856420898e+12
7.573838467615558594e+12
7.467940261534181641e+12
7.363829175420826172e+12
7.261469168456922852e+12
7.160821942929972656e+12
7.061853103580931641e+12
6.964535027021584961e+12
6.868839395061477539e+12
6.774734789737144531e+12
6.682190381553070312e+12
6.591176470971001953e+12
6.501662729661781250e+12
6.413619326632656250e+12
6.327018413455146484e+12
6.241833327653811523e+12
6.158038481518368164e+12
6.075608671766820312e+12
5.994518195605241211e+12
5.914742010017919922e+12
5.836256065397521484e+12
5.759037378752862305e+12
5.683064646714298828e+12
5.608316893794203125e+12
5.534772546492646484e+12
5.462410360600852539e+12
5.391209263973428711e+12
5.321147485329761719e+12
5.252203304228033203e+12
5.184356271572268555e+12
5.117586842648771484e+12
5.051875697873740234e+12
4.987203847570040039e+12
4.923553077351747070e+12
4.860906425947194336e+12
4.799247672275726562e+12
4.738560576599932617e+12
4.678829036548706055e+12
4.620036981985685547e+12
4.562168264197161133e+12
4.505207029991966797e+12
4.449137659304877930e+12
4.393944699015767090e+12
4.339613163680683105e+12
4.286128528087571777e+12
4.233476468882874512e+12
4.181642856308937988e+12
4.130613861890713379e+12
4.080375897561929199e+12
4.030915522138861328e+12
3.982219473003386230e+12
3.934274796016760742e+12
3.887068899570933594e+12
3.840589508460380371e+12
3.794824667572866699e+12
3.749762806143541016e+12
3.705393018378374512e+12
3.661705947363829590e+12
3.618696154791334961e+12
3.576368624821021484e+12
3.534754758409008301e+12
3.493942408757467285e+12
3.454051319332892578e+12
3.414874112814532227e+12
3.375356429904027344e+12
3.335535952715168457e+12
3.297412776878354980e+12
3.260707955382531250e+12
3.223419260971721191e+12
3.186433201597237305e+12
3.151122245775905762e+12
3.115890391582532227e+12
3.080574959899057129e+12
3.046615304533406738e+12
3.013028212720577637e+12
2.979379774235259277e+12
2.946820593337688477e+12
2.914697301077192383e+12
2.882615674106416992e+12
2.851442349465133301e+12
2.820689682701285156e+12
2.790075399258176270e+12
2.760238152759851562e+12
2.730791618439042969e+12
2.701555443557818848e+12
2.672993206475581055e+12
2.644797267376060547e+12
2.616858221915433594e+12
2.589509310996946777e+12
2.562510838229796387e+12
2.535794769406289062e+12
2.509600342366538086e+12
2.483746592714883301e+12
2.458185471217366211e+12
2.433089969977635254e+12
2.408328385710211426e+12
2.383859769457036621e+12
2.359810548593382812e+12
2.336089230652562012e+12
2.312655654560126953e+12
2.289602606455486328e+12
2.266870860128881836e+12
2.244419159622698242e+12
2.222314545886506348e+12
2.200523291512488770e+12
2.179003906778514648e+12
2.157802313842437012e+12
2.136904331821981689e+12
2.116270655415530762e+12
2.095929025866941895e+12
2.075879171427485352e+12
2.056086996972005615e+12
2.036564619930051025e+12
2.017320039215059570e+12
1.998327101896837402e+12
1.979585441404418701e+12
1.961105804325809082e+12
1.942871512297881348e+12
1.924873865374748779e+12
1.907121566808279297e+12
1.889607012714697998e+12
1.872318036308013428e+12
1.855258194733469238e+12
1.838426452696027100e+12
1.821811732442030029e+12
1.805411841517494629e+12
1.789228425500458740e+12
1.773254355540225098e+12
1.757483591193781250e+12
1.741916757373973389e+12
1.726550905451869873e+12
1.711379364926009033e+12
1.696399909787024902e+12
1.681611727632770996e+12
1.667010075925101807e+12
1.652590561518430176e+12
1.638351922429686279e+12
1.624291754795349609e+12
1.610405611307708008e+12
1.596690631772321289e+12
1.583145269869001221e+12
1.569766497169108398e+12
1.556550681393004639e+12
1.543495593210542480e+12
1.530599303652421631e+12
1.517858810082489014e+12
1.505271135102723633e+12
1.492834236775823486e+12
1.480546020481914307e+12
1.468403739917015381e+12
1.456404831893837158e+12
1.444547314399566895e+12
1.432829104274234375e+12
1.421247738046219727e+12
1.409800913527723389e+12
1.398486699035885010e+12
1.387303109579959717e+12
1.376247933339132812e+12
1.365319054671350098e+12
1.354514606508058350e+12
1.343832728696092285e+12
1.333271426054153809e+12
1.322828739786793457e+12
1.312502878752323486e+12
1.302292104424504395e+12
1.292194609098057617e+12
1.282208582044860107e+12
1.272332316253590088e+12
1.262564179591734619e+12
1.252902524519936279e+12
1.243345686505541992e+12
1.233892052514912109e+12
1.224540081427592529e+12
1.215288256775623047e+12
1.206135054741514160e+12
1.197078968677973389e+12
