1.559782991392574688e+14
6.922994774074457812e+13
2.669775136389551172e+13
1.759282133661484766e+13
2.400437045207333203e+13
3.170484561889358203e+13
3.509098231578600391e+13
3.401474076082557812e+13
2.997762199075600000e+13
2.428656023839369531e+13
1.840449120535675000e+13
1.382753475935548438e+13
1.129982265437604688e+13
1.049059393187570312e+13
1.050134934358635547e+13
1.064281628960379102e+13
1.065029640267540234e+13
1.041497340692486133e+13
9.800225906317117188e+12
8.773289686972358398e+12
7.527259420483470703e+12
6.357281869674468750e+12
5.455685487323517578e+12
4.841308727790820312e+12
4.444966968338662109e+12
4.199114174418100586e+12
4.038545815421559570e+12
3.877496110073895996e+12
3.643726217202967773e+12
3.331743137086858398e+12
2.992436242436067383e+12
2.672939175983010254e+12
2.391705807683045898e+12
2.165625620264055664e+12
2.012235246078412842e+12
1.910159130974689209e+12
1.799784044854153564e+12
1.645728252793971191e+12
1.473539339424190186e+12
1.330900987113978027e+12
1.231686924751837891e+12
1.154604468429353271e+12
1.081947686404250122e+12
1.012415223416615479e+12
9.439267776004489746e+11
8.715285005770731201e+11
7.983746052571851807e+11
7.327418943724934082e+11
6.769925656960427246e+11
6.270633675090014648e+11
5.825754431652551270e+11
5.478190690122304688e+11
5.212212561172152710e+11
4.960170057063246460e+11
4.690960452561856689e+11
4.407153416241535034e+11
4.113061150962556763e+11
3.820692300572949219e+11
3.561093505273970947e+11
3.362267964288751221e+11
3.209033355971589355e+11
3.068103038054306641e+11
2.935202697170490112e+11
2.817323086311138916e+11
2.703376601898516846e+11
2.575728859604401855e+11
2.436412083035421753e+11
2.301530832999103699e+11
2.182205978268235474e+11
2.087637635742067871e+11
2.017540939791156921e+11
1.956354335682991333e+11
1.892683240116779480e+11
1.825441661281282349e+11
1.754098097569386597e+11
1.677792023056934204e+11
1.601425769171159363e+11
1.533650837586912537e+11
1.479120737438840332e+11
1.436230103619249268e+11
1.398499348825583191e+11
1.358110004783365479e+11
1.310695350948000793e+11
1.259456996592214813e+11
1.211908909498218384e+11
1.170381973340376282e+11
1.132245731519291840e+11
1.096882921951334229e+11
1.064653530613152618e+11
1.033757052686962433e+11
1.002527289451729736e+11
9.705639788135440063e+10
9.381307299055117798e+10
9.062242477146478271e+10
8.764896518285360718e+10
8.501705817140516663e+10
8.265845830974365234e+10
8.035232556312780762e+10
7.793885723110797119e+10
7.544297650032376099e+10
7.297994018000193787e+10
7.066942921633740234e+10
6.855931434247719574e+10
6.660610005865103912e+10
6.472069854467823792e+10
6.281271093973767853e+10
6.086063152550437927e+10
5.892735524388318634e+10
5.711008485951330566e+10
5.543818431408463287e+10
5.385310219508036804e+10
5.228317199806728363e+10
5.071332332205451965e+10
4.916391605385003662e+10
4.765979001303626251e+10
4.622282056648355865e+10
4.485336181312086487e+10
4.353332614084416962e+10
4.224955536552440643e+10
4.099581145429426575e+10
3.976180251686785889e+10
3.855113663978907776e+10
3.738041933977497864e+10
3.625984405689994049e+10
3.518590585836499786e+10
3.414569422733023453e+10
3.312625077614544296e+10
3.212530886042335129e+10
3.114950874561841583e+10
3.020562713830561829e+10
2.929583258439394760e+10
2.841826606294742203e+10
2.756790087034940338e+10
2.673981915349610138e+10
2.593218098954659271e+10
2.514501524597316360e+10
2.438147710703860855e+10
2.364390199582751846e+10
2.292978611573460388e+10
2.223740893698928452e+10
2.156617152487251282e+10
2.091350649950952148e+10
2.027808164869245148e+10
1.966113335177117157e+10
1.906365483589893341e+10
1.848544298003567886e+10
1.792559083953940964e+10
1.738210372545145798e+10
1.685353061348269463e+10
1.634032079082884598e+10
1.584306644413175392e+10
1.536166647128310966e+10
1.489512893329521370e+10
1.444208363459992218e+10
1.400232107025549126e+10
1.357618154966330338e+10
1.316348400422574806e+10
1.276356500683505440e+10
1.237561457687159538e+10
1.199912844486632919e+10
1.163413474787671089e+10
1.128058365648224449e+10
1.093808843367756653e+10
1.060622742225107193e+10
1.028454568525794792e+10
9.972635488386362076e+09
9.670278760370056152e+09
9.377282818928382874e+09
9.093478415525838852e+09
8.818632696043466568e+09
8.552343502585252762e+09
8.294284863599739075e+09
8.044259363682707787e+09
7.802024461277731895e+09
7.567354120745499611e+09
7.340070211695322990e+09
7.119979195394331932e+09
6.906838078081883430e+09
6.700395652238042831e+09
6.500438632730923653e+09
6.306776753019575119e+09
6.119233071116651535e+09
5.937657224408419609e+09
5.761877506667299271e+09
5.591684399761941910e+09
5.426898720622512817e+09
5.267359818647828102e+09
5.112901216722536087e+09
4.963377661078704834e+09
4.818651683155488014e+09
4.678576717732317924e+09
4.543000763651050568e+09
4.411778439256856918e+09
4.284774804802134514e+09
4.161862359634304523e+09
4.042919106991325378e+09
3.927823945597807884e+09
3.816456697461767197e+09
3.708699937570774555e+09
3.604439957149305820e+09
3.503566965345398903e+09
3.405976801605073452e+09
3.311566188352738380e+09
3.220236800934529781e+09
3.131894198404812813e+09
3.046442637355365276e+09
2.963790991213169575e+09
2.883850705052138805e+09
2.806534686739650249e+09
2.731761828068443298e+09
2.659453182403763771e+09
2.589529444721531868e+09
2.521914848321820259e+09
2.456536533963225842e+09
2.393323013635229588e+09
2.332204744312642097e+09
2.273114854212226391e+09
2.215989541299699306e+09
2.160766507823048592e+09
2.107384125533251524e+09
2.055782806702041626e+09
2.005905413060167551e+09
1.957696700214573860e+09
1.911102841856298447e+09
1.866071881032672882e+09
1.822553748501713991e+09
1.780499444547439814e+09
1.739861012526698589e+09
1.700592417317841530e+09
1.662649423009836912e+09
1.625989124093187332e+09
1.590569911423948765e+09
1.556351279132193327e+09
1.523293647061761141e+09
1.491358818940806627e+09
1.460510301812979460e+09
1.430712800847261190e+09
1.401931777306861877e+09
1.374133560954991817e+09
1.347285717913925409e+09
1.321356978742970467e+09
1.296317137661050320e+09
1.272136862039706945e+09
1.248787617121502161e+09
1.226241810532298565e+09
1.204472796240827084e+09
1.183454755965351820e+09
1.163162727395563841e+09
1.143572533417326450e+09
1.124660734877343655e+09
1.106404647940684319e+09
1.088782346530703306e+09
1.071772601487154722e+09
1.055354850987996936e+09
1.039509226615373611e+09
1.024216499433297038e+09
1.009458026139650345e+09
9.952157659016132355e+08
9.814722854250980616e+08
9.682107366202324629e+08
9.554148014514482021e+08
9.430686702575715780e+08
9.311570648719410896e+08
9.196652134877880812e+08
9.085788177820497751e+08
8.978840512065241337e+08
8.875675474540421963e+08
8.776163717396184206e+08
8.680180063323924541e+08
8.587603489910426140e+08
8.498317022085605860e+08
8.412207541397020817e+08
8.329165635610345602e+08
8.249085524456735849e+08
8.171864911177380085e+08
8.097404857043117285e+08
8.025609762692983150e+08
7.956387237806636095e+08
7.889647952247053385e+08
7.825305530479099751e+08
7.763276450707250834e+08
7.703480009568070173e+08
7.645838237147681713e+08
7.590275772102531195e+08
7.536719771267216206e+08
7.485099822478815317e+08
7.435347884082667828e+08
7.387398228605968952e+08
7.341187363211039305e+08
7.296653929789772034e+08
7.253738630971401930e+08
7.212384183946701288e+08
7.172535262719056606e+08
7.134138425595610142e+08
7.097142045016336441e+08
7.061496250704231262e+08
7.027152875474834442e+08
6.994065400803200006e+08
6.962188906063119173e+08
6.931480010311399698e+08
