2.136741965619229507e+10
7.802915157694739990e+11
2.466653735861142273e+11
3.528955358425570068e+11
4.544687420991243286e+11
3.532535405348024902e+11
1.624996266192402344e+11
1.018062901998932190e+11
1.971090330359818726e+11
2.544418545143881531e+11
1.869974258323185730e+11
1.013935446592661133e+11
8.438916248155763245e+10
1.048189746224407196e+11
1.127198405027940826e+11
1.063546352287147827e+11
9.644566084819284058e+10
7.839292470795185852e+10
5.650464676223314667e+10
5.060944781633103180e+10
6.240281236537126923e+10
6.853959214668861389e+10
5.779338336495870972e+10
4.404728594265816498e+10
3.838048799208603668e+10
3.646203586232823181e+10
3.552634532796437836e+10
3.858325863520339966e+10
4.052936073021989441e+10
3.258407883579885483e+10
2.100213925565182114e+10
2.000929218175256729e+10
2.795735905041373444e+10
3.031389970932410049e+10
2.335329670324552155e+10
1.672351846555029869e+10
1.614006808227856636e+10
1.837404867845875549e+10
1.962947416145868683e+10
1.855071897361977768e+10
1.507448667819000816e+10
1.200762346496973228e+10
1.262693075400309753e+10
1.491680418000528717e+10
1.437705623700146294e+10
1.151911434797397423e+10
1.010618056140262222e+10
1.061784057761078262e+10
1.102062537580775261e+10
1.067695657809563065e+10
9.866523094942441940e+09
8.818638483145401001e+09
8.382031540955370903e+09
8.787095492592338562e+09
8.827832829052570343e+09
8.070163772536562920e+09
7.453472525174807549e+09
7.299984513996770859e+09
7.234754968843548775e+09
7.207015934727782249e+09
7.026287418779437065e+09
6.480426702092818260e+09
6.113601458129873276e+09
6.280119614466392517e+09
6.353360214509941101e+09
5.957928902369434357e+09
5.574225704843967438e+09
5.523150033682642937e+09
5.581538012263916969e+09
5.493215156044188499e+09
5.228056896200188637e+09
4.996633100701273918e+09
4.987186446284726143e+09
5.018554802881204605e+09
4.864220916155124664e+09
4.658349334461590767e+09
4.579356613507463455e+09
4.571312216549583435e+09
4.520566254316987991e+09
4.394312487754200935e+09
4.268198131979725838e+09
4.231373946694091797e+09
4.219789742622718334e+09
4.136996801819674492e+09
4.034272844395653248e+09
3.982285754112368584e+09
3.956098235987935543e+09
3.912824959162496567e+09
3.844497081382520676e+09
3.779879252476813316e+09
3.749097907077586651e+09
3.725006871860625744e+09
3.673622510991610527e+09
3.619691350751039982e+09
3.587981463450716019e+09
3.563822050257558346e+09
3.530326439024157524e+09
3.489068744995839596e+09
3.455564331316362381e+09
3.434681014298041344e+09
3.410794795367364407e+09
3.378569855805535793e+09
3.349913609398684978e+09
3.330116183435644627e+09
3.311769227315886497e+09
3.287816521991739273e+09
3.263217612712126255e+09
3.245943454863388538e+09
3.231423926143939018e+09
3.212415276395058155e+09
3.192823092671668053e+09
3.178160039411398411e+09
3.165815100123247147e+09
3.151084599177553177e+09
3.135439625923261166e+09
3.123275886601861954e+09
3.113031279755100250e+09
3.101087215409021378e+09
3.089007982148110867e+09
3.079106748403003693e+09
3.070288787899192810e+09
3.060932336286302090e+09
3.051562955699236393e+09
3.043352181339742184e+09
3.036066517869751453e+09
3.028757630502603531e+09
3.021305567000133991e+09
3.014581480740761757e+09
3.008769285460943699e+09
3.002909635859618187e+09
2.996911658611294746e+09
2.991607443066375732e+09
2.986891918903528690e+09
2.982137784117269039e+09
2.977416728701657295e+09
2.973166091806457520e+09
2.969349451125623226e+09
2.965533591551935673e+09
2.961756216424690723e+09
2.958374192782061100e+09
2.955293831843309879e+09
2.952188470021257877e+09
2.949174156816576481e+09
2.946490369295302391e+09
2.943957359262352467e+09
2.941434015779662609e+09
2.939041951243088245e+09
2.936852243574279308e+09
2.934779642983409882e+09
2.932727810077421665e+09
2.930783716679141998e+09
2.929004798371518135e+09
2.927280223093004227e+09
2.925595656656184673e+09
2.924009937167434692e+09
2.922524750426586151e+09
2.921089085851889133e+09
2.919684517269657612e+09
2.918364212435310364e+09
2.917114729617819786e+09
2.915892383809721470e+09
2.914708238360804558e+09
2.913586866747187138e+09
2.912514013943961143e+09
2.911457827322706223e+09
2.910438262490049839e+09
2.909469437747824192e+09
2.908524212965812206e+09
2.907597148968192577e+09
2.906703118609549046e+09
2.905841910545130253e+09
2.904995149430435658e+09
2.904165185501988411e+09
2.903363311582783699e+09
2.902579608984846592e+09
2.901806614086022377e+09
2.901049936890869141e+09
2.900312472058043003e+09
2.899585458649002075e+09
2.898867511819758415e+09
2.898163543944705486e+09
2.897470781201174259e+09
2.896785350167348862e+09
2.896107360934905529e+09
2.895439429335956573e+09
2.894778668766823292e+09
2.894122125408660889e+09
2.893472342275325775e+09
2.892829038396453857e+09
2.892189533371342659e+09
2.891553413787795544e+09
2.890922394300445557e+09
2.890294998174509525e+09
2.889669483708075523e+09
2.889047009678851128e+09
2.888427637588594913e+09
2.887809793815723419e+09
2.887193272537498951e+09
2.886578975532125950e+09
2.885965940448778152e+09
