2.660213267533082008e+09
9.904772992356253662e+11
1.781518270068462219e+11
3.656616563718275757e+11
5.402518475342403564e+11
3.999411215821317749e+11
1.630038856687352295e+11
8.288725067239611816e+10
1.846455647764641113e+11
2.701814087189054565e+11
2.234819067494526978e+11
1.252551097873845367e+11
7.327754593074354553e+10
7.460835896124079895e+10
9.900070582556686401e+10
1.210099405237250061e+11
1.183895317950693665e+11
8.245690332729249573e+10
3.924885744011956787e+10
2.907765036357778549e+10
5.409388181817854309e+10
7.499024025295356750e+10
6.590993266571112823e+10
4.041479276577413940e+10
2.263425107724116516e+10
2.084267282132365036e+10
3.045921104124394989e+10
4.111207097209394073e+10
3.984487053376649475e+10
2.376121313621403885e+10
8.804342740042013168e+09
1.114959378475572586e+10
2.396672423690832520e+10
2.786424151608796310e+10
1.858674800197727966e+10
8.661733145883646011e+09
7.223094241142351151e+09
1.178309515801521683e+10
1.576325576666467285e+10
1.478512010899887657e+10
9.142207668623456955e+09
4.588843306208174706e+09
6.095486409496988297e+09
1.036105211486052132e+10
1.062131560490559959e+10
6.789120304680642128e+09
4.111520992759228230e+09
4.787282760965874672e+09
6.607829164264833450e+09
7.110205362277589798e+09
5.696895441244777679e+09
3.803845246854876995e+09
3.572097265341379642e+09
4.882202670970879555e+09
5.410735661361664772e+09
4.366504937454551697e+09
3.316819019778773308e+09
3.311996212034453869e+09
3.859542277419384003e+09
4.141981305104619503e+09
3.734569377593016624e+09
3.010083559090453148e+09
2.888953475974557400e+09
3.403061235838722229e+09
3.581907550090387344e+09
3.130368365816996098e+09
2.740619315640475273e+09
2.828341937963966370e+09
3.107612448232376575e+09
3.131133554245532513e+09
2.824849337227550030e+09
2.608940338238560200e+09
2.764073586236115932e+09
2.945012694261337280e+09
2.822556063944601536e+09
2.618034099106379986e+09
2.609191171840214729e+09
2.723060569876552105e+09
2.756747747761432171e+09
2.651918340041471004e+09
2.553792228032664776e+09
2.595253583520976067e+09
2.670408884030301571e+09
2.634264264053935051e+09
2.552458998610481262e+09
2.544075789604996204e+09
2.590035232426178932e+09
2.601333066176761150e+09
2.555990087165353775e+09
2.523015961695447922e+09
2.544500576637855530e+09
2.566408293833035946e+09
2.546731248442801952e+09
2.519862118166962147e+09
2.520344249139598370e+09
2.536238734676270485e+09
2.536738536643393040e+09
2.516990734562468529e+09
2.507088489964586735e+09
2.518758965993592739e+09
2.524818179751780510e+09
2.512188412718739510e+09
2.501823669318004608e+09
2.507625481534198761e+09
2.514453979222169399e+09
2.507536059737572670e+09
2.498446516834931850e+09
2.501135077960355282e+09
2.506558372637731552e+09
2.502703976678875923e+09
2.496071259626255035e+09
2.496979043518491745e+09
2.500629925185101509e+09
2.498332105977290154e+09
2.493999421891276836e+09
2.494061374997721672e+09
2.495881311622783661e+09
2.494896523570462704e+09
2.492022724717161655e+09
2.491323743186280727e+09
2.492594506679983139e+09
2.491907280247018337e+09
2.489833443878914833e+09
2.489274581285200596e+09
2.489707681625216961e+09
2.489339816343248367e+09
2.487893005166655064e+09
2.487073847210984230e+09
2.487449843274596214e+09
2.487037678495717049e+09
2.485763186796872616e+09
2.485244726556459904e+09
2.485291435091984749e+09
2.484824873594507694e+09
2.483844309642047405e+09
2.483347067726934433e+09
2.483295642929417610e+09
2.482727012932914734e+09
2.481930401643543243e+09
2.481540554581166744e+09
2.481280701442735672e+09
2.480740333358144760e+09
2.480067360159988880e+09
2.479669241105078220e+09
2.479345961576526165e+09
2.478779248430933952e+09
2.478204413915585518e+09
2.477798884076662540e+09
2.477406110469408512e+09
2.476859937909480572e+09
2.476316636307015419e+09
2.475921127647690773e+09
2.475472961566918373e+09
2.474928872919344902e+09
2.474439582418285370e+09
2.474007942468292236e+09
2.473534561497585297e+09
2.473007767378198624e+09
2.472529222617438793e+09
2.472081983905152321e+09
2.471585241626830578e+09
2.471074051678096294e+09
2.470599665717083454e+09
2.470131712506563187e+09
2.469625500329298973e+09
2.469122991220036507e+09
2.468647890744188786e+09
2.468158538213356018e+09
2.467652009538597584e+09
2.467153774262343407e+09
2.466668283851482868e+09
2.466169343886538029e+09
2.465658940165895462e+09
2.465162819782721996e+09
2.464666840829800129e+09
2.464157627497400284e+09
2.463649096180511951e+09
2.463148007920286179e+09
2.462641562211241722e+09
2.462127704809487343e+09
2.461617832035036564e+09
2.461109282720043182e+09
2.460595029075355053e+09
2.460077940337995529e+09
2.459563771106953621e+09
2.459048170653067112e+09
2.458527521490640640e+09
2.458007037984666824e+09
2.457487479974226475e+09
2.456964884188003540e+09
2.456439243433451176e+09
2.455914618033685684e+09
2.455389047654966354e+09
2.454859928895773888e+09
2.454330265701467991e+09
2.453800496596599102e+09
2.453268451153297901e+09
2.452734363085559845e+09
2.452200065708434105e+09
2.451664511896631718e+09
