1.569035876866924500e+15
1.488527975085835500e+15
1.411846490166510500e+15
1.338823893635340250e+15
1.269277914374790250e+15
1.203045498714679500e+15
1.139973624458541750e+15
1.079920299470332750e+15
1.022748515850306750e+15
9.683228133066742500e+14
9.165134284861692500e+14
8.672015765043170000e+14
8.202803691062138750e+14
7.756512411906332500e+14
7.332196543635458750e+14
6.928936191217826250e+14
6.545853304909808750e+14
6.182136926428050000e+14
5.837052141006760000e+14
5.509929592377929375e+14
5.200142788459968125e+14
4.907076409082476250e+14
4.630094892628985625e+14
4.368528587349958125e+14
4.121685459908149375e+14
3.888876768321712500e+14
3.669435665998250000e+14
3.462719722212670000e+14
3.268105367929408750e+14
3.084984758892470000e+14
2.912767132166728125e+14
2.750880891930472812e+14
2.598774206991119375e+14
2.455915023100241875e+14
2.321791487112551250e+14
2.195912716367226250e+14
2.077809319131950312e+14
1.967032714852911250e+14
1.863152973208650625e+14
1.765756483974720938e+14
1.674444945361650938e+14
1.588835874262367500e+14
1.508564269268158438e+14
1.433285367944180000e+14
1.362677913123434688e+14
1.296445746474449688e+14
1.234315853834223594e+14
1.176034321503313750e+14
1.121363589997263281e+14
1.070081535675211094e+14
1.021979887359234531e+14
9.768613176449768750e+13
9.345373058437920312e+13
8.948277945559007812e+13
8.575616339545137500e+13
8.225769812207576562e+13
7.897214844089815625e+13
7.588521698654043750e+13
7.298352643303104688e+13
7.025462649444521875e+13
6.768701231020082812e+13
6.527011815675338281e+13
6.299425481866941406e+13
6.085047424046709375e+13
5.883040852180992969e+13
5.692617380923142188e+13
5.513034806011457031e+13
5.343594538386117188e+13
5.183636950885658594e+13
5.032540721440955469e+13
4.889727145314467188e+13
4.754662898801846875e+13
4.626857720655885156e+13
4.505859938214908594e+13
4.391252421862082812e+13
4.282648715702059375e+13
4.179689218715187500e+13
4.082037456918819531e+13
3.989376661796900781e+13
3.901407733321112500e+13
3.817848671318035938e+13
3.738434389633582031e+13
3.662916014014354688e+13
3.591058991940340625e+13
3.522640752231632812e+13
3.457449943600693750e+13
3.395287291837652734e+13
3.335966269240199219e+13
3.279313118120666406e+13
3.225166633134630078e+13
3.173377473843937891e+13
3.123806936128622266e+13
3.076325442746697656e+13
3.030811130840345703e+13
2.987149120679286719e+13
2.945231557880567578e+13
2.904957771383828516e+13
2.866233940331153516e+13
2.828972252862662500e+13
2.793089953820751172e+13
2.758508773984264844e+13
2.725154884159714062e+13
2.692959004585464062e+13
2.661856389534249609e+13
2.631786717147612891e+13
2.602693874571152344e+13
2.574525614595978906e+13
2.547233122399975000e+13
2.520770577505678906e+13
2.495094908958381641e+13
2.470165744734205859e+13
2.445945285723322266e+13
2.422398046528444922e+13
2.399490611114265234e+13
2.377191486171083594e+13
2.355471031445694922e+13
2.334301360892426562e+13
2.313656191443887891e+13
2.293510722586830859e+13
2.273841558276058984e+13
2.254626632473525000e+13
2.235845137627547266e+13
2.217477457215519531e+13
2.199505097984183984e+13
2.181910620924417578e+13
2.164677560888914062e+13
2.147790339155972266e+13
2.131234188471610156e+13
2.114995101730118750e+13
2.099059805701229297e+13
2.083415740747483203e+13
2.068051027207212109e+13
2.052954429061621875e+13
2.038115315987883984e+13
2.023523622958926172e+13
2.009169820662765234e+13
1.995044890151070312e+13
1.981140292880757031e+13
1.967447939336817969e+13
1.953960158496641406e+13
1.940669670620487891e+13
1.927569563268675000e+13
1.914653270957817969e+13
1.901914559030111719e+13
1.889347508872538672e+13
1.876946503661141406e+13
1.864706212113910156e+13
1.852621569656283203e+13
1.840687762096253125e+13
1.828900211003073828e+13
1.817254556789652734e+13
1.805746643128232812e+13
1.794372504798780469e+13
1.783128357101018750e+13
1.772010587079425391e+13
1.761015745926604297e+13
1.750140541109136719e+13
1.739381828219054102e+13
1.728736603641121094e+13
1.718201997172420898e+13
1.707775263385364844e+13
1.697453774071182031e+13
1.687235012228324219e+13
1.677116566181947070e+13
1.667096124582079688e+13
1.657171472398198633e+13
1.647340486715621484e+13
1.637601131773517383e+13
1.627951453746392578e+13
1.618389576135901953e+13
1.608913696119911133e+13
1.599522081561739648e+13
1.590213068044243945e+13
1.580985055658756445e+13
1.571836505877302930e+13
1.562765938488990234e+13
1.553771928596232617e+13
1.544853103951935938e+13
1.536008142512682617e+13
1.527235770117158789e+13
1.518534758249650000e+13
1.509903921866513867e+13
1.501342117305713477e+13
1.492848240285088477e+13
1.484421224031885742e+13
1.476060037476212500e+13
1.467763683568682422e+13
1.459531197782113281e+13
1.451361646685733789e+13
1.443254126542306055e+13
1.435207761938175195e+13
1.427221704471364648e+13
1.419295131521037695e+13
1.411427245095125977e+13
1.403617270754175195e+13
1.395864456593451758e+13
1.388168072267269531e+13
1.380527408027443750e+13
1.372941773794012109e+13
1.365410498309728125e+13
