1.912424282107138157e+09
1.073946696481153931e+12
1.719040821067050781e+11
3.726330009231575317e+11
5.938957080679476318e+11
4.373449638103956299e+11
1.711731979512474365e+11
8.034891373682023621e+10
1.888937184688463745e+11
2.885629458200505371e+11
2.485970005197283630e+11
1.419643834304450684e+11
7.321388756644001770e+10
6.776436669244915771e+10
1.017541444494548187e+11
1.358584236856923370e+11
1.334265437958816833e+11
8.751511422777169800e+10
3.599678625843898010e+10
2.620171045855122757e+10
5.746032254640272522e+10
8.312494414979681396e+10
7.279256472188618469e+10
4.175721516772290039e+10
2.004610448879706573e+10
1.966819589329136276e+10
3.334888566094384384e+10
4.537359487206076050e+10
4.180457004632409668e+10
2.324568279055828094e+10
7.974835235946810722e+09
1.125268949746102524e+10
2.491088471332487869e+10
2.920994761610498428e+10
1.949162188342443466e+10
8.272309597027480125e+09
6.097580820748717308e+09
1.150110211629511070e+10
1.660576435614516449e+10
1.537991993029790115e+10
8.649884595823362350e+09
3.675159423509506702e+09
5.609073065708339691e+09
1.034628725422702789e+10
1.065937792227929306e+10
6.477147046321541786e+09
3.370863987360643387e+09
4.036846912348472118e+09
6.250637948657059669e+09
6.922158255508243561e+09
5.232722134743486404e+09
3.080255018175088406e+09
2.880416733825057983e+09
4.339688656183158875e+09
4.962064976001100540e+09
3.867027492523628712e+09
2.631623170358686924e+09
2.552210275724876404e+09
3.254331860644921780e+09
3.641894957843959808e+09
3.124566005499375820e+09
2.284564119692708015e+09
2.182961310420446873e+09
2.767129930544464588e+09
2.982408631157347202e+09
2.487978445595458984e+09
2.012737937059037209e+09
2.109316505330725908e+09
2.474302794918667316e+09
2.495344479234338760e+09
2.116434137306818485e+09
1.890495386724098682e+09
2.081247359463449001e+09
2.275210524985974312e+09
2.142550490281230211e+09
1.913333913640862703e+09
1.895227793420476913e+09
2.035185593485897541e+09
2.078362169812755585e+09
1.949252057585543394e+09
1.843355904389319181e+09
1.896123858122893572e+09
1.975190423802841902e+09
1.938239062852424622e+09
1.849421718017637968e+09
1.834307427392295837e+09
1.888814700869606733e+09
1.905737429473966360e+09
1.852079161051950693e+09
1.815348253513010740e+09
1.839736112065229893e+09
1.864602600892701387e+09
1.846283841435424328e+09
1.813686488132279158e+09
1.811434228759596586e+09
1.834646251576903820e+09
1.835724020047980070e+09
1.809740357457582474e+09
1.800770318432718039e+09
1.815492715059511423e+09
1.821299216991061687e+09
1.807658448247656107e+09
1.795863483231031895e+09
1.802831690037260294e+09
1.811620835702063084e+09
1.802985564013407230e+09
1.793048163383924007e+09
1.797153653735833883e+09
1.802749957624782085e+09
1.798782144631194115e+09
1.791914158067203045e+09
1.792628525785907745e+09
1.797250675368278027e+09
1.795027403635820389e+09
1.790075417313835859e+09
1.790555563879337072e+09
1.792726981541432142e+09
1.791872104961034298e+09
1.789048301010249138e+09
1.788139653491554260e+09
1.789892559579200506e+09
1.789624152619208813e+09
1.787208287549592972e+09
1.786770810395628452e+09
1.787692668640146017e+09
1.787419748814030647e+09
1.785937668749563217e+09
1.785274557606125116e+09
1.785965684352977514e+09
1.785703291231501579e+09
1.784446246611855268e+09
1.784127879292638302e+09
1.784407895261210680e+09
1.784082489314939260e+09
1.783224226028540134e+09
1.782874779915100098e+09
1.783043186956624031e+09
1.782649799117118835e+09
1.781961095245987177e+09
1.781745966629574776e+09
1.781696417867324114e+09
1.781318061662822485e+09
1.780778730313514709e+09
1.780560990277839899e+09
1.780443207411769867e+09
1.780028065535465717e+09
1.779607951532959938e+09
1.779396258512186289e+09
1.779182523766450167e+09
1.778803741694514275e+09
1.778430148390236616e+09
1.778214894079454184e+09
1.777955692814539671e+09
1.777579736863915920e+09
1.777260576781164169e+09
1.777021723948741674e+09
1.776728769205706596e+09
1.776371726593672037e+09
1.776077989997919798e+09
1.775817978592264414e+09
1.775499542428844452e+09
1.775169249091377974e+09
1.774880065568287849e+09
1.774597414870001793e+09
1.774275862810907841e+09
1.773955364234537840e+09
1.773667436915597677e+09
1.773367697687404871e+09
1.773044102744816303e+09
1.772733093053032398e+09
1.772438586059731722e+09
1.772126718194464445e+09
1.771804607217812300e+09
1.771498583104438782e+09
1.771193616295627117e+09
1.770874777309072018e+09
1.770556417742145777e+09
1.770248218583497286e+09
1.769934400699905872e+09
1.769612513385449886e+09
1.769296145741132736e+09
1.768982128653085470e+09
1.768662146280956268e+09
1.768339536776626348e+09
1.768021246849178076e+09
1.767701902155732155e+09
1.767377431051907063e+09
1.767053937886057138e+09
1.766732270706925869e+09
1.766407672506113052e+09
1.766080436459672213e+09
1.765755044304752827e+09
1.765429134891097546e+09
1.765100116792783976e+09
1.764770934748398781e+09
1.764442401060928583e+09
1.764112070592725515e+09
1.763779916129807711e+09
1.763448295085971594e+09
1.763115951550062418e+09
