2.078150161507261992e+09
1.060913864891693970e+12
1.707744554863093567e+11
3.726553603464499512e+11
5.853527722866895752e+11
4.298880244170563354e+11
1.672109518224820862e+11
7.919988088012852478e+10
1.901938309215693970e+11
2.884279871469097900e+11
2.436199590680276794e+11
1.347830842885322723e+11
7.104021034674046326e+10
7.176383498786366272e+10
1.049122791182067719e+11
1.327384844436827393e+11
1.271462589170292358e+11
8.476728288486373901e+10
3.833919192772377777e+10
2.916852846110456085e+10
5.694860649313440704e+10
7.986232630999209595e+10
7.033991204913450623e+10
4.204999378485668945e+10
2.172722054425263596e+10
2.025077565837107086e+10
3.213914426104643250e+10
4.390325255965641022e+10
4.158043772428778076e+10
2.392415975119910431e+10
8.288430832080759048e+09
1.089548791605871964e+10
2.454473753550923157e+10
2.915724510074034882e+10
1.948529116209896088e+10
8.241546530025098801e+09
6.222227917692049026e+09
1.165751907349280167e+10
1.653721533695584297e+10
1.522012760386021233e+10
8.697261644715684891e+09
3.889625928549915791e+09
5.756324644061098099e+09
1.037282211889778709e+10
1.066025179651381493e+10
6.531105459761425018e+09
3.513194398329856396e+09
4.217392181216888428e+09
6.363270048653401375e+09
6.970660350909736633e+09
5.319895423882623672e+09
3.226394734767270088e+09
3.032757991999087811e+09
4.482960087196667671e+09
5.084446914818367958e+09
3.957346185310191631e+09
2.749877838296725750e+09
2.736133958355375767e+09
3.424346243484955311e+09
3.745182207268001556e+09
3.229115126780304909e+09
2.443042732357206345e+09
2.359722371714812279e+09
2.917562323445847511e+09
3.102176183805529118e+09
2.613349413344287872e+09
2.180576513159752369e+09
2.286612669562996864e+09
2.608073305913217545e+09
2.618231325793803692e+09
2.278689495089838982e+09
2.061508773099133492e+09
2.225625239671988010e+09
2.415600245135333538e+09
2.297161200622907639e+09
2.071752628662174225e+09
2.049884752146836519e+09
2.185124091654799461e+09
2.228841593012063980e+09
2.105961015308009148e+09
1.998844307010797739e+09
2.047380405399847031e+09
2.130322628531574011e+09
2.094096830997422218e+09
2.001120266842550516e+09
1.988989613361281157e+09
2.046371502104486704e+09
2.059427182297445774e+09
2.004757839950589180e+09
1.970911960022180319e+09
1.996166326406094074e+09
2.019709311640635014e+09
1.999634606008634806e+09
1.968039065789689779e+09
1.968379986426869392e+09
1.990159299062946320e+09
1.988877509937950850e+09
1.964563135014361382e+09
1.957213395186815500e+09
1.970644722435740709e+09
1.975213000273960590e+09
1.962389784092654228e+09
1.951765659872145891e+09
1.957868887339423895e+09
1.965677050140790701e+09
1.958004689367160320e+09
1.948367515259753466e+09
1.951701072011172771e+09
1.957434270721985102e+09
1.953585760864185572e+09
1.946533526665551662e+09
1.947408886785163403e+09
1.951849949148099184e+09
1.949465652098203421e+09
1.944670450713374615e+09
1.945060470556496859e+09
1.947172486427147388e+09
1.946252123370358944e+09
1.943299099795656919e+09
1.942524360186472893e+09
1.944207643845296383e+09
1.943698881490677357e+09
1.941361067231902122e+09
1.940959117909842253e+09
1.941724468030739784e+09
1.941374145296388388e+09
1.939896021711156607e+09
1.939214823975553751e+09
1.939804362484052658e+09
1.939469337428999186e+09
1.938206621772041559e+09
1.937829827453719139e+09
1.938044185445410967e+09
1.937664840057649612e+09
1.936747135458637714e+09
1.936369350400841236e+09
1.936477096301363707e+09
1.936003622546758175e+09
1.935280578774933577e+09
1.935024853839036465e+09
1.934903564181853294e+09
1.934462183129490852e+09
1.933883536197865009e+09
1.933616267037451982e+09
1.933426901698013544e+09
1.932957942546726704e+09
1.932494300109563112e+09
1.932221192710305452e+09
1.931946288460290432e+09
1.931515939795610189e+09
1.931087559926919222e+09
1.930814213349038363e+09
1.930498131950685024e+09
1.930064463967202425e+09
1.929690362176108599e+09
1.929396108654156446e+09
1.929041705481238604e+09
1.928628213500516653e+09
1.928280683520738840e+09
1.927960314616163969e+09
1.927582431957610607e+09
1.927196359122423172e+09
1.926850115269424915e+09
1.926506819097979307e+09
1.926126322844399214e+09
1.925750031963362694e+09
1.925401916980440855e+09
1.925041849516269445e+09
1.924661041250181675e+09
1.924290402856670380e+09
1.923935914593535900e+09
1.923564716019158363e+09
1.923182910698916912e+09
1.922817311093321562e+09
1.922451820630333900e+09
1.922072810401771069e+09
1.921694451196499586e+09
1.921325502088489532e+09
1.920950980103104115e+09
1.920568209976097107e+09
1.920191042973197699e+09
1.919815859835348606e+09
1.919434296312933207e+09
1.919050479616851330e+09
1.918670619045827150e+09
1.918289325791823864e+09
1.917902954578663826e+09
1.917517484775445700e+09
1.917133594342835188e+09
1.916746446405051470e+09
1.916356763878874302e+09
1.915968777931024551e+09
1.915579864212256908e+09
1.915187865926681280e+09
1.914795623346615314e+09
1.914403737359013557e+09
1.914009895117722511e+09
1.913614189551131010e+09
1.913218837717448235e+09
1.912822514656807184e+09
