2.257451332074639320e+09
1.046573187520199097e+12
1.748782414655151672e+11
3.634365673115944824e+11
5.739933222743038330e+11
4.290270339969948120e+11
1.647947839683477478e+11
7.506008384279713440e+10
1.882172043242248840e+11
2.850901188465062256e+11
2.380189249354782410e+11
1.329269590718330536e+11
7.362156093216075134e+10
7.143051498498866272e+10
9.934197839666304016e+10
1.284992109458055725e+11
1.285250791743215637e+11
8.727862447627862549e+10
3.682650755938705444e+10
2.544172039169555283e+10
5.550835448463971710e+10
8.091833161205891418e+10
7.097324456040744019e+10
4.110458726795510101e+10
2.044493228315063477e+10
1.966846669916659164e+10
3.220400453549275208e+10
4.414852567969847870e+10
4.146146609224991608e+10
2.329744266721434021e+10
7.823209995186098099e+09
1.111552052195329857e+10
2.485002383914034653e+10
2.885682075592931747e+10
1.906932439107254791e+10
8.387766763127556801e+09
6.517279203472768784e+09
1.152564387974722099e+10
1.633938874174512672e+10
1.537787039422982979e+10
8.873344610074153900e+09
3.831797645183475494e+09
5.782399945643464088e+09
1.057203641622760010e+10
1.072933187652786446e+10
6.506237151073599815e+09
3.670396037410986423e+09
4.444724310620522499e+09
6.425137214643260956e+09
6.993625141474894524e+09
5.480752300913310051e+09
3.430807926196831226e+09
3.166228359043453217e+09
4.575369751129549026e+09
5.194421784351099968e+09
4.123641471322441578e+09
2.948174876392714500e+09
2.874370628090275288e+09
3.514955682558764458e+09
3.901441611149863243e+09
3.433628644749614239e+09
2.594255402941939354e+09
2.481973996053561687e+09
3.076459586240123272e+09
3.275702899731196404e+09
2.777032869682975769e+09
2.340215887664162159e+09
2.437390630913113117e+09
2.766910373734761715e+09
2.797399506764693737e+09
2.443631958049230099e+09
2.210182524076397419e+09
2.394990974638852119e+09
2.591776695529337406e+09
2.455343110642745972e+09
2.233994244896501541e+09
2.223156149797850132e+09
2.351250473689506054e+09
2.392480113359896660e+09
2.274435173494865894e+09
2.167010942465718269e+09
2.215923569052791595e+09
2.297631272694120407e+09
2.259419623169983864e+09
2.171390641890517235e+09
2.159775893908169270e+09
2.211665512552075863e+09
2.227027493658757687e+09
2.175725007109398842e+09
2.139574472704354763e+09
2.164383180603608608e+09
2.187996948207291126e+09
2.168041069542678356e+09
2.138848765528386116e+09
2.137381787127787113e+09
2.156671230101971149e+09
2.158951360072088718e+09
2.135461554733332872e+09
2.124671781618186235e+09
2.138922893286462545e+09
2.145570871217251539e+09
2.131615367394553185e+09
2.120128619708886147e+09
2.126939471717412233e+09
2.135200369853535414e+09
2.127072100772526979e+09
2.117119401659683704e+09
2.120930791232128859e+09
2.126629960942087412e+09
2.122409686541729927e+09
2.115660110808403969e+09
2.116522985088742495e+09
2.120681215445685625e+09
2.118481030428420782e+09
2.113704381048102856e+09
2.113952099939034939e+09
2.116062109615705252e+09
2.115114992692748070e+09
2.112212887929274797e+09
2.111390688792175770e+09
2.112930310556194305e+09
2.112489439036746502e+09
2.110190674877532244e+09
2.109660368950688362e+09
2.110370897802318811e+09
2.110069898093696833e+09
2.108576282556042671e+09
2.107790506467260122e+09
2.108357400207245827e+09
2.108045520940201759e+09
2.106725917264715910e+09
2.106294780906555653e+09
2.106486605892047882e+09
2.106087495225160837e+09
2.105136974073402166e+09
2.104704511081548691e+09
2.104785719924459457e+09
2.104290027198141575e+09
2.103523681711410522e+09
2.103230041712665319e+09
2.103071575645284653e+09
2.102602773413706303e+09
2.101988410896075249e+09
2.101674066951703072e+09
2.101454592253471851e+09
2.100952742734349728e+09
2.100448429131989479e+09
2.100135985465250492e+09
2.099825036782156467e+09
2.099360818962023497e+09
2.098891324754760981e+09
2.098579179886429071e+09
2.098225839668406487e+09
2.097755261849533081e+09
2.097343406702503204e+09
2.097004919699356794e+09
2.096616018043726921e+09
2.096166264851891041e+09
2.095772889044377089e+09
2.095415861124458551e+09
2.095001185016357899e+09
2.094572521739063025e+09
2.094186019445894241e+09
2.093804407230660200e+09
2.093383831905839443e+09
2.092965857174492598e+09
2.092578119319284916e+09
2.092177615279891968e+09
2.091755922884311676e+09
2.091344551214808226e+09
2.090948496317020893e+09
2.090537052803557873e+09
2.090113669990914583e+09
2.089706276015633106e+09
2.089299818027686834e+09
2.088878923244489670e+09
2.088458929319777489e+09
2.088047902037410498e+09
2.087631366942603350e+09
2.087206756450469494e+09
2.086787030895698547e+09
2.086369403818038702e+09
2.085945550580469847e+09
2.085519097557311058e+09
2.085096250214084148e+09
2.084672195848398924e+09
2.084242996599463224e+09
2.083814222773407698e+09
2.083387059021025658e+09
2.082956753141981125e+09
2.082523557178803921e+09
2.082091845127797604e+09
2.081659394163287401e+09
2.081223589682431936e+09
2.080787329757297754e+09
2.080351468717836380e+09
2.079913489386293650e+09
2.079473517892514706e+09
2.079033773029523849e+09
2.078592983780836344e+09
