1.357932928345146289e+13
1.317248023637150977e+13
1.226971314684120508e+13
1.176050192087745703e+13
1.120046560329904297e+13
1.052091224125852930e+13
9.906825335049550781e+12
9.456886027669441406e+12
9.034864161960298828e+12
8.538612847483700195e+12
8.034197588233750000e+12
7.611370212299751953e+12
7.258005288094207031e+12
6.903435138854000000e+12
6.526519531973477539e+12
6.163165724353392578e+12
5.842470420313783203e+12
5.555424673354635742e+12
5.277057045900398438e+12
4.997710772091510742e+12
4.727871567661025391e+12
4.480620670682087891e+12
4.256360418751266602e+12
4.044406030768154297e+12
3.836390787117756348e+12
3.635192999533710449e+12
3.449306488769012207e+12
3.280641623831135254e+12
3.122020829842667969e+12
2.967148453591702148e+12
2.817989262144710449e+12
2.680254488689719238e+12
2.553881500932180664e+12
2.433907340834506348e+12
2.317828075911309570e+12
2.206998808509087891e+12
2.103297517485909912e+12
2.006744484178428467e+12
1.915372778900295898e+12
1.827314172049422852e+12
1.742831872787382568e+12
1.663513643539957520e+12
1.589389918044649414e+12
1.518755156880429688e+12
1.450566710633664551e+12
1.385532239726620117e+12
1.324569662991430176e+12
1.267041588069729004e+12
1.211883581445252441e+12
1.159013045377375488e+12
1.108929171976434570e+12
1.061677651924742676e+12
1.016756085918696899e+12
9.737471365689155273e+11
9.326441335620186768e+11
8.937244978257292480e+11
8.568909398926470947e+11
8.216598285542785645e+11
7.878480306936295166e+11
7.557299893923958740e+11
7.253336123321502686e+11
6.962775649012802734e+11
6.683858488119520264e+11
6.418158820715404053e+11
6.166130032076245117e+11
5.925636427969816895e+11
5.694877006408747559e+11
5.474254419660243530e+11
5.264585548170634766e+11
5.064518500948557739e+11
4.872488813724290771e+11
4.688543148405362549e+11
4.513182154957308350e+11
4.345762173951807861e+11
4.185066700891449585e+11
4.030932376336624756e+11
3.883691698621833496e+11
3.742831612948577881e+11
3.607676149648823242e+11
3.478045654855798950e+11
3.353847274531740723e+11
3.234899658872831421e+11
3.120862273878904419e+11
3.011332290031406250e+11
2.906265076272595215e+11
2.805585436964041138e+11
2.708932472322806702e+11
2.616107539094151917e+11
2.527011023436922913e+11
2.441496805304922180e+11
2.359394514948765259e+11
2.280502570353795166e+11
2.204734461372056274e+11
2.131975397162725220e+11
2.062048227065108643e+11
1.994848581880052490e+11
1.930298336289858093e+11
1.868255521295070190e+11
1.808594430794711914e+11
1.751275572121261902e+11
1.696206017174721375e+11
1.643284884354834900e+11
1.592496779595407410e+11
1.543771640513113708e+11
1.496738281808191528e+11
1.450985694279896851e+11
1.406960666689534302e+11
1.365175305336408539e+11
1.325011980379289551e+11
1.285850291355969543e+11
1.248212397629638214e+11
1.212400095678780518e+11
1.177724774595427856e+11
1.144062916241711884e+11
1.111922866665999451e+11
1.081055722837154388e+11
1.051047958642035675e+11
1.022195078921464844e+11
9.945786567240678406e+10
9.678123276109959412e+10
9.419319564910926819e+10
9.171412968158795166e+10
8.932100383179815674e+10
8.700069271597407532e+10
8.477057696408779907e+10
8.262428956773434448e+10
8.054344325748214722e+10
7.853492357958934021e+10
7.660346149957859802e+10
7.473478722819244385e+10
7.292511508535539246e+10
7.118168728582109070e+10
6.949900274788710022e+10
6.786803170203304291e+10
6.629145502431634521e+10
6.477084908465099335e+10
6.329901537685709381e+10
6.187256318423483276e+10
6.049414019129836273e+10
5.916193467273721313e+10
5.787064143165747833e+10
5.661931563262350464e+10
5.540909935904601288e+10
5.423753692681326294e+10
5.310112738182287598e+10
5.199944602661872101e+10
5.093283551707986450e+10
4.989940871832526398e+10
4.889721887667820740e+10
4.792694796336103058e+10
4.699145665455120850e+10
4.609539285450749207e+10
4.524471645210677338e+10
4.442871102456346893e+10
4.358886800562239838e+10
4.269488212264472961e+10
4.186217622433706665e+10
4.114311230669355011e+10
4.041475098850623322e+10
3.963232819215380096e+10
3.891682124488371277e+10
3.826912193398448944e+10
3.758171057230664062e+10
3.689971368402887726e+10
3.629077499796572876e+10
3.567876452997449493e+10
3.504913769174901581e+10
3.447226971752556610e+10
3.391515000907934189e+10
3.333959305424671936e+10
3.279623864194006348e+10
3.228186442836308289e+10
3.175590252104333878e+10
3.124682451866822433e+10
3.076793318459408569e+10
3.028671326328216553e+10
2.981403876445965195e+10
2.937129231329162216e+10
2.894169735014596558e+10
2.852791908567337036e+10
2.813622919571003723e+10
2.771155346405736542e+10
2.724683097779836273e+10
2.684216948796826172e+10
2.649635931650229645e+10
2.611070102817660904e+10
2.570314818926963425e+10
2.535572254956605148e+10
2.502128258683890915e+10
2.465045380033393860e+10
2.430708961373132706e+10
2.400056994581289673e+10
2.367715792812102509e+10
2.337329218533180618e+10
2.313295703429894257e+10
2.289728303626933289e+10
2.257253478639223862e+10
2.216994106722209549e+10
2.185656332289570236e+10
2.164675652064896393e+10
