2.885353468920803547e+09
9.531501595224522705e+11
1.702861250026947632e+11
3.787217614693752441e+11
5.154695659594240112e+11
3.683343014645294189e+11
1.588240618507414551e+11
9.601909748449620056e+10
1.865475632890364685e+11
2.552733015499900513e+11
2.067531131090571594e+11
1.191703459189863129e+11
7.704016429921440125e+10
7.924874954969424438e+10
9.705897518345919800e+10
1.129811494841253357e+11
1.105411858471948242e+11
7.981036259189909363e+10
4.144120965203245544e+10
3.163086516945985031e+10
5.305399946101123047e+10
7.048907337800462341e+10
6.150113207092797089e+10
3.933770088087393188e+10
2.454614072058525467e+10
2.242739909539320755e+10
2.922750257929625320e+10
3.808539344728184509e+10
3.795957252652740479e+10
2.424740249755233765e+10
1.013867631255038452e+10
1.129510088752637863e+10
2.270757846535776520e+10
2.660103092498287201e+10
1.841079873318572235e+10
9.256764811911399841e+09
7.583114932033851624e+09
1.150129580637356377e+10
1.527745469700081635e+10
1.458793082142753410e+10
9.257252919530899048e+09
4.812676317571737289e+09
6.274154427922264099e+09
1.037178071196064758e+10
1.046967957652352333e+10
6.727170744986951828e+09
4.337622878888403893e+09
5.120273502717220306e+09
6.740618735045317650e+09
7.045856123477998734e+09
5.696318030230797768e+09
4.025219758695379257e+09
3.899879891016168118e+09
5.073248354437015533e+09
5.411684701719039917e+09
4.417017765209677696e+09
3.590782312752855778e+09
3.627424768703979969e+09
3.995123528348380089e+09
4.201230882100195885e+09
3.916371859535890579e+09
3.280011953137589931e+09
3.109903145637529850e+09
3.559644509536850452e+09
3.738955108232889652e+09
3.329483861163259983e+09
2.974512179232713699e+09
3.047521298629125118e+09
3.284654677732406139e+09
3.308799539059657097e+09
3.042760411392747402e+09
2.838000439970610619e+09
2.965934912005254745e+09
3.133924566513176441e+09
3.028909324235362053e+09
2.837320880387896061e+09
2.820876935501796246e+09
2.928319331963060856e+09
2.964645397371133804e+09
2.859928382113592625e+09
2.764943759412473202e+09
2.813369301320810795e+09
2.881646093008578300e+09
2.836074451323930740e+09
2.764679634412743092e+09
2.765774217971920013e+09
2.801333783064510822e+09
2.805741192278784752e+09
2.769127906060572147e+09
2.741318885733723640e+09
2.757144867419944763e+09
2.775224553681617260e+09
2.759171755331157207e+09
2.735354951162461281e+09
2.733774609589425087e+09
2.747951110646424294e+09
2.749181348157442093e+09
2.730175738972072124e+09
2.721187560436953545e+09
2.732240810941657543e+09
2.736421929931214333e+09
2.725080444607931137e+09
2.716363860419728756e+09
2.720573584681933403e+09
2.726661140100442886e+09
2.720707162490146637e+09
2.711880523900090218e+09
2.714445260211096287e+09
2.719258477798429012e+09
2.715257772225543022e+09
2.709524697386122227e+09
2.710192425690977573e+09
2.713129395035906315e+09
2.711169175550517082e+09
2.707025251555856705e+09
2.706984778950623512e+09
2.708661957373781204e+09
2.707439323252427101e+09
2.704835726684607506e+09
2.704234467394063950e+09
2.705113750301804066e+09
2.704427489848728180e+09
2.702514085218404770e+09
2.701893158625703335e+09
2.702184890801879883e+09
2.701727831661686420e+09
2.700380508321453571e+09
2.699538278679458141e+09
2.699749767208167553e+09
2.699333921520730019e+09
2.698060548904247761e+09
2.697507437443273067e+09
2.697490867362155914e+09
2.696930956063128471e+09
2.695980612949798584e+09
2.695462548064852715e+09
2.695291934226237297e+09
2.694704274694455147e+09
2.693904034230940342e+09
2.693453097029389381e+09
2.693132431042881966e+09
2.692556631173208237e+09
2.691859127963696003e+09
2.691410597068377495e+09
2.691033121102370739e+09
2.690426339585075378e+09
2.689819470397867680e+09
2.689370647570606232e+09
2.688917546161132812e+09
2.688337274572217464e+09
2.687760514261041641e+09
2.687308920053814888e+09
2.686816481788134098e+09
2.686232805235359669e+09
2.685701414156919956e+09
2.685222648666663170e+09
2.684700186337338448e+09
2.684135166016733646e+09
2.683613120045575142e+09
2.683115257106280327e+09
2.682574546731255054e+09
2.682022404295320988e+09
2.681501027349278450e+09
2.680984502878355026e+09
2.680435722243882179e+09
2.679888561539019108e+09
2.679365615313675404e+09
2.678830311110151291e+09
2.678278792690582275e+09
2.677734947803331852e+09
2.677201751134884834e+09
2.676656556927819729e+09
2.676100752334582329e+09
2.675557406797680378e+09
2.675014167734801292e+09
2.674458287906826496e+09
2.673903317730844975e+09
2.673354552185096264e+09
2.672800412504884720e+09
2.672239818904985905e+09
2.671682326797826767e+09
2.671125635114624500e+09
2.670563773713026047e+09
2.669998999273437500e+09
2.669436505158816814e+09
2.668872682061940670e+09
2.668303789052383900e+09
2.667734914319890499e+09
2.667166760147344112e+09
2.666595248176117420e+09
2.666021031484087944e+09
2.665447453139036179e+09
2.664872561627934933e+09
2.664294398712174416e+09
2.663715462004155159e+09
2.663136109622149467e+09
2.662554471110488892e+09
2.661970781790609360e+09
2.661386606667097569e+09
2.660801034450064659e+09
