2.451126764482977867e+09
1.008082781176978760e+12
1.721390915338439026e+11
3.701087983024406738e+11
5.513244845363258057e+11
4.026105457025516968e+11
1.597637982792925415e+11
8.401120347304595947e+10
1.898104507827277832e+11
2.730866047942716370e+11
2.236280511577263184e+11
1.259588591115909424e+11
7.491190319670480347e+10
7.529928472084341431e+10
9.919411726567848206e+10
1.223128919287480621e+11
1.201553803313412628e+11
8.286000684411470032e+10
3.859110475376554108e+10
2.922091507181610489e+10
5.532796595613513947e+10
7.582925337103677368e+10
6.574610035781430817e+10
4.021717145986240387e+10
2.303066410396079254e+10
2.125879081791756439e+10
3.042895884361775208e+10
4.099667739435906219e+10
4.001964796625900269e+10
2.399536547187558365e+10
8.778477099632804871e+09
1.094154319562489128e+10
2.383763502458818817e+10
2.793341804888743591e+10
1.872707815601443100e+10
8.605922414499784470e+09
6.912130813887299538e+09
1.153944509771032143e+10
1.582450256018580055e+10
1.487824333982450676e+10
8.937116214034360886e+09
4.261145099831105232e+09
5.967578714110898018e+09
1.035083002289852142e+10
1.049661077183483315e+10
6.584397692299752235e+09
3.937139343688131332e+09
4.612197917974485397e+09
6.433227647769585609e+09
6.993198575022133827e+09
5.564063691604275703e+09
3.569415333773583412e+09
3.339068115851660252e+09
4.753579401452407837e+09
5.290535375551002502e+09
4.152445508466144085e+09
3.077786866265132427e+09
3.138048735710553646e+09
3.715676365477586746e+09
3.955672981709908962e+09
3.512620856406465054e+09
2.809535068199409962e+09
2.721016681470746040e+09
3.223048752237133026e+09
3.372025283905045033e+09
2.926333003625146866e+09
2.559771491521213531e+09
2.642323591334561825e+09
2.902268127289428711e+09
2.929647126680455208e+09
2.639152237039084435e+09
2.418225899919869423e+09
2.557774930926953316e+09
2.744870508038810730e+09
2.637004732577190876e+09
2.423161518917111874e+09
2.401180036593968391e+09
2.526199346994543552e+09
2.568886610495338917e+09
2.452585882635306835e+09
2.349628075810262680e+09
2.399723548142989159e+09
2.476486740437874317e+09
2.435441190271620750e+09
2.352620119110465527e+09
2.345982893306917667e+09
2.393541978065093040e+09
2.404201519175102711e+09
2.356851713796151161e+09
2.324385241163459778e+09
2.347147393194375515e+09
2.368946554570689678e+09
2.348866826924654007e+09
2.320943109343593597e+09
2.321904031838981152e+09
2.339740777069969654e+09
2.338738037343287945e+09
2.317435355757293224e+09
2.309828549684833527e+09
2.321754205147635460e+09
2.325944321012153625e+09
2.314122523279307365e+09
2.304515933782040596e+09
2.309547871914581776e+09
2.316502525101339340e+09
2.309861161154395103e+09
2.300606436496055126e+09
2.303376757333922386e+09
2.308851642275749683e+09
2.305049478683295727e+09
2.298395238020051956e+09
2.299267809980443478e+09
2.303134466691048145e+09
2.300805039769423485e+09
2.296369139516525745e+09
2.296605852503012657e+09
2.298456639077455044e+09
2.297468984259003639e+09
2.294644208878976345e+09
2.293929978072888374e+09
2.295323670845465183e+09
2.294679464949594021e+09
2.292537643518165588e+09
2.292081332315969467e+09
2.292594410566929340e+09
2.292218360988843441e+09
2.290799404401096821e+09
2.290030164838474274e+09
2.290479771571912766e+09
2.290087570352974892e+09
2.288818276130216122e+09
2.288378651199601650e+09
2.288476811990900040e+09
2.288021271464350224e+09
2.287082415278172493e+09
2.286645685453594685e+09
2.286633600763704300e+09
2.286092311149842739e+09
2.285345615800444126e+09
2.285001349798951149e+09
2.284780858517280579e+09
2.284286032221117496e+09
2.283647517701922894e+09
2.283299466264503956e+09
2.283024601734083176e+09
2.282488239673929214e+09
2.281963352914313793e+09
2.281605581875651360e+09
2.281249868750299931e+09
2.280751293535694122e+09
2.280251079826697350e+09
2.279898528710345268e+09
2.279499468880300045e+09
2.278995778951974869e+09
2.278549230219996452e+09
2.278169621681954384e+09
2.277737594383808613e+09
2.277251866138240337e+09
2.276825589726719856e+09
2.276421867806210995e+09
2.275967324683506966e+09
2.275505798499975681e+09
2.275076639708425999e+09
2.274653546555033207e+09
2.274194518860496998e+09
2.273738338570469379e+09
2.273309572684030533e+09
2.272867043874639511e+09
2.272407361916084290e+09
2.271955703105381489e+09
2.271517893086884499e+09
2.271066031097251892e+09
2.270602529248099327e+09
2.270154468387082577e+09
2.269706114188564777e+09
2.269244428863345146e+09
2.268783785125928879e+09
2.268331125191345215e+09
2.267872698278518200e+09
2.267406892421431541e+09
2.266945880474271297e+09
2.266485789227297306e+09
2.266020191115521908e+09
2.265551998408352852e+09
2.265086841783220768e+09
2.264620460437335968e+09
2.264148867650125980e+09
2.263677860397175789e+09
2.263207950692293644e+09
2.262734819897788048e+09
2.262258973512367725e+09
2.261784395949913979e+09
2.261308738063331604e+09
2.260829773381430149e+09
2.260350480032738209e+09
2.259871075991196632e+09
2.259389581736289978e+09
2.258906161969723701e+09
2.258422675052089214e+09
2.257938035741277695e+09
