1.762781739026128769e+09
1.105881009602611572e+12
1.613182728043444519e+11
3.783771732964755859e+11
6.097719827253867188e+11
4.447923297366726685e+11
1.691500336388699646e+11
7.756704222379437256e+10
1.927907616964807434e+11
2.970931809560218506e+11
2.539763911866065369e+11
1.410914491162588501e+11
7.089067667854139709e+10
6.914182063817074585e+10
1.060025382155517120e+11
1.388375396243721619e+11
1.337696748797689972e+11
8.720366003925952148e+10
3.659577993838523865e+10
2.731588896654838943e+10
5.843488384780196381e+10
8.401274530967680359e+10
7.353023856178292847e+10
4.203669801706513977e+10
2.004229506116453934e+10
1.996134973932768250e+10
3.397301642627175522e+10
4.580739354586554718e+10
4.191713677989708710e+10
2.336493159380082703e+10
8.174129592817753792e+09
1.132243327795255852e+10
2.490498046649008942e+10
2.937128525746659470e+10
1.973545981899250793e+10
8.315446777716694832e+09
5.943145001772472382e+09
1.139144671152078819e+10
1.665746852012337494e+10
1.551229309954684830e+10
8.701767772065174103e+09
3.520744005652247429e+09
5.357184679695489883e+09
1.029098539151432419e+10
1.082103942185792732e+10
6.493837792811680794e+09
3.087839477007143497e+09
3.785729890813070297e+09
6.279054520474417686e+09
6.997775460019279480e+09
5.081812571281303406e+09
2.816530151906347275e+09
2.752210246333280563e+09
4.338402064254570007e+09
4.893839569032458305e+09
3.671345128171084404e+09
2.447028137486418247e+09
2.471263836244788170e+09
3.182056568204167366e+09
3.486338715865684509e+09
2.953608070318684101e+09
2.170334990240057468e+09
2.075068076651663542e+09
2.620987023258129597e+09
2.834876236627066612e+09
2.360744291796008110e+09
1.883151555427757740e+09
1.967789283616276503e+09
2.330411350490512848e+09
2.359172327717931271e+09
1.987182586962120056e+09
1.750064377639511585e+09
1.929128269241818905e+09
2.138083253327620745e+09
2.016290976298802614e+09
1.768564837640522003e+09
1.742390832327797413e+09
1.899286097602589846e+09
1.946199829553065300e+09
1.804298085465349674e+09
1.696334646813609600e+09
1.756151735151901960e+09
1.837355381765987635e+09
1.797052822841786146e+09
1.704706284669539690e+09
1.691127039144290686e+09
1.749426043786880493e+09
1.765098601024500608e+09
1.708365622173121929e+09
1.672275175905800104e+09
1.698453026320179939e+09
1.723596162892788887e+09
1.704025301699905634e+09
1.670232779474863052e+09
1.669287222585035086e+09
1.693790321600376844e+09
1.693329647682058811e+09
1.666507059168958902e+09
1.658856266958441973e+09
1.673854626871570349e+09
1.678837430192475557e+09
1.665168901963524580e+09
1.653702932766854763e+09
1.660668280975896120e+09
1.669434930474956036e+09
1.660754039020446301e+09
1.650671825893064022e+09
1.654897124132500887e+09
1.660698116578010321e+09
1.656548411027201891e+09
1.649527295282252312e+09
1.650419559649686575e+09
1.655141370038908720e+09
1.652826662373206615e+09
1.647766236159062147e+09
1.648307363058509350e+09
1.650639115557994843e+09
1.649692321478427887e+09
1.646747356319476128e+09
1.645962581410402298e+09
1.647776493309085369e+09
1.647442998222453594e+09
1.644988360473894119e+09
1.644590689621021748e+09
1.645588985839362383e+09
1.645259153135987282e+09
1.643736563210299015e+09
1.643154190023910761e+09
1.643839503117732286e+09
1.643559312503330231e+09
1.642317196685387850e+09
1.641986251357979536e+09
1.642310367960333586e+09
1.641983097479809284e+09
1.641083766302649260e+09
1.640782811570007801e+09
1.640968691872068882e+09
1.640545091877202749e+09
1.639870014159266233e+09
1.639677465968879700e+09
1.639627661323051929e+09
1.639243600696064949e+09
1.638718473461194038e+09
1.638509956495683432e+09
1.638390654311505318e+09
1.637987693912080288e+09
1.637568082453540325e+09
1.637361616291877508e+09
1.637163429789278984e+09
1.636780946194061995e+09
1.636412207973168850e+09
1.636211019499307156e+09
1.635954586441791773e+09
1.635581050163602352e+09
1.635269756867853880e+09
1.635040692998009682e+09
1.634750715234235525e+09
1.634397363139786482e+09
1.634113916020704031e+09
1.633859593226888418e+09
1.633544935851184130e+09
1.633221814976850510e+09
1.632940056112776518e+09
1.632662790380992651e+09
1.632346924740249157e+09
1.632033392593051672e+09
1.631751764243519783e+09
1.631458567305418491e+09
1.631140651217650890e+09
1.630836190497833252e+09
1.630549070403208733e+09
1.630242539812079191e+09
1.629927039574615479e+09
1.629628126458543539e+09
1.629329209295273781e+09
1.629016995253282785e+09
1.628705146440890074e+09
1.628403641287371635e+09
1.628096582526880503e+09
1.627781015139290810e+09
1.627471361996223927e+09
1.627164384345973969e+09
1.626850864606559753e+09
1.626534771929551125e+09
1.626223681304002285e+09
1.625911039944543123e+09
1.625593073041387558e+09
1.625276701334438324e+09
1.624961966910623312e+09
1.624644029763528585e+09
1.624323782181758642e+09
1.624005457513055325e+09
1.623686407303781748e+09
1.623364341142150402e+09
1.623042270988992691e+09
1.622720750021537304e+09
1.622397442126692772e+09
1.622072418242273569e+09
1.621747896443123817e+09
1.621422704970985889e+09
