5.070723579513247311e+07
5.070723579513247311e+07
4.682705828385303915e+07
4.308562041364890337e+07
3.948922874178029597e+07
3.604375914671163261e+07
3.275459422475105524e+07
2.962649300754726678e+07
2.666353336012497172e+07
2.386912765639241785e+07
2.124598223406717181e+07
1.879600117459163815e+07
1.652019625752291642e+07
1.441861160223775357e+07
1.249024218164662458e+07
1.073298409394746646e+07
9.143628873599911109e+06
7.717873764223027043e+06
6.450312627026355825e+06
5.334494912118040025e+06
4.362994917075116187e+06
3.527514954547754489e+06
2.818995670953404158e+06
2.227738987063673791e+06
1.743542017487510573e+06
1.355844256807147525e+06
1.053886817563818768e+06
8.268797214581730077e+05
6.641707606280077016e+05
5.554137342898442876e+05
4.907229671469966997e+05
4.608196305536008440e+05
4.571570704698541667e+05
4.720239946552042966e+05
4.986212340405964642e+05
5.311102253957692301e+05
5.646325414573847083e+05
5.953012354693110101e+05
6.201661151412146864e+05
6.371560399742664304e+05
6.450020914910123684e+05
6.431461457701299805e+05
6.316392593232900836e+05
6.110345273339359555e+05
5.822785896064144326e+05
5.466056351783479331e+05
5.054371722783010919e+05
4.602902353487841319e+05
4.126960690347920172e+05
3.641307131940570544e+05
3.159583086002978962e+05
2.693874055562836584e+05
2.254400774692523119e+05
1.849332134854956530e+05
1.484709572231090860e+05
1.164471232761176361e+05
8.905606251037344919e+04
6.631037339921844250e+04
4.806383816200362344e+04
3.403791509728459641e+04
2.385020833507762654e+04
1.704345383079870226e+04
1.311372107631921244e+04
1.153673190156164128e+04
1.179143230397085790e+04
1.338015569251251327e+04
1.584497306153902900e+04
1.878004055422405509e+04
2.183995158190294023e+04
2.474427986980960122e+04
2.727864550710299955e+04
2.929275091657468147e+04
3.069590282447137724e+04
3.145058629366888272e+04
3.156466057620902211e+04
3.108273621819665641e+04
3.007724848088076760e+04
2.863968439878768550e+04
2.687234986179055704e+04
2.488097867334681359e+04
2.276840889552022054e+04
2.062946238524738510e+04
1.854708916797823258e+04
1.658977158258260533e+04
1.481011103113868194e+04
1.324448988959104099e+04
1.191365532324466221e+04
1.082404176230278608e+04
9.969650281346621341e+03
9.334303975531667675e+03
8.894092387333905208e+03
8.619844427946067299e+03
8.479500001038286428e+03
8.440258160407418472e+03
8.470430809785346355e+03
8.540935543345536644e+03
8.626410201844188123e+03
8.705943843430904963e+03
8.763444406895465363e+03
8.787679782795552455e+03
8.772041514645767165e+03
8.714088273074221433e+03
8.614929802726179332e+03
8.478511667176921037e+03
8.310857401974177264e+03
8.119318324959703205e+03
7.911872991907201140e+03
7.696508872005781996e+03
7.480708958815219376e+03
7.271056359814306234e+03
7.072960952303296835e+03
6.890504368518209958e+03
6.726393166708263379e+03
6.582004687913077760e+03
6.457510626370871250e+03
6.352050610585314644e+03
6.263946352509447024e+03
6.190929608406186162e+03
6.130370194962906680e+03
6.079489403218691223e+03
6.035547847961625848e+03
5.996000143686605952e+03
5.958612095666048845e+03
5.921539141630078120e+03
5.883368407276286234e+03
5.843122840756778714e+03
5.800242250897344093e+03
5.754540296145071807e+03
5.706141890612054340e+03
5.655414363690145365e+03
5.602894344502051354e+03
5.549216547867241388e+03
5.495048791173740938e+03
5.441036455854195083e+03
5.387758459603024676e+03
5.335695705858575820e+03
5.285211989974141034e+03
5.236546514271532942e+03
5.189816526448172226e+03
5.145028160200995444e+03
5.102093320701524135e+03
5.060850405141238298e+03
5.021086754469031803e+03
4.982560964488960963e+03
4.945023506925543188e+03
4.908234487562601316e+03
4.871977764729266710e+03
4.836071036828387150e+03
4.800371857354141866e+03
4.764779831318448487e+03
4.729235476270434447e+03
4.693716388682356410e+03
4.658231442792048256e+03
4.622813769364035579e+03
4.587513225414831140e+03
4.552388984457563311e+03
4.517502763342281469e+03
4.482913069599104347e+03
4.448670714868213508e+03
4.414815706523258996e+03
4.381375509870755195e+03
4.348364573837056923e+03
4.315784937834094308e+03
4.283627688118034712e+03
4.251875007868085959e+03
4.220502564090851592e+03
4.189481992654013084e+03
4.158783275774869253e+03
4.128376849254177614e+03
4.098235324818377194e+03
4.068334761663788413e+03
4.038655466900648662e+03
4.009182344137467680e+03
3.979904840909528957e+03
3.950816567972683515e+03
3.921914676445807345e+03
3.893199082936628656e+03
3.864671629256084543e+03
3.836335253655586712e+03
3.808193236470578995e+03
3.780248566441779076e+03
3.752503456532386735e+03
3.724959021273234612e+03
3.697615112758583564e+03
3.670470300249054162e+03
3.643521969423318751e+03
3.616766511825928319e+03
3.590199572856207396e+03
3.563816327359200841e+03
3.537611754973433108e+03
3.511580892216411485e+03
3.485719044166836738e+03
3.460021944885045741e+03
3.434485861816330271e+03
3.409107644881939905e+03
3.383884725437298130e+03
3.358815073567555373e+03
3.333897124215540316e+03
3.309129683453800226e+03
3.284511825940819563e+03
3.260042793458498636e+03
