5.070723579513247311e+07
5.070723579513247311e+07
2.983789123804031078e+03
1.028005577364225509e+01
6.302153065737264193e+00
5.026854868865765491e-01
4.283132349352627814e-03
1.664125051676061890e-03
7.094531341046493404e-04
1.924142932947695928e-04
4.838147150357317342e-08
4.730364718502339172e-10
4.730364718502339172e-10
4.730364718502339172e-10
4.730364718502339172e-10
4.730364718502339172e-10
4.730364718502339172e-10
4.730364718502339172e-10
4.730364718502339172e-10
4.730364718502339172e-10
4.730364718502339172e-10
