1.676089821257616758e+09
8.912525582313537598e+02
1.779212821722030640e+03
2.657428543329238892e+03
3.534158359766006470e+03
4.411952297449111938e+03
5.293019025802612305e+03
6.165259304285049438e+03
7.037308643579483032e+03
7.909148420095443726e+03
8.083560426950454712e+03
8.127213674783706665e+03
8.170980165481567383e+03
8.214599418163299561e+03
8.258302762031555176e+03
8.301981453657150269e+03
8.345666849851608276e+03
8.389345786094665527e+03
8.433054030179977417e+03
8.477126593112945557e+03
8.521366455793380737e+03
