1.676089811700554848e+09
4.511617302894592285e+01
8.803799223899841309e+01
1.311536629199981689e+02
1.744564003944396973e+02
2.178221993446350098e+02
2.612914466857910156e+02
3.048268148899078369e+02
3.485212149620056152e+02
3.922725617885589600e+02
4.362088577747344971e+02
4.798852696418762207e+02
5.236818351745605469e+02
5.675924203395843506e+02
6.114491417407989502e+02
6.552016167640686035e+02
6.989226908683776855e+02
7.425188076496124268e+02
7.876790509223937988e+02
8.305149006843566895e+02
8.729670841693878174e+02
9.153147528171539307e+02
9.574977285861968994e+02
1.000335236310958862e+03
1.042562912702560425e+03
1.084500012397766113e+03
1.126685770750045776e+03
1.169821626901626587e+03
1.212343591213226318e+03
1.254753376483917236e+03
1.297132001876831055e+03
1.339578046560287476e+03
1.382014664649963379e+03
1.424408032655715942e+03
1.466804116964340210e+03
1.509238036155700684e+03
1.551735544681549072e+03
1.594136233091354370e+03
1.636613644123077393e+03
1.678691137790679932e+03
1.720740244388580322e+03
1.762759211778640747e+03
1.804746917724609375e+03
1.846851074934005737e+03
1.888758597373962402e+03
1.930561888456344604e+03
1.972532317399978638e+03
2.014512459278106689e+03
2.056429677963256836e+03
2.098392548322677612e+03
2.140224816322326660e+03
2.182039885997772217e+03
2.223987456560134888e+03
2.265887236118316650e+03
2.307763709068298340e+03
2.349651011466979980e+03
2.391559046030044556e+03
2.433558202981948853e+03
2.475606406927108765e+03
2.533020446777343750e+03
2.575298502206802368e+03
2.620337021350860596e+03
2.662335443258285522e+03
2.704317785024642944e+03
2.748296695232391357e+03
2.809374757528305054e+03
2.870699110031127930e+03
2.917189267873764038e+03
2.959179456949234009e+03
3.001029217004776001e+03
3.043011329889297485e+03
3.084900904655456543e+03
3.126631535053253174e+03
3.168512109518051147e+03
3.210219200134277344e+03
3.252121979475021362e+03
3.293882458925247192e+03
3.335757659196853638e+03
3.377656456947326660e+03
3.419575108051300049e+03
3.461365835666656494e+03
3.503211232185363770e+03
3.544959080457687378e+03
3.586823132753372192e+03
3.628664602994918823e+03
3.670576061010360718e+03
3.712301365613937378e+03
3.753976951599121094e+03
3.795666708469390869e+03
3.837429855585098267e+03
3.879279111623764038e+03
3.920995768070220947e+03
3.962573903560638428e+03
4.004258409023284912e+03
4.046015754699707031e+03
4.087870205640792847e+03
4.129723263025283813e+03
4.171508821010589600e+03
4.213372613906860352e+03
4.255360658407211304e+03
4.297272782325744629e+03
4.339140325307846069e+03
4.380888313531875610e+03
4.422797042131423950e+03
4.464551442384719849e+03
4.506303933858871460e+03
4.548102361202239990e+03
4.589992017507553101e+03
4.631781692981719971e+03
4.673616643190383911e+03
4.715348615407943726e+03
4.760331837177276611e+03
4.802309958934783936e+03
4.844320000648498535e+03
4.886202421903610229e+03
4.928012403964996338e+03
4.969680317878723145e+03
5.011370978832244873e+03
5.053062547683715820e+03
5.094792858839035034e+03
5.136513729095458984e+03
5.178196909666061401e+03
5.219851126432418823e+03
5.261563607931137085e+03
5.303243135929107666e+03
5.344885036230087280e+03
5.386578255414962769e+03
5.428470062732696533e+03
5.470194700241088867e+03
5.511828001260757446e+03
5.553409723997116089e+03
5.594921686172485352e+03
5.636463233232498169e+03
5.678290294170379639e+03
5.719897760391235352e+03
5.761604325532913208e+03
5.803235605001449585e+03
5.844758200168609619e+03
5.886267810821533203e+03
5.927777107954025269e+03
5.969214654922485352e+03
6.010790462970733643e+03
6.052384422302246094e+03
6.093943431138992310e+03
6.135452710151672363e+03
6.177010434389114380e+03
6.218464813709259033e+03
6.259917116880416870e+03
6.301494451522827148e+03
6.342970366001129150e+03
6.384560328006744385e+03
6.426062266588211060e+03
6.467619138956069946e+03
6.509169589996337891e+03
6.550844423294067383e+03
6.592473226547241211e+03
6.634142591476440430e+03
6.675743686199188232e+03
6.717463001489639282e+03
6.759106209754943848e+03
6.800715188503265381e+03
6.842337427139282227e+03
6.883977529525756836e+03
6.925767971038818359e+03
6.967485786676406860e+03
7.009100742578506470e+03
7.050713293075561523e+03
7.092371738195419312e+03
7.133975597143173218e+03
7.175659307718276978e+03
7.217154207229614258e+03
7.258724281549453735e+03
7.300146977663040161e+03
7.341655631303787231e+03
7.383116016864776611e+03
7.424603550195693970e+03
7.466062326908111572e+03
7.507495718955993652e+03
7.549039269447326660e+03
7.590591708660125732e+03
7.632081718921661377e+03
7.673640266180038452e+03
7.715184674501419067e+03
7.756709258079528809e+03
7.798267396450042725e+03
7.840011394023895264e+03
7.881792966604232788e+03
7.923504396915435791e+03
7.965179260015487671e+03
8.006848395347595215e+03
8.048475296020507812e+03
8.090145822286605835e+03
8.131679337739944458e+03
8.173219799280166626e+03
8.214632357358932495e+03
8.256307029485702515e+03
8.297871932744979858e+03
8.339411339282989502e+03
8.380836653709411621e+03
8.422380390167236328e+03
8.463882828235626221e+03
