8.673477973063242435e+08
8.673477860980992317e+08
8.673477905483283997e+08
8.673477886212171316e+08
8.673477792641352415e+08
8.673477865205482244e+08
4.198478889253681898e+07
4.198479136887449026e+07
4.198479107649416476e+07
4.198479059075640142e+07
4.198479414335624874e+07
4.198479150355684012e+07
1.249438985544799864e+08
1.249438985544799864e+08
1.249438985544799864e+08
1.249438985544799864e+08
1.249438985544799864e+08
1.249438985544799864e+08
1.249438985544799864e+08
1.249438985544799864e+08
1.249438985544799864e+08
1.249438985544799864e+08
1.249438985544799864e+08
1.249438985544799864e+08
1.249438985544799864e+08
1.249438985544799864e+08
1.249438985544799864e+08
1.249438985544799864e+08
1.249438985544799864e+08
1.249438985544799864e+08
2.301523376322880387e+07
2.301523512867986783e+07
2.301523524576329067e+07
2.301523497550265118e+07
2.301523737524238601e+07
2.301523521407242864e+07
1.389085337715521827e+07
1.389085365242446773e+07
1.389085302979230508e+07
1.389085370326469466e+07
1.389085414685725048e+07
1.389085369466447830e+07
2.386534375504186451e+08
2.386534375504186451e+08
2.386534375504186451e+08
2.386534375504186451e+08
2.386534375504186451e+08
2.386534389402100742e+08
1.214210559592117742e+07
1.214210590142477490e+07
1.214210538777675666e+07
1.214210592888399586e+07
1.214210622381640039e+07
1.214210589435738139e+07
2.596477183603995144e+08
2.596477145470597446e+08
2.596477089038736820e+08
2.596477138025208414e+08
2.596477036288000941e+08
2.596477183603995144e+08
1.211608030924184248e+07
1.211608059573913924e+07
1.211608005625354499e+07
1.211608062160117924e+07
1.211608087704335339e+07
1.211608058957403898e+07
1.206347822947680391e+07
1.206347851149993017e+07
1.206347796547679603e+07
1.206347853825147822e+07
1.206347878110456280e+07
1.206347850484481081e+07
1.190001715126121230e+07
1.190001737305585295e+07
1.190001677148662508e+07
1.190001740799394250e+07
1.190001752444635890e+07
1.190001738477667235e+07
1.146994851523961499e+07
1.146994872468450293e+07
1.146994812575441040e+07
1.146994875735712424e+07
1.146994884950077534e+07
1.146994873951926641e+07
9.891024477915354073e+06
9.891024624630646780e+06
9.891024035520728678e+06
9.891024652675706893e+06
9.891024627071894705e+06
9.891024662241028622e+06
6.576363413906538859e+06
6.576363668641498312e+06
6.576363284487155266e+06
6.576363647754822858e+06
6.576363836474537849e+06
6.576363640308689326e+06
2.518598681295576040e+06
2.518598620816563256e+06
2.518598416793053504e+06
2.518598640190660488e+06
2.518598437207022682e+06
2.518598754262445495e+06
2.808053196110668033e+07
2.808053399671952799e+07
2.808053544563106075e+07
2.808053196110668033e+07
2.808053648164652288e+07
2.808053332612578943e+07
2.300864536006797571e+06
2.300864530948163010e+06
2.300864353313803207e+06
2.300864530571798794e+06
2.300864415789774619e+06
2.300864627572665922e+06
1.965689879445975181e+06
1.965689966496095061e+06
1.965689869560905034e+06
1.965689879445975181e+06
1.965689975712477462e+06
1.965690005836378084e+06
1.495563246816696832e+06
1.495563351837694179e+06
1.495563313240003074e+06
1.495563307438406628e+06
1.495563357328604441e+06
1.495563370838765753e+06
8.384839721040745499e+05
8.384840534694871167e+05
8.384840963190573966e+05
8.384840039233496645e+05
8.384840948775936849e+05
8.384840623459393391e+05
5.303485413046133472e+05
5.303485051026515430e+05
5.303485711958983447e+05
5.303485032695721602e+05
5.303485615335489856e+05
5.303485528598866658e+05
2.846377949803693336e+05
2.846378325003194623e+05
2.846378728449122282e+05
2.846378015826627379e+05
2.846379354565534741e+05
2.846378310467762640e+05
1.567894350981572643e+05
1.567894126979788998e+05
1.567894395011348824e+05
1.567894092629156949e+05
1.567894580559549795e+05
1.567894107236458804e+05
1.070145580309176876e+05
1.070146470382086118e+05
1.070146323643624492e+05
1.070146047751244041e+05
1.070147025194624148e+05
1.070146103298172820e+05
7.299204295882953738e+04
7.299208252334732970e+04
7.299207584291469539e+04
7.299205846267368179e+04
7.299211507329528104e+04
7.299205858780858398e+04
4.199722763650714478e+04
4.199720966673384100e+04
4.199721319840945944e+04
4.199720945999157993e+04
4.199721362301614136e+04
4.199720840455504367e+04
2.605699275410662449e+04
2.605695936067672301e+04
2.605695994572573545e+04
2.605696751458548169e+04
2.605694202901070094e+04
2.605696583397451104e+04
1.888915117805033879e+04
1.888913304996692023e+04
1.888912548790207802e+04
1.888913641598176764e+04
1.888910945275880295e+04
1.888913598584947249e+04
1.782533712144366655e+04
1.782532202600391247e+04
1.782531433797300269e+04
1.782532433126495744e+04
1.782530009000862992e+04
1.782532496674856520e+04
1.586973693019560415e+04
1.586972636825224254e+04
1.586971856596230464e+04
1.586972710674424161e+04
1.586970721221562417e+04
1.586972861536992968e+04
1.234630626571451648e+04
1.234630061819559523e+04
1.234629321818355857e+04
1.234629992082236640e+04
1.234628554466266360e+04
1.234630231627552166e+04
6.564812076617303319e+03
6.564811927919835398e+03
6.564805720669036418e+03
6.564810148514840876e+03
6.564803390623561427e+03
6.564813178855953083e+03
1.019615043347749520e+03
1.019616369079143055e+03
1.019613483177644980e+03
1.019616140617886799e+03
1.019616236105782264e+03
1.019618477106537171e+03
2.270362790991775910e+02
2.270415327353019563e+02
2.270402829750936178e+02
2.270393340605968717e+02
2.270434448987273583e+02
2.270405889200604292e+02
4.741841705957779851e+01
4.741932751543768632e+01
4.741978909180662782e+01
4.741903525377857420e+01
4.741982951615582920e+01
4.741939916038347747e+01
5.556682313530639128e+00
5.557403572616721910e+00
5.557637584000094222e+00
5.557055414255973602e+00
5.557535470626489449e+00
5.557088879226057543e+00
5.121487604807905408e-02
5.123191233759444296e-02
5.126475856477419324e-02
5.121871429739952020e-02
5.120866951903078196e-02
5.120598750143733058e-02
7.873513949113088314e-05
7.846130855074083142e-05
7.926229214144337538e-05
7.808403107297170337e-05
7.622416782250392088e-05
7.765630785889379001e-05
9.539937527867467400e-07
8.187736646358849668e-07
8.470993499393874668e-07
8.683939396192316458e-07
5.883555996497483121e-07
8.465287030150679790e-07
3.100496474564418523e-07
3.052450275982030661e-07
3.075880484292992502e-07
3.069139151172564126e-07
2.990862406934637358e-07
3.088873889538045833e-07
2.961560130127811077e-07
2.962770741080396650e-07
2.961853392642772843e-07
2.962792340134506490e-07
2.963182791074036187e-07
2.963011154575686748e-07
2.951279959168435524e-07
2.951276958464307857e-07
2.951299894689983672e-07
2.951273279899761244e-07
2.951339238455615050e-07
2.951286155645997388e-07
2.951466742743333759e-07
2.951467265183803267e-07
2.951467153132184779e-07
2.951466999923796014e-07
2.951467342085503150e-07
2.951467032381671330e-07
2.951279958970903205e-07
2.951276959194223677e-07
2.951299901869439697e-07
2.951273280957569340e-07
2.951339240073941376e-07
2.951286156861890949e-07
2.951279966995535588e-07
2.951276974022776851e-07
2.951299907388407273e-07
2.951273292055486601e-07
2.951339251961274814e-07
2.951286163417094280e-07
2.951279958970903205e-07
2.951276959194223677e-07
2.951299901869439697e-07
2.951273280957569340e-07
2.951339240073941376e-07
2.951286156861890949e-07
2.951279966995535588e-07
2.951276974022776851e-07
2.951299907388407273e-07
2.951273292055486601e-07
2.951339251961274814e-07
2.951286163417094280e-07
2.951279958970903205e-07
2.951276959194223677e-07
2.951299901869439697e-07
2.951273280957569340e-07
2.951339240073941376e-07
2.951286156861890949e-07
2.951279966995535588e-07
2.951276974022776851e-07
2.951299907388407273e-07
2.951273292055486601e-07
2.951339251961274814e-07
2.951286163417094280e-07
2.951279958970903205e-07
2.951276959194223677e-07
2.951299901869439697e-07
2.951273280957569340e-07
2.951339240073941376e-07
2.951286156861890949e-07
2.951279966995535588e-07
2.951276974022776851e-07
2.951299907388407273e-07
2.951273292055486601e-07
2.951339251961274814e-07
2.951286163417094280e-07
2.951279958970903205e-07
2.951276959194223677e-07
2.951299901869439697e-07
2.951273280957569340e-07
2.951339240073941376e-07
2.951286156861890949e-07
2.951279966995535588e-07
2.951276974022776851e-07
2.951299907388407273e-07
2.951273292055486601e-07
2.951339251961274814e-07
2.951286163417094280e-07
2.951279958970903205e-07
2.951276959194223677e-07
2.951299901869439697e-07
2.951273280957569340e-07
2.951339240073941376e-07
2.951286156861890949e-07
2.951279966995535588e-07
2.951276974022776851e-07
2.951299907388407273e-07
2.951273292055486601e-07
2.951339251961274814e-07
2.951286163417094280e-07
2.951279958970903205e-07
2.951276959194223677e-07
2.951299901869439697e-07
2.951273280957569340e-07
2.951339240073941376e-07
2.951286156861890949e-07
2.951279966995535588e-07
2.951276974022776851e-07
2.951299907388407273e-07
2.951273292055486601e-07
2.951339251961274814e-07
2.951286163417094280e-07
2.951279958970903205e-07
2.951276959194223677e-07
2.951299901869439697e-07
2.951273280957569340e-07
2.951339240073941376e-07
2.951286156861890949e-07
2.951279966995535588e-07
2.951276974022776851e-07
2.951299907388407273e-07
2.951273292055486601e-07
2.951339251961274814e-07
2.951286163417094280e-07
2.951279958970903205e-07
2.951276959194223677e-07
2.951299901869439697e-07
2.951273280957569340e-07
2.951339240073941376e-07
2.951286156861890949e-07
2.951279966995535588e-07
2.951276974022776851e-07
2.951299907388407273e-07
2.951273292055486601e-07
2.951339251961274814e-07
2.951286163417094280e-07
2.951279958970903205e-07
2.951276959194223677e-07
2.951299901869439697e-07
2.951273280957569340e-07
2.951339240073941376e-07
2.951286156861890949e-07
2.951466742743333759e-07
2.951373386501467689e-07
2.951326631076564532e-07
2.951303304551891555e-07
2.951291589672654486e-07
2.951285798678920369e-07
2.951282860893434993e-07
2.951281422773119229e-07
2.951280662817276005e-07
2.951280330583436109e-07
2.951280146386242148e-07
2.951280050805277787e-07
