6.321274042129516602e+00
1.264272165298461914e+01
1.898316431045532227e+01
2.531022334098815918e+01
3.162668728828430176e+01
3.793734717369079590e+01
4.428685498237609863e+01
5.063515400886535645e+01
5.698933386802673340e+01
6.335469961166381836e+01
6.972069549560546875e+01
7.609855127334594727e+01
8.254934358596801758e+01
8.902289342880249023e+01
9.558706784248352051e+01
1.021959283351898193e+02
1.086989176273345947e+02
1.151358153820037842e+02
1.216764571666717529e+02
1.281103320121765137e+02
1.346400017738342285e+02
1.411233315467834473e+02
1.476127212047576904e+02
1.540408415794372559e+02
1.605680248737335205e+02
1.671189723014831543e+02
1.737219324111938477e+02
1.801386024951934814e+02
1.867453427314758301e+02
1.955669033527374268e+02
2.041640465259552002e+02
2.129240839481353760e+02
2.202722673416137695e+02
2.273071448802947998e+02
2.337515857219696045e+02
2.402621712684631348e+02
2.467978525161743164e+02
2.532498219013214111e+02
2.600032558441162109e+02
2.665189762115478516e+02
2.729280352592468262e+02
2.794400992393493652e+02
2.858329217433929443e+02
2.922267549037933350e+02
2.987385053634643555e+02
3.051040782928466797e+02
3.114811556339263916e+02
3.179852075576782227e+02
3.244639067649841309e+02
3.308755657672882080e+02
3.373864488601684570e+02
3.438255712985992432e+02
3.503654856681823730e+02
3.567438268661499023e+02
3.631862859725952148e+02
3.697014255523681641e+02
3.761086788177490234e+02
3.826521775722503662e+02
3.891200721263885498e+02
3.955331776142120361e+02
4.019825048446655273e+02
4.083975889682769775e+02
4.148092873096466064e+02
4.233694703578948975e+02
4.299684870243072510e+02
4.364432601928710938e+02
4.434740200042724609e+02
4.500399820804595947e+02
4.568087279796600342e+02
4.632984910011291504e+02
4.702825002670288086e+02
4.776586992740631104e+02
4.845405342578887939e+02
4.909836001396179199e+02
4.974226760864257812e+02
5.038662602901458740e+02
5.109050436019897461e+02
5.173445756435394287e+02
5.237112376689910889e+02
5.301444280147552490e+02
5.365668995380401611e+02
5.429378280639648438e+02
5.493798859119415283e+02
5.558801233768463135e+02
5.623908433914184570e+02
5.688271038532257080e+02
5.752722582817077637e+02
5.816783082485198975e+02
5.881462085247039795e+02
5.945434062480926514e+02
6.009854671955108643e+02
6.074260978698730469e+02
6.138627305030822754e+02
6.202840573787689209e+02
6.266990425586700439e+02
6.331286199092864990e+02
6.394723613262176514e+02
6.458201527595520020e+02
6.521610429286956787e+02
6.585023744106292725e+02
6.648485078811645508e+02
6.711983833312988281e+02
6.775297124385833740e+02
6.838734431266784668e+02
6.902142872810363770e+02
6.965502734184265137e+02
7.028841125965118408e+02
7.092326233386993408e+02
7.155834555625915527e+02
7.219593729972839355e+02
7.283278973102569580e+02
7.346996078491210938e+02
7.410811884403228760e+02
7.474515516757965088e+02
7.538158948421478271e+02
7.601707243919372559e+02
7.665250046253204346e+02
7.728691568374633789e+02
7.792409741878509521e+02
7.855829763412475586e+02
7.919257407188415527e+02
7.982664434909820557e+02
8.046025812625885010e+02
8.109458339214324951e+02
8.172895469665527344e+02
8.236186120510101318e+02
8.299354724884033203e+02
8.362583942413330078e+02
8.425765135288238525e+02
8.489063279628753662e+02
8.552288227081298828e+02
8.615547719001770020e+02
8.680180399417877197e+02
8.743358240127563477e+02
8.806831839084625244e+02
8.870078196525573730e+02
8.933503062725067139e+02
8.996692662239074707e+02
9.060068278312683105e+02
9.123466596603393555e+02
9.186837897300720215e+02
9.250630528926849365e+02
9.314169294834136963e+02
9.377639901638031006e+02
9.441180937290191650e+02
9.504650356769561768e+02
9.568182556629180908e+02
9.631650984287261963e+02
9.695203995704650879e+02
9.758679976463317871e+02
9.822063086032867432e+02
9.885550107955932617e+02
9.948906006813049316e+02
1.001212844610214233e+03
1.007538875818252563e+03
1.013867575168609619e+03
1.020198670387268066e+03
1.026525110483169556e+03
1.032855372190475464e+03
1.039178710937500000e+03
1.045501625537872314e+03
1.051823041677474976e+03
1.058150470972061157e+03
1.064475353002548218e+03
1.070815324544906616e+03
1.077180038690567017e+03
1.083535952806472778e+03
1.089888960599899292e+03
1.096240592479705811e+03
1.102608155488967896e+03
1.108953305244445801e+03
1.115300864934921265e+03
1.121664323806762695e+03
1.128011571168899536e+03
1.134346362352371216e+03
1.140682851314544678e+03
1.147011766433715820e+03
1.153345005035400391e+03
1.159666743516921997e+03
1.165989109992980957e+03
1.172316009044647217e+03
1.178650293588638306e+03
1.184981509208679199e+03
1.191316904544830322e+03
1.197638559103012085e+03
1.203956959009170532e+03
1.210283226966857910e+03
1.216636007070541382e+03
1.222973090887069702e+03
1.229311242103576660e+03
1.235663776874542236e+03
1.242021543502807617e+03
1.248376658439636230e+03
1.254730028390884399e+03
1.261080461978912354e+03
1.267446751117706299e+03
1.273792301654815674e+03
1.280161070346832275e+03
1.286505502939224243e+03
1.292838144302368164e+03
1.299185042142868042e+03
1.305513123750686646e+03
1.311837718963623047e+03
1.318168592214584351e+03
1.324505187988281250e+03
1.330836453676223755e+03
1.337171095371246338e+03
1.343489673852920532e+03
1.349806794404983521e+03
1.356129481315612793e+03
1.362459819555282593e+03
1.368790639877319336e+03
1.375120748758316040e+03
1.381457669258117676e+03
1.387797750473022461e+03
1.394174006462097168e+03
1.400533058404922485e+03
1.406869252204895020e+03
1.413217937231063843e+03
1.419553423881530762e+03
1.425885281324386597e+03
1.432210049629211426e+03
1.438554391860961914e+03
1.444889623880386353e+03
1.451218831062316895e+03
1.457547961473464966e+03
1.463889919281005859e+03
1.470212191104888916e+03
1.476551785707473755e+03
1.482886789560317993e+03
1.489211600065231323e+03
1.495536119222640991e+03
1.501858606338500977e+03
1.508187405824661255e+03
1.514505095720291138e+03
1.520827370643615723e+03
1.527143488168716431e+03
1.533498526811599731e+03
1.539837459087371826e+03
1.546199291944503784e+03
1.552552788972854614e+03
1.558909133195877075e+03
1.565259172916412354e+03
1.571608955621719360e+03
1.577975946426391602e+03
1.584316927194595337e+03
1.590661318778991699e+03
1.597001628637313843e+03
1.603333544969558716e+03
1.609663343429565430e+03
1.615999855756759644e+03
1.622329746007919312e+03
1.628672643661499023e+03
1.635016717195510864e+03
1.641344712018966675e+03
1.647669604301452637e+03
1.653997021198272705e+03
1.660322989702224731e+03
1.666642142057418823e+03
1.672990920305252075e+03
1.679317451953887939e+03
1.685669053792953491e+03
1.691997920513153076e+03
1.698334494113922119e+03
1.704685080051422119e+03
1.711031142234802246e+03
1.717383546113967896e+03
1.723728200912475586e+03
1.730077266693115234e+03
1.736422225236892700e+03
1.742772865772247314e+03
1.749111018657684326e+03
1.755476647377014160e+03
1.761812589883804321e+03
1.768149337053298950e+03
1.774480338335037231e+03
1.780821450233459473e+03
1.787150490283966064e+03
1.793484190940856934e+03
1.799810847282409668e+03
1.806136919975280762e+03
1.812478909730911255e+03
1.818813348770141602e+03
1.825169296503067017e+03
1.831490644693374634e+03
1.837816434383392334e+03
1.844154147624969482e+03
1.850488651514053345e+03
1.856859329938888550e+03
1.863203695297241211e+03
1.869559988021850586e+03
1.875911452293395996e+03
1.882261128902435303e+03
1.888605743169784546e+03
1.894974995851516724e+03
1.901321445703506470e+03
1.907664489984512329e+03
1.914009001970291138e+03
1.920347485542297363e+03
1.926683337211608887e+03
1.933021742343902588e+03
1.939352148771286011e+03
1.945689530611038208e+03
1.952025785923004150e+03
1.958356440305709839e+03
1.964709923505783081e+03
1.971047635555267334e+03
1.977366232633590698e+03
1.983693973302841187e+03
1.990009402513504028e+03
1.996337792396545410e+03
2.002666042566299438e+03
2.009015984773635864e+03
2.015353948593139648e+03
2.021701663017272949e+03
2.028051506042480469e+03
2.034430470705032349e+03
2.040783246755599976e+03
2.047135330677032471e+03
2.053491601705551147e+03
2.059837433815002441e+03
2.066175769090652466e+03
2.072515158653259277e+03
2.078859219789505005e+03
2.085212693929672241e+03
2.091538265466690063e+03
2.097866009473800659e+03
2.104192285060882568e+03
2.110529060363769531e+03
2.116855942726135254e+03
2.123184273004531860e+03
2.129511665344238281e+03
2.135830147027969360e+03
2.142153720378875732e+03
2.148473277568817139e+03
2.154790193319320679e+03
2.161127881288528442e+03
2.167465352773666382e+03
2.173827890872955322e+03
2.180169622421264648e+03
2.186517774343490601e+03
2.192877200603485107e+03
2.199235805749893188e+03
2.205579353570938110e+03
2.211928298473358154e+03
2.218281581163406372e+03
2.224622296571731567e+03
2.230958598852157593e+03
2.237295926570892334e+03
2.243628752708435059e+03
2.249954058885574341e+03
2.256283082485198975e+03
2.262624612092971802e+03
2.268946960210800171e+03
2.275303052425384521e+03
2.281634623289108276e+03
2.287956289768218994e+03
2.294281125545501709e+03
2.300610027313232422e+03
2.306964767694473267e+03
2.313307403087615967e+03
2.319636669158935547e+03
2.325972592592239380e+03
2.332305442810058594e+03
2.338666974306106567e+03
2.345016749382019043e+03
2.351371555328369141e+03
2.357717489957809448e+03
2.364062450170516968e+03
2.370406273841857910e+03
2.376780928611755371e+03
2.383118059158325195e+03
2.389475135564804077e+03
2.395808512210845947e+03
2.402145254135131836e+03
2.408478533267974854e+03
2.414833403348922729e+03
2.421164842605590820e+03
2.427489579200744629e+03
2.433812222242355347e+03
2.440138513803482056e+03
2.446499047279357910e+03
2.452827974557876587e+03
2.459155216455459595e+03
2.465482852220535278e+03
2.471814053297042847e+03
2.478144813537597656e+03
2.484490972280502319e+03
2.490843781709671021e+03
2.497198534488677979e+03
2.503555225610733032e+03
2.509904504537582397e+03
2.516260363817214966e+03
2.522611525297164917e+03
2.528966276407241821e+03
2.535330850601196289e+03
