6.371716022491455078e+00
1.273423671722412109e+01
1.909322953224182129e+01
2.545106053352355957e+01
3.180176281929016113e+01
3.815587425231933594e+01
4.454035782814025879e+01
5.093162727355957031e+01
5.732536220550537109e+01
6.372394227981567383e+01
7.013280749320983887e+01
7.654495954513549805e+01
8.294925737380981445e+01
8.937344980239868164e+01
9.577148747444152832e+01
1.021741375923156738e+02
1.085715751647949219e+02
1.149647383689880371e+02
1.213398230075836182e+02
1.277088525295257568e+02
1.340742173194885254e+02
1.404395639896392822e+02
1.468082935810089111e+02
1.531746807098388672e+02
1.595403625965118408e+02
1.659072017669677734e+02
1.722764179706573486e+02
1.786405205726623535e+02
1.850035603046417236e+02
1.913691215515136719e+02
1.977316765785217285e+02
2.040948631763458252e+02
2.104666855335235596e+02
2.168452525138854980e+02
2.232281606197357178e+02
2.296183109283447266e+02
2.360025382041931152e+02
2.423896379470825195e+02
2.487808513641357422e+02
2.551666383743286133e+02
2.615472292900085449e+02
2.679295015335083008e+02
2.743048043251037598e+02
2.806803073883056641e+02
2.870500235557556152e+02
2.934182012081146240e+02
2.997964560985565186e+02
3.061660010814666748e+02
3.125295736789703369e+02
3.189151856899261475e+02
3.252822842597961426e+02
3.316499435901641846e+02
3.380230515003204346e+02
3.443898055553436279e+02
3.507680265903472900e+02
3.571535091400146484e+02
3.635366899967193604e+02
3.699231913089752197e+02
3.763178606033325195e+02
3.827417631149291992e+02
3.891398401260375977e+02
3.955511190891265869e+02
4.019614748954772949e+02
4.083606762886047363e+02
4.147674317359924316e+02
4.211663246154785156e+02
4.275586264133453369e+02
4.339462003707885742e+02
4.403343400955200195e+02
4.467214922904968262e+02
4.531169354915618896e+02
4.595058341026306152e+02
4.658839905261993408e+02
4.722684657573699951e+02
4.786617779731750488e+02
4.850412614345550537e+02
4.914322044849395752e+02
4.978361163139343262e+02
5.042110319137573242e+02
5.105878362655639648e+02
5.169972116947174072e+02
5.233851790428161621e+02
5.297865123748779297e+02
5.361931881904602051e+02
5.426024658679962158e+02
5.490123374462127686e+02
5.554170432090759277e+02
5.618192684650421143e+02
5.682180297374725342e+02
5.746192142963409424e+02
5.810129995346069336e+02
5.874035625457763672e+02
5.937965271472930908e+02
6.001828782558441162e+02
6.065629501342773438e+02
6.129736201763153076e+02
6.193670918941497803e+02
6.257458941936492920e+02
6.321355066299438477e+02
6.385194809436798096e+02
6.448994293212890625e+02
6.512863144874572754e+02
6.576636877059936523e+02
6.640426063537597656e+02
6.704237904548645020e+02
6.768037147521972656e+02
6.832075958251953125e+02
6.896042160987854004e+02
6.960061328411102295e+02
7.024122726917266846e+02
7.088165109157562256e+02
7.152187025547027588e+02
7.216225655078887939e+02
7.280192487239837646e+02
7.344201021194458008e+02
7.408117196559906006e+02
7.472019646167755127e+02
7.536158082485198975e+02
7.600052487850189209e+02
7.663856568336486816e+02
7.727862098217010498e+02
7.791751134395599365e+02
7.855602188110351562e+02
7.919452571868896484e+02
7.983231866359710693e+02
8.047062110900878906e+02
8.110869143009185791e+02
8.174783637523651123e+02
8.238574128150939941e+02
8.302378025054931641e+02
8.366168253421783447e+02
8.430190730094909668e+02
8.495418922901153564e+02
8.559453868865966797e+02
8.623451552391052246e+02
8.687443068027496338e+02
8.751452651023864746e+02
8.815418174266815186e+02
8.879369912147521973e+02
8.943382456302642822e+02
9.007394318580627441e+02
9.071518003940582275e+02
9.135684649944305420e+02
9.199884226322174072e+02
9.264067776203155518e+02
9.328171637058258057e+02
9.392439076900482178e+02
9.456633279323577881e+02
9.520804347991943359e+02
9.584944150447845459e+02
9.648975505828857422e+02
9.713019568920135498e+02
9.777068293094635010e+02
9.841114578247070312e+02
9.905150873661041260e+02
9.969176342487335205e+02
1.003316436529159546e+03
1.009725755214691162e+03
1.016125761747360229e+03
1.022519235610961914e+03
1.028922541141510010e+03
1.035320118665695190e+03
1.041732304573059082e+03
1.048134073734283447e+03
1.054561223745346069e+03
1.060985972642898560e+03
1.067403232574462891e+03
1.073827622413635254e+03
1.080251062393188477e+03
1.086673037767410278e+03
1.093103062152862549e+03
1.099518759727478027e+03
1.105927943468093872e+03
1.112332829236984253e+03
1.118754421234130859e+03
1.125162963151931763e+03
1.131559049606323242e+03
1.137935897588729858e+03
1.144313836574554443e+03
1.150681915760040283e+03
1.157060385227203369e+03
1.163439296007156372e+03
1.169816957712173462e+03
1.176201623678207397e+03
1.182577229738235474e+03
1.188975432395935059e+03
1.195379024028778076e+03
1.201785590410232544e+03
1.208199482440948486e+03
1.214620351552963257e+03
1.221061471223831177e+03
1.227512145519256592e+03
1.233940693855285645e+03
1.240357105731964111e+03
1.246797232151031494e+03
1.253264182090759277e+03
1.259704564809799194e+03
1.266137282133102417e+03
1.272544047117233276e+03
1.278950808525085449e+03
1.285354139804840088e+03
1.291767639875411987e+03
1.298197466850280762e+03
1.304612663507461548e+03
1.311017517566680908e+03
1.317432813167572021e+03
1.323864796876907349e+03
1.330349113702774048e+03
1.336790394306182861e+03
1.343226900815963745e+03
1.349659951686859131e+03
1.356087132930755615e+03
1.362502866268157959e+03
1.368954044342041016e+03
1.375405193567276001e+03
1.381862972736358643e+03
1.388339266061782837e+03
1.394804643869400024e+03
1.401269663333892822e+03
1.407733402729034424e+03
1.414187549829483032e+03
1.420636500835418701e+03
1.427081048250198364e+03
1.433521586418151855e+03
1.439989095211029053e+03
1.446448021173477173e+03
1.452911026477813721e+03
1.459369828224182129e+03
1.465814461469650269e+03
1.472285287618637085e+03
1.478762210607528687e+03
1.485222689390182495e+03
1.491671811819076538e+03
1.498144715785980225e+03
1.504625320196151733e+03
1.511099119424819946e+03
1.517609263658523560e+03
1.524084731340408325e+03
1.530564017534255981e+03
1.537033547878265381e+03
1.543502735853195190e+03
1.549983661651611328e+03
1.556452111959457397e+03
1.562897135972976685e+03
1.569355044126510620e+03
1.575816715955734253e+03
1.582269899129867554e+03
1.588710554122924805e+03
1.595149862527847290e+03
1.601596776008605957e+03
1.608029381990432739e+03
1.614470714807510376e+03
1.620929315567016602e+03
1.627352497339248657e+03
1.633795939922332764e+03
1.640247072696685791e+03
1.646699515819549561e+03
1.653142508745193481e+03
1.659592370033264160e+03
1.666060684919357300e+03
1.672528456687927246e+03
1.678982741355895996e+03
1.685423873186111450e+03
1.691894424200057983e+03
