8.673477973063242435e+08
8.673477860980992317e+08
8.673477905483283997e+08
8.673477886212171316e+08
8.673477792641352415e+08
8.673477865205482244e+08
1.960428578795253515e+09
1.960428552282764196e+09
1.960428548166083336e+09
1.960428565573837757e+09
1.960428538142110348e+09
1.960428566234707117e+09
6.629870446217839606e+06
6.629869067896497436e+06
6.629869296720154583e+06
6.629869681770944968e+06
6.629868429823813029e+06
6.629869544537584297e+06
1.998555263309965143e+06
1.998556045305529144e+06
1.998555960255001904e+06
1.998555676808406599e+06
1.998556361222473672e+06
1.998555746398085728e+06
8.547535706150771148e+03
8.547516198716681174e+03
8.547534286281772438e+03
8.547521013640827732e+03
8.547492137787347019e+03
8.547515879259575740e+03
6.475274289389351907e+03
6.475274622759516205e+03
6.475289235337732862e+03
6.475270514711643045e+03
6.475260456819503815e+03
6.475267424465040676e+03
5.627558856019885752e+03
5.627563873047312882e+03
5.627576771570552410e+03
5.627557896529448044e+03
5.627553573219411192e+03
5.627555486305542217e+03
2.796187151220713531e+03
2.796199505716633212e+03
2.796205920754364797e+03
2.796191626277684463e+03
2.796201731933085284e+03
2.796191120358992066e+03
1.375163489041524372e+03
1.375170280669770364e+03
1.375173175831368098e+03
1.375166080556430870e+03
1.375176866470441837e+03
1.375165947243164737e+03
8.362824826798160984e+02
8.362823356787631610e+02
8.362842124740585632e+02
8.362817782664632205e+02
8.362873772134887531e+02
8.362812828895840767e+02
6.471506610687529246e+02
6.471465727022819010e+02
6.471481694518067798e+02
6.471479805367567906e+02
6.471494930211702012e+02
6.471471703335955681e+02
4.881215511893868779e+02
4.881158176478773498e+02
4.881170883785149499e+02
4.881180652956372228e+02
4.881169032351442638e+02
4.881170887525613580e+02
2.365243681637275870e+02
2.365191357645973653e+02
2.365194808184033093e+02
2.365212792715264527e+02
2.365179601948560162e+02
2.365202945727001520e+02
7.611389515716230392e+01
7.611392695253205432e+01
7.611298729512222394e+01
7.611380615196783594e+01
7.611381728144333181e+01
7.611339592722539749e+01
6.745658889228793953e+01
6.745743532729342462e+01
6.745667116050240963e+01
6.745687556164160981e+01
6.745716272629809396e+01
6.745650037513750874e+01
6.404566966487003299e+01
6.404668581780795478e+01
6.404603802389688383e+01
6.404602074752941121e+01
6.404634976553042236e+01
6.404565829339841798e+01
5.146794066056699535e+01
5.146919097072619564e+01
5.146884342916886368e+01
5.146836911366431622e+01
5.146874941380755786e+01
5.146807702625067549e+01
3.009824374086096199e+01
3.009945821030587965e+01
3.009945678046539541e+01
3.009863919079081640e+01
3.009902914056764800e+01
3.009851966399172341e+01
1.030687759266613845e+01
1.030686719783001593e+01
1.030704204650263911e+01
1.030669312919870428e+01
1.030631392088165654e+01
1.030672631228638814e+01
7.387325888896615567e+00
7.387471430344302092e+00
7.387453912662538258e+00
7.387297981243804657e+00
7.387486521611029033e+00
7.387452216003500105e+00
7.101135404233376747e+00
7.101136548851787467e+00
7.101095804435678893e+00
7.101035728344218256e+00
7.101104457247843449e+00
7.101167123359964251e+00
6.975819703876365629e+00
6.975758896845736245e+00
6.975702527156919963e+00
6.975689944967440326e+00
6.975717493161609717e+00
6.975806920216802709e+00
6.765401269603444234e+00
6.765287746630511911e+00
6.765219285597098064e+00
6.765246951080305493e+00
6.765241456368597639e+00
6.765349562509993753e+00
6.020378058331789184e+00
6.020152706127615438e+00
6.020060162871137877e+00
6.020176011477985867e+00
6.020097348075135635e+00
6.020242572710888140e+00
4.621311244593901080e+00
4.620997808381063443e+00
4.620886789341288825e+00
4.621082909753559953e+00
4.620946909871666008e+00
4.621101309267892532e+00
2.320893425580020875e+00
2.320646012553429394e+00
2.320516148481518659e+00
2.320736417165844223e+00
2.320616159078940033e+00
2.320703002176176533e+00
1.346915347668423024e+00
1.346369948010382789e+00
1.346432724959108818e+00
1.346628576986478310e+00
1.346335695096695151e+00
1.346578335483508804e+00
1.345766705088725923e-01
1.345345502557226125e-01
1.345196547147784749e-01
1.345586047648276440e-01
1.345371656582876330e-01
1.345278017973706441e-01
1.156551817708766083e-02
1.157169109805521526e-02
1.156386655142656837e-02
1.156906618617731947e-02
1.158124192374677258e-02
1.156221540226081042e-02
5.890336195848658177e-04
5.943597014804917825e-04
5.954857205871858222e-04
5.910152410296068285e-04
5.989058471528708018e-04
5.912882519312782827e-04
1.625833389481451743e-02
1.623007063263261218e-02
1.623976225902865750e-02
1.623860888451331141e-02
1.618139888335090593e-02
1.623119215675408039e-02
4.829203288664737849e-04
4.856740375532856888e-04
4.874561376529495753e-04
4.832395819862116094e-04
4.861444657298094672e-04
4.829236570102278634e-04
3.080899554460351120e-04
3.100157924610640200e-04
3.125457572080512624e-04
3.082082510984981961e-04
3.099068425870389154e-04
3.079829931279820261e-04
1.483636358718043913e-04
1.479838656892200387e-04
1.459087241136541966e-04
1.486131981241719841e-04
1.483108403520534007e-04
1.490076111284715772e-04
3.466516647619983020e-07
3.252784594561003291e-07
3.334356647911570896e-07
3.367497090373323396e-07
3.211401972674885601e-07
3.348248440572316062e-07
2.903238916480178459e-07
2.934466986485299921e-07
2.929505116519367354e-07
2.917407941626235087e-07
2.938060611868521993e-07
2.920511717842572550e-07
2.951907260433660468e-07
2.952112573456852778e-07
2.952169859903818793e-07
2.952011706653839313e-07
2.952076278252995930e-07
2.952078432966890840e-07
2.903446655704069944e-07
2.934540595421456389e-07
2.929600394888767982e-07
2.917554844933915464e-07
2.938118486298816933e-07
2.920645464456014376e-07
2.903239816995513922e-07
2.934467327168789509e-07
2.929505537507704920e-07
2.917408581778798101e-07
2.938060877606594113e-07
2.920512292253857621e-07
2.903238907488673320e-07
2.934466991090526469e-07
2.929505114173738306e-07
2.917407933638140000e-07
2.938060606492967154e-07
2.920511715872503617e-07
2.903238917226301195e-07
2.934466971185702724e-07
2.929505104692854587e-07
2.917407929158539555e-07
2.938060592723840438e-07
2.920511706373537333e-07
2.903238907488673320e-07
2.934466991090526469e-07
2.929505114173738306e-07
2.917407933638140000e-07
2.938060606492967154e-07
2.920511715872503617e-07
2.903238900272569884e-07
2.934466983398471515e-07
2.929505114037387706e-07
2.917407929047865701e-07
2.938060612281570198e-07
2.920511715846179950e-07
2.903238894472904060e-07
2.934466977429393278e-07
2.929505109457914135e-07
2.917407927592650392e-07
2.938060605115468177e-07
2.920511711040654462e-07
