8.678116559982299805e+00
1.744375157356262207e+01
2.620946931838989258e+01
3.472598481178283691e+01
4.318722605705261230e+01
5.184119033813476562e+01
6.046142816543579102e+01
6.870467567443847656e+01
7.723084449768066406e+01
8.600598216056823730e+01
9.471422863006591797e+01
1.027988395690917969e+02
1.091345262527465820e+02
1.155930597782135010e+02
1.218903603553771973e+02
1.281841268539428711e+02
1.359008033275604248e+02
1.427306146621704102e+02
1.508035626411437988e+02
1.592970271110534668e+02
1.679167156219482422e+02
1.759853520393371582e+02
1.845068738460540771e+02
1.931857967376708984e+02
2.017340567111968994e+02
2.103081390857696533e+02
2.189179630279541016e+02
2.271632139682769775e+02
2.358517858982086182e+02
2.442482819557189941e+02
2.530495948791503906e+02
2.615757627487182617e+02
2.701074378490447998e+02
2.785553691387176514e+02
2.870674932003021240e+02
2.957114765644073486e+02
3.042973768711090088e+02
3.129128873348236084e+02
3.214107027053833008e+02
3.298641049861907959e+02
3.364147753715515137e+02
3.445482227802276611e+02
3.526505720615386963e+02
3.611083164215087891e+02
3.692134582996368408e+02
3.777668991088867188e+02
3.855218842029571533e+02
3.929380211830139160e+02
4.011506137847900391e+02
4.098422083854675293e+02
4.185111973285675049e+02
4.264807822704315186e+02
4.351414802074432373e+02
4.439050545692443848e+02
4.524171962738037109e+02
4.608989517688751221e+02
4.695305771827697754e+02
4.781006116867065430e+02
4.868455338478088379e+02
4.954435172080993652e+02
5.040709838867187500e+02
5.110599143505096436e+02
5.174300622940063477e+02
5.237854425907135010e+02
5.301225113868713379e+02
5.364645388126373291e+02
5.427995812892913818e+02
5.491600625514984131e+02
5.554854762554168701e+02
5.618129026889801025e+02
5.681521680355072021e+02
5.744888668060302734e+02
5.808120915889739990e+02
5.871339945793151855e+02
5.934571609497070312e+02
5.997926630973815918e+02
6.061106882095336914e+02
6.124323205947875977e+02
6.187484471797943115e+02
6.250643754005432129e+02
6.313793022632598877e+02
6.377131476402282715e+02
6.440793645381927490e+02
6.504082365036010742e+02
6.567404446601867676e+02
6.630832033157348633e+02
6.694397897720336914e+02
6.757985150814056396e+02
6.821486515998840332e+02
6.884872548580169678e+02
6.948218336105346680e+02
7.011534509658813477e+02
7.074770264625549316e+02
7.138132412433624268e+02
7.201382951736450195e+02
7.264730908870697021e+02
7.328007435798645020e+02
7.391157889366149902e+02
7.454532508850097656e+02
7.517716832160949707e+02
7.580993270874023438e+02
7.644279358386993408e+02
7.707464063167572021e+02
7.770533504486083984e+02
7.833631865978240967e+02
7.896855199337005615e+02
7.959992895126342773e+02
8.023311486244201660e+02
8.086365633010864258e+02
8.149621062278747559e+02
8.213132317066192627e+02
8.276403329372406006e+02
8.339736435413360596e+02
8.403294248580932617e+02
8.466786732673645020e+02
8.529983885288238525e+02
8.593169381618499756e+02
8.656371171474456787e+02
8.719756579399108887e+02
8.783083436489105225e+02
8.846143763065338135e+02
8.909363877773284912e+02
8.972458858489990234e+02
9.035532796382904053e+02
9.098576683998107910e+02
9.161638948917388916e+02
9.224702084064483643e+02
9.287697312831878662e+02
9.350687017440795898e+02
9.413983056545257568e+02
9.477045125961303711e+02
9.540044741630554199e+02
9.604412121772766113e+02
9.667514309883117676e+02
9.730673584938049316e+02
9.793720271587371826e+02
9.857070376873016357e+02
9.920100862979888916e+02
9.983222372531890869e+02
1.004636296033859253e+03
1.010967859983444214e+03
1.017298261880874634e+03
1.023631228446960449e+03
1.029988753557205200e+03
1.036329954624176025e+03
1.042667523860931396e+03
1.049003570079803467e+03
1.055344494104385376e+03
1.061672710180282593e+03
1.068016390323638916e+03
1.074337890386581421e+03
1.080655004024505615e+03
1.086973571062088013e+03
1.093288142919540405e+03
1.099600167751312256e+03
1.105918226718902588e+03
1.112236196994781494e+03
1.118543770790100098e+03
1.124852343559265137e+03
1.131199296474456787e+03
1.137516324520111084e+03
1.143820722579956055e+03
1.150133325815200806e+03
1.156444074869155884e+03
1.162760299205780029e+03
1.169078608989715576e+03
1.175408885240554810e+03
1.181756410837173462e+03
1.188111233949661255e+03
1.194457806587219238e+03
1.200806993484497070e+03
1.207138670206069946e+03
1.213478337526321411e+03
1.219800411939620972e+03
1.226133581399917603e+03
1.232456651687622070e+03
1.238774266719818115e+03
1.245094887018203735e+03
1.251439783811569214e+03
1.257755240201950073e+03
1.264081789255142212e+03
1.270416788101196289e+03
1.276732465505599976e+03
1.283050994396209717e+03
1.289386376619338989e+03
1.295698316812515259e+03
1.302012655735015869e+03
1.308326985836029053e+03
1.314658718109130859e+03
1.320984682083129883e+03
1.327307353496551514e+03
1.333634396553039551e+03
1.339978093147277832e+03
1.346312515497207642e+03
1.352670307874679565e+03
1.359001001596450806e+03
1.365337639808654785e+03
1.371689633846282959e+03
1.378016592741012573e+03
1.384341209173202515e+03
1.390681453704833984e+03
1.397001053571701050e+03
1.403322158336639404e+03
1.409634792566299438e+03
1.415941842555999756e+03
1.422255691766738892e+03
1.428580110073089600e+03
1.434890102148056030e+03
1.441200653791427612e+03
1.447510447978973389e+03
1.453813821554183960e+03
1.460127486467361450e+03
1.466434162139892578e+03
1.472744351148605347e+03
1.479076445102691650e+03
1.485396127700805664e+03
1.491739079713821411e+03
1.498075612068176270e+03
1.504425934076309204e+03
1.510774538040161133e+03
1.517112142324447632e+03
1.523438527345657349e+03
1.529783930063247681e+03
1.536110156059265137e+03
1.542436923265457153e+03
1.548771132946014404e+03
1.555102983713150024e+03
1.561416186809539795e+03
1.567747244358062744e+03
1.574066590309143066e+03
1.580386132955551147e+03
1.586705261468887329e+03
1.593029766559600830e+03
1.599349730968475342e+03
1.605661911964416504e+03
1.611971271991729736e+03
1.618304527282714844e+03
1.624610435724258423e+03
1.630924140691757202e+03
1.637245155096054077e+03
1.643571812391281128e+03
1.649919953107833862e+03
1.656257163286209106e+03
1.662596832036972046e+03
1.668937006711959839e+03
1.675264348030090332e+03
1.681595664978027344e+03
1.687939978837966919e+03
1.694274731397628784e+03
1.700613243103027344e+03
1.706924080133438110e+03
1.713241659164428711e+03
1.719589730262756348e+03
1.725906088590621948e+03
1.732229833602905273e+03
1.738527535438537598e+03
1.744836564540863037e+03
1.751133176565170288e+03
1.757457964181900024e+03
1.763754551172256470e+03
1.770069656133651733e+03
1.776377675771713257e+03
1.782693229198455811e+03
1.789000134944915771e+03
1.795311524868011475e+03
1.801630678415298462e+03
1.807964425563812256e+03
1.814319101333618164e+03
1.820654093742370605e+03
1.827003979206085205e+03
1.833325691699981689e+03
1.839662659883499146e+03
1.846002296924591064e+03
1.852336982965469360e+03
1.858647933483123779e+03
1.864968690872192383e+03
1.871331290721893311e+03
1.877656952381134033e+03
1.883990200996398926e+03
1.890329037427902222e+03
1.896645058870315552e+03
1.902975512981414795e+03
1.909299832344055176e+03
1.915625644922256470e+03
1.921948162317276001e+03
1.928279292821884155e+03
1.934597656726837158e+03
1.940899015188217163e+03
1.947217939615249634e+03
1.953533935308456421e+03
1.959866047143936157e+03
1.966225951671600342e+03
1.972563149690628052e+03
1.978902892589569092e+03
1.985236670970916748e+03
1.991582077503204346e+03
1.997921274185180664e+03
2.004274811267852783e+03
2.010604687213897705e+03
2.016933248519897461e+03
2.023260143041610718e+03
2.029582102537155151e+03
2.035898068904876709e+03
2.042212900638580322e+03
2.048534209728240967e+03
2.054842504978179932e+03
2.061161668062210083e+03
2.067473606586456299e+03
2.073798874378204346e+03
2.080105224370956421e+03
2.086429992198944092e+03
2.092747255563735962e+03
2.099097426176071167e+03
2.105419387102127075e+03
2.111747518777847290e+03
2.118069028854370117e+03
2.124401669979095459e+03
2.130739547967910767e+03
2.137081174373626709e+03
2.143411895751953125e+03
2.149745383024215698e+03
2.156078265428543091e+03
2.162425808429718018e+03
2.168784306764602661e+03
2.175130389928817749e+03
2.181475133895874023e+03
2.187803161144256592e+03
2.194123367309570312e+03
2.200459811210632324e+03
2.206772532701492310e+03
2.213082639217376709e+03
2.219407045125961304e+03
2.225736984491348267e+03
2.232056814432144165e+03
2.238414119243621826e+03
2.244744092464447021e+03
2.251069096565246582e+03
2.257389158248901367e+03
2.263709888219833374e+03
2.270024345636367798e+03
2.276349653244018555e+03
2.282681186676025391e+03
2.289029193401336670e+03
2.295367070913314819e+03
2.301738008737564087e+03
2.308108051061630249e+03
2.314441964149475098e+03
2.320798269510269165e+03
2.327130935192108154e+03
2.333467910766601562e+03
2.339794964075088501e+03
2.346120476722717285e+03
2.352453311681747437e+03
2.358782319307327271e+03
2.365105838537216187e+03
2.371433971643447876e+03
2.377778069972991943e+03
2.384097254753112793e+03
2.390431872367858887e+03
2.396749490022659302e+03
2.403072204113006592e+03
2.409402798652648926e+03
2.415731399774551392e+03
2.422050895690917969e+03
2.428386553525924683e+03
2.434722622632980347e+03
2.441060193300247192e+03
2.447408045053482056e+03
2.453775437593460083e+03
2.460134704589843750e+03
2.466493702650070190e+03
2.472831656455993652e+03
2.479214447975158691e+03
2.485557932615280151e+03
2.491907486200332642e+03
2.498247013807296753e+03
2.504589603185653687e+03
2.510924513816833496e+03
2.517299808502197266e+03
2.523633364915847778e+03
2.529968652963638306e+03
2.536312975645065308e+03
2.542649703025817871e+03
2.548982547998428345e+03
2.556661006927490234e+03
2.565708149909973145e+03
2.574758086681365967e+03
2.583800153970718384e+03
2.592859302282333374e+03
2.601904096364974976e+03
2.610979915380477905e+03
2.620042010784149170e+03
2.629114373445510864e+03
2.638184532642364502e+03
2.647254575729370117e+03
2.656328006029129028e+03
2.665412377357482910e+03
2.674480811119079590e+03
