8.673477973063242435e+08
8.635919547229125500e+08
8.650824343897691965e+08
8.644361657831883430e+08
8.613055839676216841e+08
8.637462722583124638e+08
8.599099854834581614e+08
8.561974926856278181e+08
8.586401987499487400e+08
8.569460022870095968e+08
8.549632646389880180e+08
8.506377748090368509e+08
8.498806803602874279e+08
8.430486043612121344e+08
8.448863296331673861e+08
8.420354165172899961e+08
8.337762004636414051e+08
8.345454099548157454e+08
8.267413190543655157e+08
8.123199808169723749e+08
8.167440941437743902e+08
8.114470699503006935e+08
7.951371866214015484e+08
7.941486492242695093e+08
7.703238876965303421e+08
7.768791930307118893e+08
7.557412526866012812e+08
7.185864109275038242e+08
7.338245566624531746e+08
7.069611880061434507e+08
6.574729038872216940e+08
6.692622849548318386e+08
6.457724231810110807e+08
5.865657173460161686e+08
5.821116331481189728e+08
5.010007854780726433e+08
5.228823409805166721e+08
4.682353117893430591e+08
3.683510585509637594e+08
3.971050800442391038e+08
3.247351501661952734e+08
2.010558062004172206e+08
2.343309830406550169e+08
1.796246942951906323e+08
7.486910209321342409e+07
6.908014541405126452e+07
3.164002862037928402e+07
4.362078316711466014e+07
2.508328179353245720e+07
7.559669621981811710e+06
8.202297425678437576e+06
1.419771345331902057e+07
3.106504352667198703e+07
5.576249884620753676e+07
1.608503444794677757e+07
4.908615670522508770e+07
1.207812715567752719e+07
4.327156053834652901e+07
1.157978891356496140e+07
2.035440368411524594e+07
9.251467541331036016e+06
1.963728477039365098e+07
8.491144743236431852e+06
1.350868894671678916e+07
8.466463682094942778e+06
1.593019442160651647e+07
8.043980850716398098e+06
9.060037232332659885e+06
7.829930419975763187e+06
9.163771727146049961e+06
7.642251666453463957e+06
9.301194511500122026e+06
7.634195864107294939e+06
9.302296885794499889e+06
7.562313819370508194e+06
7.992499772701928392e+06
7.596786648740595207e+06
8.314589264213361777e+06
7.518300000847528689e+06
8.239146993961902335e+06
7.474038325941292569e+06
7.574858049282680266e+06
7.641525668769562617e+06
7.509741866287672892e+06
7.578165687556902878e+06
7.507066732351870276e+06
7.631896264085086063e+06
7.497876216064840555e+06
7.481395187348730862e+06
7.498469536887958646e+06
7.492841162300543860e+06
7.424826784000629559e+06
7.403078679908991791e+06
7.515597057527083904e+06
7.457328644402725622e+06
7.511136342326568440e+06
7.457007711865469813e+06
7.442383908842856064e+06
7.510729165509272367e+06
7.444961330738215707e+06
7.444713875105672516e+06
7.405522774097072892e+06
7.398642023617718369e+06
7.399157523538359441e+06
7.479492884401869029e+06
7.418475520699894987e+06
7.401779416906525381e+06
7.386194461212822236e+06
7.395137271010803990e+06
7.382160974503894337e+06
7.382464378690476529e+06
7.381213621738443151e+06
7.381231868078943342e+06
7.378706167132464238e+06
7.383417412147941999e+06
7.382064685248964466e+06
7.387616283561119810e+06
7.379533247886140831e+06
7.380424435497463681e+06
7.379892263618004508e+06
7.388772661437045783e+06
7.377624898784244433e+06
7.382185645011220127e+06
7.377942885175175034e+06
7.388731003678794950e+06
7.377174165182625875e+06
7.379977404692617245e+06
7.377811841302989982e+06
7.377962770161946304e+06
7.380153350309596397e+06
7.377198961217698641e+06
7.378742215506629087e+06
7.377078219219208695e+06
7.378410055387477390e+06
7.377099769380307756e+06
7.378726882611734793e+06
7.377029815040555783e+06
7.377408533648798242e+06
7.376967998220995069e+06
7.377271738852392882e+06
7.376926698632195592e+06
7.377841009327681735e+06
7.376873753863388672e+06
7.376871053767045029e+06
7.377197200203374028e+06
7.377368092109985650e+06
7.376861491936537437e+06
7.376807995411814190e+06
7.377034344175249338e+06
7.377191018792026676e+06
7.376815720421591774e+06
7.377028394200962037e+06
7.376817629965592176e+06
7.376747554218847305e+06
7.376764824374293908e+06
7.377045529582371004e+06
7.376783726988108829e+06
7.376733155816613697e+06
7.376762458953976631e+06
7.376677671344944276e+06
7.376616945811343379e+06
7.376679641056512482e+06
7.376673780788522214e+06
7.376617363513331860e+06
7.376515994535643607e+06
7.376407181135507300e+06
7.376482132121590897e+06
7.376469635835356079e+06
7.376421339695868082e+06
7.376400463520450518e+06
7.376461627195786685e+06
7.376184064204978757e+06
7.375969345302652568e+06
7.376148980710523203e+06
7.376221472032615915e+06
7.376067783620308153e+06
7.375887122296064161e+06
7.375684177467412315e+06
7.375552298714277335e+06
7.375138910585789010e+06
7.375475728595729917e+06
7.375227257796880789e+06
7.374865785079399124e+06
7.374305056699224748e+06
7.374292633412448689e+06
7.373504641612632200e+06
7.373758963358920068e+06
7.373474156555986963e+06
7.372862421233360656e+06
7.372484536204187199e+06
7.371293063721132465e+06
7.371015904683485627e+06
7.369190666990160011e+06
7.369718583619433455e+06
7.369668331048664637e+06
7.368221849287888967e+06
7.366906674132493325e+06
7.365349856411295943e+06
7.362037949856040999e+06
7.364618591833202168e+06
7.364338420040567406e+06
7.361240547867875546e+06
7.358423922214186750e+06
7.361330848294973373e+06
7.356780898671161383e+06
7.352894693587752990e+06
7.356257447528595105e+06
7.352243798990605399e+06
7.348987156306811608e+06
7.357894703419346362e+06
7.347214395712452941e+06
7.342435258660056628e+06
7.350110518122813664e+06
7.342131142454545945e+06
7.338868698981459253e+06
7.334908423810230568e+06
7.328793104903544299e+06
7.336292738437597640e+06
7.327066390398633666e+06
7.323489834095388651e+06
7.314445988885558210e+06
7.303600143822576851e+06
7.307021436686947942e+06
7.314402953482660465e+06
7.294861200967643410e+06
7.289548888190650381e+06
7.303523900134151801e+06
7.289249593987803906e+06
7.309556256589339115e+06
7.309389239442242309e+06
7.296285987815383822e+06
7.284626357125846669e+06
7.285650645822996274e+06
7.298144626931650564e+06
7.271617632147406228e+06
7.262518215073368512e+06
7.287297347105287015e+06
7.276944800344751216e+06
7.301855002835365944e+06
7.278255381405195221e+06
7.264003767818848602e+06
7.269448754488380626e+06
7.259075037361528724e+06
7.268556277967376634e+06
7.264056521248178557e+06
7.258382709010324441e+06
7.274308492848580703e+06
7.259953750554552302e+06
7.267840773020992056e+06
7.257246655752102844e+06
7.262776120540619828e+06
7.256796315819769166e+06
7.255450468422723003e+06
7.265939893031575717e+06
7.256807632744178176e+06
7.254841769880278967e+06
7.261719811013069935e+06
7.268257422594755888e+06
7.253801279556621797e+06
7.253893748518339358e+06
7.253604425637131557e+06
7.260006796058739536e+06
7.256553366412934847e+06
7.253295130905441940e+06
7.261473046822145581e+06
7.252540033739227802e+06
7.252810851328123361e+06
7.253641361052662134e+06
7.260836077424870804e+06
7.251897917831755243e+06
7.253693775088498369e+06
7.252452477225584909e+06
7.252132932647312991e+06
7.254023695086671971e+06
7.252164451980610378e+06
7.252777665004414506e+06
7.252060116026383825e+06
7.252479954545639455e+06
7.251974117337432690e+06
7.254441309128400870e+06
7.251815204521038570e+06
7.252179186189001426e+06
7.251931276147828437e+06
7.251886407352869399e+06
7.251782246699962765e+06
7.252037851304966025e+06
7.252086877417540178e+06
7.251809483291410841e+06
7.251851406572157517e+06
7.252031545606793836e+06
7.251779031234323978e+06
7.251783868577495217e+06
7.251907606756863184e+06
7.251761947307547554e+06
7.251836793174868450e+06
7.251755794871557504e+06
7.251855162318808027e+06
7.251752475571751595e+06
7.251843221643093973e+06
7.251745708645910025e+06
7.251806775516439229e+06
7.251748262045614421e+06
7.251798715931723826e+06
7.251747790179726668e+06
7.251771849707282148e+06
7.251744431041616946e+06
7.251752039038139395e+06
7.251752799151525833e+06
7.251742407734363340e+06
7.251758030691534281e+06
7.251741688522927463e+06
7.251755505279758014e+06
7.251740656114753336e+06
7.251752789167048410e+06
7.251740737999593839e+06
7.251749754911802709e+06
7.251740325564607978e+06
7.251751932100017555e+06
7.251739770794920623e+06
7.251741584395392798e+06
7.251744643058260903e+06
7.251739462465984747e+06
7.251741505748017691e+06
7.251739649626425467e+06
7.251742167241294868e+06
7.251739338007568382e+06
7.251741401793196797e+06
7.251739376444729976e+06
7.251741046484203078e+06
7.251739296216575429e+06
7.251740999250249006e+06
7.251739129546149634e+06
7.251739465209342539e+06
7.251739129400875419e+06
7.251739631212663837e+06
7.251739127916573547e+06
7.251739563189052045e+06
7.251739104182866402e+06
7.251739726146005094e+06
7.251739080208606087e+06
7.251739304759547114e+06
7.251739102687027305e+06
7.251739271941537037e+06
7.251739051048472524e+06
7.251739142054131255e+06
7.251739062418436632e+06
7.251739138942874037e+06
7.251739061120484024e+06
7.251739141003212892e+06
7.251739052707081661e+06
7.251739091088198125e+06
7.251739049901844002e+06
7.251739117511016317e+06
7.251739045014170930e+06
7.251739065065347590e+06
7.251739043665949255e+06
7.251739090658649802e+06
7.251739041120477952e+06
7.251739073365193792e+06
7.251739040191748179e+06
7.251739046150492504e+06
7.251739059650461189e+06
7.251739039984575473e+06
7.251739047202341259e+06
7.251739039797700942e+06
7.251739050759712234e+06
7.251739039094694890e+06
7.251739045164137147e+06
7.251739039116836153e+06
7.251739040788642131e+06
7.251739038442511111e+06
7.251739044535588473e+06
7.251739037978252396e+06
7.251739039730188437e+06
7.251739039842776023e+06
7.251739038231472485e+06
7.251739040326519869e+06
7.251739038144335151e+06
7.251739039651510306e+06
7.251739037990475073e+06
7.251739039693794213e+06
7.251739037971036509e+06
7.251739039682548493e+06
7.251739037768100388e+06
7.251739038242641836e+06
7.251739037826465443e+06
7.251739038134168833e+06
7.251739037794576958e+06
7.251739038125853986e+06
7.251739037745801732e+06
7.251739038462346420e+06
7.251739037716494873e+06
7.251739037946620956e+06
7.251739037746289745e+06
7.251739038190652616e+06
7.251739037690924481e+06
7.251739037788271904e+06
7.251739037713778205e+06
