5.882742580228443146e+08
5.620327336928741455e+11
2.207672874446063538e+11
3.951192214051422729e+11
2.782909923714758301e+11
1.763124091281205444e+11
1.421261963084502869e+11
1.526050536548681946e+11
1.727924015078525085e+11
1.466056652592177734e+11
8.466857862277354431e+10
6.452014436178364563e+10
9.595474579290084839e+10
1.063720163322704163e+11
7.106470657975146484e+10
4.099006553385273743e+10
4.792865223813957977e+10
6.245814751120046997e+10
5.496154004184622192e+10
3.799859212758009338e+10
3.136892115850029755e+10
3.201992497624730682e+10
3.178616577535630417e+10
3.167789671881546402e+10
2.993047231820980072e+10
2.167132798163714600e+10
1.378600991562387085e+10
1.723130566029172516e+10
2.499472185474495697e+10
2.106960997532898712e+10
9.133555960159511566e+09
6.745321193876257896e+09
1.453121828526771736e+10
1.661846106755125237e+10
9.492478014310010910e+09
5.078031557456643105e+09
7.522574646250396729e+09
9.279774972101945877e+09
7.430136273378548622e+09
5.857276605181981087e+09
5.371238990457214355e+09
4.544814425239066124e+09
4.475098425675889969e+09
5.167617675366078377e+09
4.383877660939906120e+09
2.793069692490557194e+09
2.875311804766077995e+09
3.690260606215698242e+09
3.155838072947929859e+09
2.211617023510008812e+09
2.226467341597816467e+09
2.439642111116096020e+09
2.186388116781348228e+09
1.884245084567685604e+09
1.680759568828671694e+09
1.600139662452076435e+09
1.730324924780641079e+09
1.587594546362272978e+09
1.116722667968264580e+09
1.150590172061022520e+09
1.513987387358320713e+09
1.237993163490560532e+09
7.803972244920647144e+08
9.906524378202018738e+08
1.227914596182372570e+09
9.366298012188044786e+08
7.373092126288498640e+08
8.691772254219939709e+08
9.104721573434880972e+08
8.134309271242108345e+08
7.409205350312765837e+08
7.121959446730486155e+08
7.471857056595202684e+08
7.548011484719376564e+08
6.636506128839029074e+08
6.342403833345639706e+08
6.894285483395872116e+08
6.617905647251360416e+08
6.014672214321409464e+08
6.203995796579468250e+08
6.299776866942020655e+08
5.927003937454950809e+08
5.835940224427815676e+08
5.933508086922999620e+08
5.851806455062510967e+08
5.693911825134342909e+08
5.606167998332706690e+08
5.682510909060533047e+08
5.682785113464001417e+08
5.469936607228479385e+08
5.452385430999106169e+08
5.579402823294070959e+08
5.468276902528599501e+08
5.352831599105913043e+08
5.413547920677332878e+08
5.412402592580201626e+08
5.342923919070190191e+08
5.327505550010723472e+08
5.324910214190745354e+08
5.308452019483033419e+08
5.293196847006440163e+08
5.278273472644799948e+08
5.267413305401639342e+08
5.255716088910701275e+08
5.250154993343736529e+08
5.246187392017999291e+08
5.227651059039939642e+08
5.221778021753359437e+08
5.226071035083488226e+08
5.213256549832972884e+08
5.204174867063010335e+08
5.203544475434648991e+08
5.198977369469591379e+08
5.194303870136094689e+08
5.188623617504351139e+08
5.185199204652026892e+08
5.183049852836703658e+08
5.179156723321763277e+08
5.176658953030328155e+08
5.172619948292163014e+08
5.169864814996600747e+08
5.170161862595763803e+08
5.166218810760561228e+08
5.162121443849231601e+08
5.162648132618736625e+08
5.161213884995905161e+08
5.157450168015739918e+08
5.155652636847125888e+08
5.155482474991221428e+08
5.153769760321431160e+08
5.150645098119111657e+08
5.150043257470333576e+08
5.149324914057732821e+08
5.146851103537811637e+08
5.145721234600765705e+08
5.144687854366869926e+08
5.143185678863617778e+08
5.141964551826286316e+08
5.140695392918705940e+08
5.139499713644179106e+08
5.138254944146338105e+08
5.137164805260076523e+08
5.136004709997105598e+08
5.134649027362571359e+08
5.133692408789947629e+08
5.132623332284179926e+08
5.131304317595233917e+08
5.130229877335843444e+08
5.129209543599378467e+08
5.128131297809147835e+08
5.126866354084035754e+08
5.125823272891892195e+08
5.124910643919840455e+08
5.123632035921686292e+08
5.122529233603209853e+08
5.121597299967542291e+08
5.120451436530231237e+08
5.119292789826930761e+08
5.118288198202232718e+08
5.117234280090028048e+08
5.116066883978514671e+08
5.115024539323435426e+08
5.113972951104730964e+08
5.112825706500298381e+08
5.111778384100387692e+08
5.110694505899711847e+08
5.109572032471299171e+08
5.108508090783365369e+08
5.107418137913537025e+08
5.106302779744521379e+08
5.105209030056622624e+08
5.104134751543638110e+08
5.103009216799637675e+08
5.101897997940747142e+08
5.100822264325299859e+08
5.099693693122993112e+08
5.098573603213971853e+08
5.097479410398396850e+08
5.096354603178052902e+08
5.095227648271756172e+08
5.094113842075049281e+08
5.092988770653915405e+08
5.091855342520225644e+08
5.090728841517964602e+08
5.089594937560203075e+08
5.088457364456233978e+08
5.087320027409043312e+08
5.086176487632839680e+08
5.085032639952103496e+08
5.083885125194467306e+08
5.082734300369048715e+08
5.081580558291144967e+08
5.080424569095740318e+08
5.079266313207780719e+08
5.078102461436937451e+08
5.076938240242875814e+08
5.075771569088169932e+08
5.074599089180927277e+08
5.073425876768820882e+08
5.072250499738293886e+08
5.071070024756806493e+08
5.069887755615291595e+08
5.068703474914759398e+08
5.067514999162883759e+08
5.066324017880945802e+08
5.065130717300464511e+08
5.063934131539568901e+08
5.062734548115954995e+08
5.061532556064052582e+08
5.060327476965095997e+08
5.059119534187538028e+08
5.057909030221427679e+08
5.056695305720705390e+08
5.055479183807276487e+08
5.054260129106874466e+08
5.053037995441693068e+08
5.051813560119767189e+08
5.050586081459765434e+08
5.049355690440999866e+08
5.048122863069465756e+08
5.046887097629064918e+08
5.045648498228293061e+08
5.044407340808981657e+08
5.043163336163414717e+08
5.041916601631547809e+08
5.040667173174372911e+08
5.039415007697342038e+08
5.038160163847533464e+08
5.036902556805839539e+08
5.035642307545213699e+08
5.034379357750849128e+08
5.033113702726107240e+08
5.031845387828828692e+08
5.030574411085336804e+08
5.029300764987877011e+08
5.028024447005457282e+08
5.026745512574713230e+08
5.025463917657238841e+08
5.024179681640465260e+08
5.022892833193792701e+08
5.021603358089557886e+08
5.020311263006542325e+08
5.019016561949470043e+08
5.017719267862884998e+08
5.016419369323834777e+08
5.015116882668566704e+08
5.013811824261433482e+08
5.012504182035809159e+08
5.011193971612002850e+08
5.009881205857168436e+08
5.008565878583794832e+08
5.007248004390975833e+08
5.005927588026694655e+08
5.004604635363767743e+08
5.003279153685597181e+08
5.001951145540155768e+08
5.000620625375868082e+08
4.999287590758306980e+08
4.997952051883787513e+08
4.996614017119876146e+08
4.995273488522365093e+08
4.993930474051996469e+08
4.992584981130337715e+08
4.991237014383316040e+08
4.989886579570153952e+08
4.988533684392900467e+08
4.987178334262096882e+08
4.985820534174425602e+08
4.984460291611304879e+08
4.983097612486023903e+08
4.981732501379069090e+08
4.980364965836608410e+08
4.978995011238079071e+08
4.977622643104799986e+08
4.976247867810521722e+08
4.974870691297237873e+08
4.973491118899633288e+08
4.972109157005181909e+08
4.970724811017454267e+08
4.969338087068895102e+08
4.967948990607736707e+08
4.966557527466745973e+08
4.965163703724535704e+08
4.963767524431363344e+08
4.962368995733417273e+08
4.960968123439203501e+08
4.959564912479169369e+08
4.958159369301994443e+08
4.956751499026213884e+08
4.955341307246403694e+08
4.953928799790911078e+08
4.952513981947795153e+08
4.951096859329248071e+08
4.949677437507923245e+08
4.948255721845313311e+08
4.946831717927095294e+08
4.945405431113713384e+08
4.943976866882374287e+08
4.942546030674648881e+08
4.941112927784723043e+08
