6.049796834468141198e+07
7.728339408483240967e+11
1.987617771612261658e+11
4.021217014731275024e+11
4.067697055252438965e+11
2.690843037462949829e+11
1.492902879853719482e+11
1.349352745078931427e+11
1.891402102675407715e+11
1.985357654178381042e+11
1.398569519282830200e+11
9.374483090692810059e+10
9.433602231654690552e+10
9.644036010350997925e+10
8.043753018183627319e+10
7.274432807108666992e+10
8.028761608219891357e+10
7.539733362203915405e+10
4.950306884572721100e+10
3.185298329128001022e+10
3.917681958388175964e+10
5.141526761047305298e+10
4.844213994389302826e+10
3.554039946060595703e+10
2.492976473420367050e+10
1.975904487123281097e+10
2.103788775049240875e+10
2.806566137397095490e+10
3.075438159066742706e+10
2.060958998602619553e+10
7.813899799895385742e+09
8.251458530486718178e+09
1.809184029244575119e+10
2.040486650743061829e+10
1.219791604989892006e+10
5.539292654191429138e+09
6.413482175871301651e+09
9.445890180289384842e+09
9.995954573008905411e+09
8.432173165479132652e+09
5.750936592398291588e+09
3.545564176864869595e+09
4.097122624082927704e+09
6.114689348176086426e+09
5.820569503351835251e+09
3.377092354890114784e+09
2.196288546218053341e+09
2.884356475890467644e+09
3.409305534218261242e+09
3.088731216285924435e+09
2.452387221970613956e+09
1.767159511455961227e+09
1.513504221720751286e+09
1.878874565474820137e+09
2.019301772676716566e+09
1.536921604381366730e+09
1.099031761159108639e+09
1.005237092605712056e+09
1.038262870890573740e+09
1.166048429455376625e+09
1.127350844830466270e+09
6.859407048247915506e+08
4.204394693052397370e+08
7.150306687330367565e+08
9.063719155429366827e+08
5.876122118270912170e+08
2.930777320924093127e+08
3.790733601706342101e+08
5.497597941067295074e+08
5.048719866673782468e+08
3.054415570237280726e+08
2.110439272512659431e+08
3.075472094612960815e+08
3.710049111158487201e+08
2.702692098546828032e+08
1.743595095361176729e+08
1.912869399351417124e+08
2.267375946936917007e+08
2.133122078465912044e+08
1.698962922618317604e+08
1.344267719336923957e+08
1.381038094132906497e+08
1.582845625483554006e+08
1.472386255266361237e+08
1.132608461898723394e+08
9.720494475493212044e+07
1.103688901845388561e+08
1.222936852404206842e+08
1.020290607448752522e+08
7.588003878198711574e+07
8.337896609710524976e+07
9.930354252708777785e+07
8.799909097001582384e+07
6.838916448385734856e+07
6.841171723564648628e+07
7.981415988614283502e+07
7.763843112049740553e+07
6.296247854856581241e+07
6.035419204119598866e+07
6.848442424373273551e+07
6.714348275692862272e+07
5.962261367485909164e+07
5.746169594346396625e+07
5.944329457170988619e+07
6.061213445578394085e+07
5.776143381149344891e+07
5.418941707844472677e+07
5.488968473029885441e+07
5.657192009438022226e+07
5.515817151475314051e+07
5.251288419858169556e+07
5.216000726991125941e+07
5.377498473735690862e+07
5.329503561388631165e+07
5.099132763408886641e+07
5.080703427949177474e+07
5.195524175164393336e+07
5.160089517659053952e+07
5.023833863286176324e+07
4.988495369769600034e+07
5.068554511483026296e+07
5.061893615082460642e+07
4.952086313363687694e+07
4.938482728270485997e+07
4.994927141846407205e+07
4.976342181487687677e+07
4.915857229582102597e+07
4.905266912244459987e+07
4.936249701200566441e+07
4.928587107287019491e+07
4.885337999076057971e+07
4.880402841541162133e+07
4.900917971098574251e+07
4.892442958724324405e+07
4.864977476300880313e+07
4.862955158604077995e+07
4.876709824542428553e+07
4.867126714310969412e+07
4.851059578555530310e+07
4.851686228495537490e+07
4.856947065355382115e+07
4.852307536158468574e+07
4.840936792519514263e+07
4.840709068842922151e+07
4.845914800748171657e+07
4.840381201843859255e+07
4.832553915318556875e+07
4.833814371174098551e+07
4.837002015596380830e+07
4.831262520943529904e+07
4.826126932484976202e+07
4.829176959555972368e+07
4.829053734288203716e+07
4.824072087480126321e+07
4.822466951935082674e+07
4.823955546274200827e+07
4.822631320101112127e+07
4.819229569663740695e+07
4.818871058053090423e+07
4.819166131986185908e+07
4.817478147194976360e+07
4.815594952482416481e+07
4.814987889923889190e+07
4.815070833520437777e+07
4.813373574455722421e+07
4.811832414462820441e+07
4.811820505247186124e+07
4.811076425915435702e+07
4.809646625059442222e+07
4.808674594531804323e+07
4.808426287345166504e+07
4.807513439188526571e+07
4.806203133339916915e+07
4.805659619677045196e+07
4.805083823577658087e+07
4.804097723899190873e+07
4.803079581613334268e+07
4.802547671147893369e+07
4.801868518471484631e+07
4.800784419484166801e+07
4.800072357547694445e+07
4.799449182817114145e+07
4.798596989043453336e+07
4.797698082748941332e+07
4.797015351271551102e+07
4.796317703614009917e+07
4.795412531524391472e+07
4.794647045485400409e+07
4.793939699434899539e+07
4.793150285691091418e+07
4.792317424153171480e+07
4.791561934443542361e+07
4.790833294182599336e+07
4.790008059684299678e+07
4.789212222559063882e+07
4.788466471736625582e+07
4.787694497197446972e+07
4.786866907126782089e+07
4.786098484886252135e+07
4.785342088907399029e+07
4.784522634257678688e+07
4.783732495264023542e+07
4.782960698220259696e+07
4.782166566916049272e+07
4.781358340033565462e+07
4.780571082923113555e+07
4.779783771846694499e+07
4.778975512371163070e+07
4.778172616486789286e+07
4.777379746740113199e+07
4.776576861159356683e+07
4.775762689476385713e+07
4.774961252851603925e+07
4.774157358845477551e+07
4.773340466325898468e+07
4.772528244766294211e+07
4.771719902554317564e+07
4.770901726774495840e+07
4.770081524405133724e+07
4.769265940386553109e+07
4.768445326983792335e+07
4.767620131552618742e+07
4.766796221735739708e+07
4.765971912673082203e+07
4.765142320675072819e+07
4.764311585581921786e+07
4.763481522469194978e+07
4.762648059919781238e+07
4.761811237335456163e+07
4.760975173233386129e+07
4.760136915502333641e+07
4.759295161299435049e+07
4.758452829141110927e+07
4.757609427576559037e+07
4.756762900399982184e+07
4.755914684489616752e+07
4.755065852443160862e+07
4.754214353492275625e+07
4.753360820292158425e+07
4.752506233436557651e+07
4.751649815487846732e+07
4.750790977536429465e+07
4.749930925435178727e+07
4.749069233332528919e+07
4.748205353684840351e+07
4.747339862548291683e+07
4.746472878465653211e+07
4.745603949341947585e+07
4.744733137052783370e+07
4.743860897860378772e+07
4.742986833994490653e+07
4.742110864351794869e+07
4.741233352818225324e+07
4.740354177000170201e+07
4.739473075733924657e+07
4.738590386352080107e+07
4.737706059408993274e+07
4.736819897802799195e+07
4.735932062503277510e+07
4.735042623825547099e+07
4.734151408724048734e+07
4.733258494468748569e+07
4.732363965620300174e+07
4.731467722814822197e+07
4.730569773296637088e+07
4.729670190234388411e+07
4.728768947001440078e+07
4.727865992956827581e+07
4.726961404104025662e+07
4.726055179847613722e+07
4.725147257187965512e+07
4.724237705306643993e+07
4.723326522017958760e+07
4.722413671044076979e+07
4.721499186242804676e+07
4.720583080271410942e+07
4.719665330127891153e+07
4.718745947018196434e+07
4.717824953512641042e+07
4.716902332266137749e+07
4.715978086571084708e+07
4.715052238019750267e+07
4.714124776057651639e+07
4.713195701686082780e+07
4.712265029425379634e+07
4.711332759838996083e+07
4.710398886341559887e+07
4.709463425382584333e+07
4.708526377198389173e+07
4.707587737337116897e+07
4.706647519228398055e+07
4.705705723119797558e+07
4.704762348947966844e+07
4.703817403736224025e+07
4.702870892127904296e+07
4.701922813015760481e+07
4.700973172627139837e+07
4.700021975737128407e+07
4.699069222199968994e+07
4.698114917314821482e+07
