8.274292791467640686e+10
7.876346464049390869e+11
1.946192006850635986e+11
5.320406364343693848e+11
5.152008403356653442e+11
2.141647118239439697e+11
1.024896554294739380e+11
2.465844014801891174e+11
3.317150155384904175e+11
2.221362731807430725e+11
7.925075607179191589e+10
7.312911927100746155e+10
1.641746104085691223e+11
1.944828943897414856e+11
1.247200573125234680e+11
5.289572813641266632e+10
5.424334419970079803e+10
9.738697269570852661e+10
1.115196950769376831e+11
8.068934678935198975e+10
4.452401752525201416e+10
3.821639031420623016e+10
5.566484606170568085e+10
6.650983649525307465e+10
5.466467097215257263e+10
3.357075031486792755e+10
2.569785015005173111e+10
3.441399575099835205e+10
4.206076382719094086e+10
3.539839158203161621e+10
2.243067146691918182e+10
1.821355276787976837e+10
2.343127249441474915e+10
2.642252465737493896e+10
2.148936144781084824e+10
1.498890868327113342e+10
1.365059242510362053e+10
1.578443923407212448e+10
1.611987705204739189e+10
1.341055973475793839e+10
1.042263927354232788e+10
9.562732556742061615e+09
1.031359816616956329e+10
1.033731265304096603e+10
8.616370517324632645e+09
6.841968413477712631e+09
6.672907056596259117e+09
7.185263920975309372e+09
6.651656376614392281e+09
5.388063410209773064e+09
4.777882625312891006e+09
4.860650611644940376e+09
4.782067433016310692e+09
4.249471060620374680e+09
3.636241913176469803e+09
3.392171621772275925e+09
3.440781012129230499e+09
3.274299609308532715e+09
2.811264598068454742e+09
2.528749589253333092e+09
2.555622696623113632e+09
2.482145794235852242e+09
2.193258846141182899e+09
1.992930326292603254e+09
1.956973831953220367e+09
1.897728683962092161e+09
1.757954943412889481e+09
1.621619366468670368e+09
1.554116886705855370e+09
1.548656132673506737e+09
1.553510245765047789e+09
1.488603788072516441e+09
1.310408666011036158e+09
1.269264423056224346e+09
1.308718384072808504e+09
1.166836744402863026e+09
1.118385045858994484e+09
1.138047921752344608e+09
1.052864846575601935e+09
1.050307846124331474e+09
9.983117763479162455e+08
9.613287661885640621e+08
9.809473275630208254e+08
9.153348678148419857e+08
9.109480966820381880e+08
8.936208318630813360e+08
8.687570024655271769e+08
8.726488136886894703e+08
8.335027981387948990e+08
8.363941900998041630e+08
8.260603157797136307e+08
8.080847918824903965e+08
8.077246561940014362e+08
7.876176947928392887e+08
7.920671735830180645e+08
7.815949565285104513e+08
7.685673507260997295e+08
7.730767478323482275e+08
7.615696553255848885e+08
7.599766535769823790e+08
7.554237010441024303e+08
7.487795577721036673e+08
7.518600862818382978e+08
7.433995828126622438e+08
7.412335072446132898e+08
7.425238397787213326e+08
7.363994330462909937e+08
7.363978376306664944e+08
7.344643792274051905e+08
7.319054376128290892e+08
7.326157774679822922e+08
7.291482464755671024e+08
7.284380554113724232e+08
7.291937299438188076e+08
7.260651906733225584e+08
7.258466223287672997e+08
7.261007014991769791e+08
7.241296984589211941e+08
7.240497498222016096e+08
7.237058081587884426e+08
7.225814148089312315e+08
7.227188832135268450e+08
7.220495232542526722e+08
7.213057757372403145e+08
7.215895144703544378e+08
7.209326322741411924e+08
7.203589297909860611e+08
7.205936889478698969e+08
7.201143676675876379e+08
7.196481719946304560e+08
7.197522401412409544e+08
7.194484944545825720e+08
7.190627009775981903e+08
7.190676555836197138e+08
7.188830752118799686e+08
7.185628450333906412e+08
7.185003219136102200e+08
7.183954326470240355e+08
7.181267992915847301e+08
7.180200438980376720e+08
7.179654842945288420e+08
7.177749685358058214e+08
7.176827329226950407e+08
7.177499037917379141e+08
7.178866098043712378e+08
7.184057292127380371e+08
7.199624950468508005e+08
7.238545536173783541e+08
7.334088644247679710e+08
7.557987802276223898e+08
8.004549166263481379e+08
8.573511801799134016e+08
8.598016949892636538e+08
7.771811125889608860e+08
7.514875553273638487e+08
8.491307658841079473e+08
9.118455360665470362e+08
8.332679283673188686e+08
7.508104336578541994e+08
7.785612053457198143e+08
8.060817412393286228e+08
7.705106321753408909e+08
7.507295189265165329e+08
7.675486862190426588e+08
7.625648789488388300e+08
7.433930375323928595e+08
7.475578583685579300e+08
7.506000161919715405e+08
7.370587381600906849e+08
7.364646366572235823e+08
7.412707528494027853e+08
7.313343278547052145e+08
7.290760558066538572e+08
7.345187968120270967e+08
7.269027897192440033e+08
7.235927665541664362e+08
7.293888312668980360e+08
7.238578001043201685e+08
7.194418542286595106e+08
7.251139389360613823e+08
7.219213287788540125e+08
7.165064541308029890e+08
7.212626716171481609e+08
7.206066786412938833e+08
7.147678821034044027e+08
7.177421918090167046e+08
7.193835669221932888e+08
7.141222632947196960e+08
7.147368316944789886e+08
7.177983995881216526e+08
7.142351867357759476e+08
7.126183462121858597e+08
7.157004087207601070e+08
7.144947205078619719e+08
7.116501109387671947e+08
7.133881326216663122e+08
7.142351469091798067e+08
7.116862081164016724e+08
7.115121547547457218e+08
7.131381324194412231e+08
7.120511285932331085e+08
7.106137508183976412e+08
7.115578834881957769e+08
7.119306916462808847e+08
7.105947640937247276e+08
7.102939255569187403e+08
7.110514650408481359e+08
7.106977894254784584e+08
7.098207506048042774e+08
7.099495088324747086e+08
7.102627090604581833e+08
7.097750967665601969e+08
7.093055809831807613e+08
7.094405287362331152e+08
7.094764276413205862e+08
7.090871426116890907e+08
7.088227675090762377e+08
7.088525529303327799e+08
7.087736342928409576e+08
7.085034931782591343e+08
7.083202366074318886e+08
7.082594482144519091e+08
7.081394780839440823e+08
7.079502803972905874e+08
7.078030489126648903e+08
7.076914428337758780e+08
7.075520451676665545e+08
7.074049553856751919e+08
7.072874756213067770e+08
7.071728251042704582e+08
7.070440389997533560e+08
7.069519085216400623e+08
7.069483876805045605e+08
7.070568594728965759e+08
7.073832816740007401e+08
7.082610935838220119e+08
7.103973513103507757e+08
7.152400678983157873e+08
7.258008499738777876e+08
7.474842797057354450e+08
7.857109002357722521e+08
8.311286869271774292e+08
8.381735369522026777e+08
7.720106104009865522e+08
7.079530923084577322e+08
7.292421486417748928e+08
7.775075581895985603e+08
7.578920793709194660e+08
7.085638518772084713e+08
7.201013898816454411e+08
7.523722239090667963e+08
7.317586775877047777e+08
7.040899691423654556e+08
7.227152652484970093e+08
7.356934952888134718e+08
7.125835891631854773e+08
7.055414025819269419e+08
7.232833128922678232e+08
7.199127097872846127e+08
7.038094796812893152e+08
7.097381830017421246e+08
7.183791559023025036e+08
7.082908719353605509e+08
7.029451349469990730e+08
7.112987531517161131e+08
7.110308081012209654e+08
7.028076706432241201e+08
7.045029442461091280e+08
7.093452224862121344e+08
7.051699454394631386e+08
7.014970843350834846e+08
7.050556406474931240e+08
7.060141625392290354e+08
7.019544527035281658e+08
7.015246166229791641e+08
7.041881829231226444e+08
7.031230131946052313e+08
7.005525321418495178e+08
7.014059879440866709e+08
7.027113710493642092e+08
7.011755006936762333e+08
6.998843868587622643e+08
7.008664331218782663e+08
7.012652348187276125e+08
6.999406358561216593e+08
6.993617700260732174e+08
7.000887698528726101e+08
7.000699598476507664e+08
6.990864955435777903e+08
6.988019587362294197e+08
6.992536165821263790e+08
6.991074992557389736e+08
6.984013593951383829e+08
6.982007474358264208e+08
6.984555319800868034e+08
6.983167891371988058e+08
6.978175064261791706e+08
6.976444715082172155e+08
6.978185692148889303e+08
6.978241539588596821e+08
