9.742361393983052671e+07
7.611370012887178955e+11
2.069578120166827393e+11
3.992090621866446533e+11
4.071935194362149048e+11
2.719518745544841003e+11
1.462075347198952637e+11
1.320307472438816833e+11
1.933324353936056213e+11
2.039554664737317810e+11
1.381006376464030457e+11
8.718358797235287476e+10
9.233471470576940918e+10
1.016242740802977295e+11
8.566695845880506897e+10
7.168596148739340210e+10
7.509802764755458069e+10
7.278275121100326538e+10
5.214428935474806213e+10
3.595216233647967529e+10
3.989109833147570801e+10
4.857806944257444763e+10
4.597470219880727386e+10
3.621014142682144165e+10
2.737426725016968155e+10
2.083197234291376877e+10
1.987711552389518738e+10
2.663183188326839447e+10
3.082505595401992798e+10
2.167894682668551254e+10
8.349216863785760880e+09
7.892873008446566582e+09
1.768162635640479279e+10
2.046297019827538681e+10
1.241448737643470955e+10
5.611261389666001320e+09
6.459365506320510864e+09
9.544750583630418777e+09
1.000146511538871956e+10
8.330321540724328995e+09
5.739999948873186111e+09
3.703531234726425171e+09
4.257335219976047993e+09
6.110425734532030106e+09
5.711192445723318100e+09
3.364517996283265114e+09
2.338266486743635654e+09
3.014156796861315250e+09
3.401350451664189816e+09
3.030131101329142570e+09
2.467836172133285046e+09
1.857058459422346115e+09
1.603592492956198454e+09
1.899947262487941742e+09
1.981060761442932367e+09
1.547671989272503853e+09
1.197757304775650024e+09
1.073805471496366739e+09
1.018294450338948250e+09
1.163665298676730156e+09
1.194717399820051670e+09
7.411088244636014700e+08
4.314783339671134353e+08
7.375055417971174717e+08
9.495974836097998619e+08
6.182857659395246506e+08
3.200588826992422938e+08
4.194499682335136533e+08
5.840892038802900314e+08
5.271182449829033613e+08
3.369368446627892256e+08
2.511883799798847735e+08
3.404541772837895155e+08
3.989443155681746602e+08
3.003466853527945876e+08
2.068850280223052800e+08
2.263195335663603544e+08
2.602885563525353968e+08
2.416382991869753301e+08
1.984463688240743577e+08
1.692164215545343161e+08
1.743319629368473887e+08
1.870332835918717384e+08
1.736868976565020978e+08
1.485652458971403241e+08
1.335030710688504428e+08
1.379172486943620741e+08
1.513731694839623272e+08
1.374333134212661386e+08
1.082583422755139321e+08
1.128880211054196507e+08
1.314696953781591654e+08
1.204715432003218979e+08
9.945617394656608999e+07
1.003187311845958531e+08
1.120500261128447205e+08
1.086474277642334998e+08
9.429503717632415891e+07
9.290181090917077661e+07
1.002543730057570934e+08
9.793503806401115656e+07
9.135421801914151013e+07
8.978850912536546588e+07
9.088313122521640360e+07
9.179152070648725331e+07
8.958879621995362639e+07
8.603983359886370599e+07
8.642967553464479744e+07
8.807374814324729145e+07
8.672570494097343087e+07
8.428442041846363246e+07
8.380471876600056887e+07
8.520510816904370487e+07
8.494400867069827020e+07
8.264022152455893159e+07
8.236194743620680273e+07
8.356286674167971313e+07
8.311167039582245052e+07
8.182120658578093350e+07
8.152598061131547391e+07
8.218847753075340390e+07
8.214517489087313414e+07
8.110326757543301582e+07
8.094487887493306398e+07
8.147805163750140369e+07
8.126908190870299935e+07
8.070118631150081754e+07
8.060221703695386648e+07
8.086459886337582767e+07
8.077946560926678777e+07
8.037225795727239549e+07
8.032624975835162401e+07
8.049397801104827225e+07
8.039279527888534963e+07
8.015817825742381811e+07
8.012347794048333168e+07
8.021442324162259698e+07
8.014559120676523447e+07
7.999138603333061934e+07
7.996708473118185997e+07
8.001720732764410973e+07
7.997646600185160339e+07
7.985594958157546818e+07
7.983842175560621917e+07
7.989232709336228669e+07
7.983143633884663880e+07
7.974319448759225011e+07
7.975696976813501120e+07
7.977636597486901283e+07
7.971509204767017066e+07
7.966258450288935006e+07
7.968261415258736908e+07
7.967609551677024364e+07
7.962198349390146136e+07
7.960123569829981029e+07
7.960837936919459701e+07
7.958882387932278216e+07
7.955171816049993038e+07
7.954098774306304753e+07
7.953743505129162967e+07
7.951547931018182635e+07
7.949069406325349212e+07
7.947952165132428706e+07
7.947295209412918985e+07
7.945052176878045499e+07
7.943051800331352651e+07
7.942311349645973742e+07
7.940954751692357659e+07
7.939008818315489590e+07
7.937468828419031203e+07
7.936485957781147957e+07
7.935051169532345235e+07
7.933191221395185590e+07
7.931936883530497551e+07
7.930811567604553699e+07
7.929210059198798239e+07
7.927580586145696044e+07
7.926438502415263653e+07
7.925122641401775181e+07
7.923451963881547749e+07
7.922119686553719640e+07
7.920852283221568167e+07
7.919395288082577288e+07
7.917886663537706435e+07
7.916557534026364982e+07
7.915236395958867669e+07
7.913719894661356509e+07
7.912310462537907064e+07
7.910974106082452834e+07
7.909554820686174929e+07
7.908087199136617780e+07
7.906695851446887851e+07
7.905324777095098794e+07
7.903866287894305587e+07
7.902426828696890175e+07
7.901037601951432228e+07
7.899620745285890996e+07
7.898150164586934447e+07
7.896731832091167569e+07
7.895325533948503435e+07
7.893857087818759680e+07
7.892413845859050751e+07
7.890987587720319629e+07
7.889537490436471999e+07
7.888072863703373075e+07
7.886626572366186976e+07
7.885177893847660720e+07
7.883707973911741376e+07
7.882242267938514054e+07
7.880783221305742860e+07
7.879312982803651690e+07
7.877832064617867768e+07
7.876359879283653200e+07
7.874883422301791608e+07
7.873395295394034684e+07
7.871907665768347681e+07
7.870422407527540624e+07
7.868927822340007126e+07
7.867427613577337563e+07
7.865931299996761978e+07
7.864428513869220018e+07
7.862919393817093968e+07
7.861410217583143711e+07
7.859898771181079745e+07
7.858381001024313271e+07
7.856860274001269042e+07
7.855338789535616338e+07
7.853812247878958285e+07
7.852281289795932174e+07
7.850749076484857500e+07
7.849213373988890648e+07
7.847672905953492224e+07
7.846130045662952960e+07
7.844584730171950161e+07
7.843034989502239227e+07
7.841481865649539232e+07
7.839926715467560291e+07
7.838367553752736747e+07
7.836804691996552050e+07
7.835239534771224856e+07
7.833670892876072228e+07
7.832098525386688113e+07
7.830523460525843501e+07
7.828945238345280290e+07
7.827363499468661845e+07
7.825778657053016126e+07
7.824190871992801130e+07
7.822599749075588584e+07
7.821005321468140185e+07
7.819408006206132472e+07
7.817807474984988570e+07
7.816203642398627102e+07
7.814596810256095231e+07
7.812986941376197338e+07
7.811373742130289972e+07
7.809757532059344649e+07
7.808138314750561118e+07
7.806515845026272535e+07
7.804890336210599542e+07
7.803261814248877764e+07
7.801630145277400315e+07
7.799995402731662989e+07
7.798357651440685987e+07
7.796716829769581556e+07
7.795072926247806847e+07
7.793426018331551552e+07
7.791776095309257507e+07
7.790123094208973646e+07
7.788467110234677792e+07
7.786808127377255261e+07
7.785146106579773128e+07
7.783481104242277145e+07
7.781813126341734827e+07
7.780142145741881430e+07
7.778468189202708006e+07
7.776791281056453288e+07
7.775111396158851683e+07
7.773428553316840529e+07
7.771742773609000444e+07
7.770054045958024263e+07
7.768362377483835816e+07
7.766667788850794733e+07
7.764970276956991851e+07
7.763269844219040871e+07
7.761566506997291744e+07
7.759860271152012050e+07
7.758151131946510077e+07
7.756439109018373489e+07
7.754724205241198838e+07
7.753006421053972840e+07
7.751285769862598181e+07
7.749562257993322611e+07
7.747835886311155558e+07
7.746106665778400004e+07
7.744374603845283389e+07
7.742639702162788808e+07
7.740901970383162796e+07
7.739161415668754280e+07
7.737418041235442460e+07
7.735671855357713997e+07
