3.583407237701278180e+07
7.886131822770885010e+11
1.951984567732307129e+11
4.062108839536706543e+11
4.189404753535659790e+11
2.742027222755254822e+11
1.472464289439453430e+11
1.346038635840747223e+11
1.942011054113652649e+11
2.043413140405585022e+11
1.423793569289886475e+11
9.330397005445333862e+10
9.357381310613087463e+10
9.790650119841491699e+10
8.415215248773170471e+10
7.581703954954025269e+10
8.025128894728503418e+10
7.385007932095314026e+10
4.987903485723229980e+10
3.439787755186942291e+10
4.123317144027590942e+10
5.149444890203935242e+10
4.762200970830991364e+10
3.548616222176828003e+10
2.608566791089704895e+10
2.114819695969896698e+10
2.141567798403256226e+10
2.748181333137331009e+10
3.051185472071305466e+10
2.135894712044147491e+10
8.702868386056924820e+09
8.395304490024782181e+09
1.775673847925031662e+10
2.035765373017462540e+10
1.263163925496976089e+10
5.990829445767538071e+09
6.476305990996090889e+09
9.290403694574623108e+09
1.002868557920651054e+10
8.671018996104354858e+09
5.932241237954965591e+09
3.584137297308170319e+09
4.075761883572721004e+09
6.107559282752433777e+09
5.896909384124733925e+09
3.515687104033395767e+09
2.243121007232031345e+09
2.803302043563553333e+09
3.380195010058063507e+09
3.198826894061769009e+09
2.534921654918030262e+09
1.706113619348851442e+09
1.450896217645871878e+09
1.934690675685716867e+09
2.082584348852383614e+09
1.506131380402071476e+09
1.050616691000812411e+09
1.018012364817203879e+09
1.070756447587907314e+09
1.154155110689381599e+09
1.089957578635676146e+09
6.805423383822764158e+08
4.337880682892398834e+08
7.001425502544424534e+08
8.798264305773863792e+08
5.786197154121925831e+08
2.866901718977037072e+08
3.636929951018127799e+08
5.324621891623329520e+08
4.881691725432515144e+08
2.897447116117703915e+08
1.980170877575506866e+08
2.926841238912701607e+08
3.485777322714112997e+08
2.507720166797647774e+08
1.651341006269269586e+08
1.738034411370183229e+08
1.994764100276582837e+08
1.981945272715745568e+08
1.589529162562867403e+08
1.107281289276726097e+08
1.151967749570153654e+08
1.444639230436455011e+08
1.296239301736624837e+08
9.044033472733083367e+07
7.803057177333062887e+07
9.299760405758035183e+07
1.025141768195810020e+08
8.164005853009271622e+07
5.627408929354877770e+07
6.434891064639887959e+07
7.975165696477302909e+07
6.765925092667064071e+07
4.866161248866227269e+07
4.899265148223314434e+07
5.988270533109048754e+07
5.754013574107849598e+07
4.304087135705001652e+07
4.062758306585410237e+07
4.855825658352088928e+07
4.689757841732353717e+07
3.960258058944025636e+07
3.776572173612886667e+07
3.925017374594408274e+07
4.026765222587174922e+07
3.801805934385496378e+07
3.413354725577691942e+07
3.455588019551663101e+07
3.659973848189396411e+07
3.508927071965461969e+07
3.237901476812493429e+07
3.204824912934367731e+07
3.359444896244072169e+07
3.326700107267456129e+07
3.089258462424635142e+07
3.055374939487563074e+07
3.190430757077137753e+07
3.154292856637447700e+07
2.999551796901081130e+07
2.977876522927961126e+07
3.062667538889491558e+07
3.043074610674136132e+07
2.937340773092733324e+07
2.930862591704192013e+07
2.980924959747871011e+07
2.960183990157469735e+07
2.906255241189735010e+07
2.894241398742118850e+07
2.921145279113406315e+07
2.916973414078988507e+07
2.875876299345710129e+07
2.867113411320472881e+07
2.888864269826855883e+07
2.882763300416521728e+07
2.853713662645398453e+07
2.851662262232798710e+07
2.866426210124740750e+07
2.857537069136741757e+07
2.840551273350924253e+07
2.841940492524141818e+07
2.848114383866370469e+07
2.842701224985287711e+07
2.832203552681110427e+07
2.832510384643378854e+07
2.837222648338360712e+07
2.832562932836657017e+07
2.825206889739890769e+07
2.826089189178814366e+07
2.829962464958059415e+07
2.824805480827962607e+07
2.819508871776657552e+07
2.822901386664268374e+07
2.823451808888538182e+07
2.818568657329682261e+07
2.817112550830187276e+07
2.819137572990220413e+07
2.818236923385574296e+07
2.814854545193205401e+07
2.814922288380026445e+07
2.815774419162270427e+07
2.814151853509139642e+07
2.812562981382744387e+07
2.812574734317722917e+07
2.812777762240796536e+07
2.811335658426601812e+07
2.810367918392615020e+07
2.810566249740279093e+07
2.810072582762525603e+07
2.809124114380043000e+07
2.808478699464786053e+07
2.808452235778038576e+07
2.807980655606558546e+07
2.807038372599546611e+07
2.806741948339350894e+07
2.806564031706326827e+07
2.805956111378581822e+07
2.805232255963043496e+07
2.805057100622546300e+07
2.804761487512153760e+07
2.804002406543351710e+07
2.803633427732935175e+07
2.803388369160980359e+07
2.802877007030300424e+07
2.802329671110955998e+07
2.802009175559168309e+07
2.801668129411574453e+07
2.801120601360172033e+07
2.800709461780532449e+07
2.800369416093357280e+07
2.799938516001787409e+07
2.799463218576603755e+07
2.799077321004913747e+07
2.798709835287406668e+07
2.798247275706226006e+07
2.797820904270464927e+07
2.797441647541345283e+07
2.797033119965944439e+07
2.796580755354090407e+07
2.796177799942059442e+07
2.795791408706397563e+07
2.795348060764592513e+07
2.794925452613501623e+07
2.794529641691843048e+07
2.794110152218827978e+07
2.793675751097601280e+07
2.793265600529968366e+07
2.792855634439472854e+07
2.792424573916731030e+07
2.792001310720799863e+07
2.791588243914467469e+07
2.791165528732398897e+07
2.790733978307787701e+07
2.790314296189961955e+07
2.789894278147149459e+07
2.789461744608423859e+07
2.789034727375231683e+07
2.788612527702127397e+07
2.788181377347916737e+07
2.787749422109548002e+07
2.787322036542125046e+07
2.786891785955236480e+07
2.786456768225225806e+07
2.786024363169121742e+07
2.785592539327721298e+07
2.785155962471899390e+07
2.784719440464140102e+07
2.784284203804111108e+07
2.783846631772978231e+07
2.783406441598321870e+07
2.782967874081563205e+07
2.782528067503194138e+07
2.782085505500101298e+07
2.781643276232903823e+07
2.781200853666822240e+07
2.780756064030679315e+07
2.780310566320477054e+07
2.779865150694600493e+07
2.779418023188742995e+07
2.778969675894790888e+07
2.778521042097564787e+07
2.778071539223151281e+07
2.777620341336033121e+07
2.777168813963218778e+07
2.776716474961509556e+07
2.776262763885360211e+07
2.775808267612721771e+07
2.775353121722901613e+07
2.774896821981596947e+07
2.774439493880478293e+07
2.773981526077814028e+07
2.773522569189906493e+07
2.773062518841044977e+07
2.772601726202565059e+07
2.772140095128848404e+07
2.771677340002546459e+07
2.771213799466503039e+07
2.770749432717323676e+07
2.770284032203700393e+07
2.769817752686870843e+07
2.769350677578317374e+07
2.768882615464735404e+07
2.768413653363866732e+07
2.767943865936228633e+07
2.767473161112734303e+07
2.767001531480469182e+07
2.766529062818430364e+07
2.766055714539144188e+07
2.765581440596265346e+07
2.765106315515286848e+07
2.764630330788633972e+07
2.764153430361392722e+07
2.763675673981810361e+07
2.763197061153185740e+07
2.762717554910096154e+07
2.762237183417093381e+07
2.761755961695162579e+07
2.761273861771821603e+07
2.760790895816353709e+07
2.760307081360905990e+07
2.759822402936542407e+07
2.759336859489150345e+07
2.758850471046309173e+07
2.758363227496803552e+07
2.757875124949609116e+07
2.757386178664189205e+07
2.756896386479975283e+07
2.756405739884620905e+07
2.755914254366005212e+07
2.755421927496705949e+07
2.754928754440128431e+07
2.754434745046922192e+07
2.753939900200529769e+07
2.753444215865825489e+07
2.752947699192791432e+07
2.752450352028068900e+07
2.751952172135443613e+07
2.751453163962695375e+07
2.750953330498239771e+07
2.750452670246991143e+07
2.749951186500448734e+07
