1.880994112513456047e+08
7.185382954105419922e+11
2.110132239686606750e+11
4.045168228913154907e+11
3.804549327551055298e+11
2.487857288611802673e+11
1.484460376601170654e+11
1.422321919886942749e+11
1.892654991524092407e+11
1.892459697410351562e+11
1.276740942527885132e+11
8.529652142576202393e+10
9.388479028212770081e+10
1.022562331118844147e+11
8.353372929904867554e+10
6.631248889285907745e+10
6.899894013745826721e+10
7.018181082113940430e+10
5.381838072336940765e+10
3.770454184042805481e+10
3.802891553960735321e+10
4.443474865725218201e+10
4.316676429808793640e+10
3.600260183202240753e+10
2.820151397457537460e+10
2.091469982855791473e+10
1.874604599648094940e+10
2.492001720855975723e+10
2.953784241837500763e+10
2.142025275132928848e+10
8.823251075564188004e+09
8.110182858855630875e+09
1.696190134693397331e+10
1.926261659710583496e+10
1.184867253397565460e+10
6.008618614316184998e+09
6.885214757403802872e+09
9.164630762921585083e+09
9.264016904397056580e+09
8.103766317648310661e+09
5.969117277613830566e+09
3.762218449776250362e+09
4.048984625256210327e+09
5.981853239313448906e+09
5.706905594382961273e+09
3.279481764101258278e+09
2.229816046465976715e+09
3.087033146258952618e+09
3.548402182476186752e+09
2.969130022594943047e+09
2.263398766742752552e+09
1.854410981211792231e+09
1.836136135048961163e+09
2.016294697923974276e+09
1.839966893848561764e+09
1.442822599185404062e+09
1.344243343396081924e+09
1.266590276527819395e+09
1.016878103445175171e+09
1.083487823124778748e+09
1.251587643385623455e+09
8.869163881168305874e+08
5.082825881392804384e+08
7.480147265294647217e+08
9.806812227421823740e+08
6.963090974092597961e+08
4.169446100010899305e+08
4.885147495827962160e+08
6.216584836892714500e+08
5.880589838167034388e+08
4.270078707162538171e+08
3.230724072137541175e+08
4.018163994188299179e+08
4.742281383175656796e+08
3.695702453021797538e+08
2.728260181745691895e+08
3.099159726930035949e+08
3.393599134221740961e+08
3.030432220330503583e+08
2.693441493948336244e+08
2.539918592318820357e+08
2.519438288660430312e+08
2.565721461780188382e+08
2.463571774014221728e+08
2.270814081402923167e+08
2.136122174829464257e+08
2.132492013437102437e+08
2.238661630134745836e+08
2.146684756272832155e+08
1.880069076336182356e+08
1.899286807077164650e+08
2.069945132482683063e+08
1.961998409540740550e+08
1.776616155399271548e+08
1.800147772931789756e+08
1.877743135822389722e+08
1.837755698872642517e+08
1.738559689728513062e+08
1.714187318277670741e+08
1.760224015728784502e+08
1.754443495995183885e+08
1.696515581655846238e+08
1.672029230212762952e+08
1.685339108801986277e+08
1.694200265886033177e+08
1.669998884474840760e+08
1.638462421953353882e+08
1.644165460219894946e+08
1.656784657157783508e+08
1.640588994536608458e+08
1.621105120008023083e+08
1.619428263434797525e+08
1.627030976953214109e+08
1.622981076564136147e+08
1.606227269652934670e+08
1.602819519863738120e+08
1.610377450281026065e+08
1.606826100639100373e+08
1.596597491796001196e+08
1.593269693171859384e+08
1.597369107513711154e+08
1.597261722332675159e+08
1.589032611663107276e+08
1.586234472753577530e+08
1.590355336633052230e+08
1.589194437611766756e+08
1.583553834984709620e+08
1.582237024533326924e+08
1.584682243382618129e+08
1.583504313921259940e+08
1.579608336615963876e+08
1.579287668627798855e+08
1.580429949034437835e+08
1.579131204003775120e+08
1.577118169575628936e+08
1.576635426339744925e+08
1.577094792027453482e+08
1.576343651173073649e+08
1.574838779434030354e+08
1.574484456762823761e+08
1.574696242481723130e+08
1.574092612364180684e+08
1.572949054785082638e+08
1.572666709005298615e+08
1.572848406188148856e+08
1.572130125351659358e+08
1.571314162664281726e+08
1.571208793460445404e+08
1.571104433643793762e+08
1.570506844416812956e+08
1.569896781500872672e+08
1.569798398522864878e+08
1.569625480281511247e+08
1.569009061264688373e+08
1.568611430439558029e+08
1.568520560551241934e+08
1.568183442331412435e+08
1.567682750862508118e+08
1.567421448956524134e+08
1.567221379269457161e+08
1.566849080151045322e+08
1.566468032445395589e+08
1.566208585205011070e+08
1.565958347012542486e+08
1.565600402758935988e+08
1.565264085721434653e+08
1.565009469149098992e+08
1.564723481016165316e+08
1.564387039149345458e+08
1.564071509504329264e+08
1.563812583132340312e+08
1.563515285662056506e+08
1.563176367616088688e+08
1.562891246009435058e+08
1.562618941068361104e+08
1.562299999317070246e+08
1.561983155666900873e+08
1.561707724911771417e+08
1.561410577514770925e+08
1.561091025175551474e+08
1.560795271254918277e+08
1.560504136970382035e+08
1.560199395580046475e+08
1.559886429716093540e+08
1.559592015427813530e+08
1.559294119765901864e+08
1.558980583745006919e+08
1.558678200058870316e+08
1.558376658925951421e+08
1.558071257500728071e+08
1.557760878088159859e+08
1.557454727920084596e+08
1.557151606524176002e+08
1.556839723688023984e+08
1.556529358694654405e+08
1.556222520484939218e+08
1.555912901395086050e+08
1.555598484059325159e+08
1.555287970882273614e+08
1.554977580679067671e+08
1.554662072139110267e+08
1.554348032537268698e+08
1.554034552730310261e+08
1.553719254692226648e+08
1.553401777795344889e+08
1.553085582926623821e+08
1.552768678526014388e+08
1.552449492498092353e+08
1.552130335874389708e+08
1.551811008140966594e+08
1.551490595821359158e+08
1.551168586635257900e+08
1.550846949562491179e+08
1.550524521342563033e+08
1.550200564445594549e+08
1.549876290276906788e+08
1.549551708486501873e+08
1.549225878463427722e+08
1.548899161973569095e+08
1.548572318803583384e+08
1.548244415664458871e+08
1.547915630261290669e+08
1.547586324150475562e+08
1.547256385399500728e+08
1.546925502035626471e+08
1.546593900292646289e+08
1.546261789962262809e+08
1.545928825658396184e+08
1.545595046012139320e+08
1.545260704680616558e+08
1.544925661038023829e+08
1.544589743549264967e+08
1.544253219859498143e+08
1.543916037338371277e+08
1.543578042293379009e+08
1.543239353759253919e+08
1.542900037398312688e+08
1.542559961334801614e+08
1.542219155008817613e+08
1.541877708918884695e+08
1.541535551307655573e+08
1.541192658774099350e+08
1.540849100276298523e+08
1.540504864472575188e+08
1.540159902709375322e+08
1.539814258748135865e+08
1.539467948284577429e+08
1.539120932897918224e+08
1.538773225323145688e+08
1.538424851837721467e+08
1.538075795326555967e+08
1.537726041375391483e+08
1.537375623388979137e+08
1.537024534264478087e+08
1.536672751641952395e+08
1.536320307451053560e+08
1.535967194410575926e+08
1.535613402627889812e+08
1.535258944329700172e+08
1.534903824669439197e+08
1.534548034973613620e+08
1.534191580034594238e+08
1.533834467503258288e+08
1.533476693626345694e+08
1.533118256982642710e+08
1.532759166875227988e+08
1.532399421618856788e+08
1.532039018414429426e+08
1.531677965283981562e+08
1.531316262092741132e+08
1.530953906913489997e+08
1.530590904761413634e+08
1.530227257899328172e+08
1.529862964121716321e+08
1.529498027652654648e+08
1.529132450463895202e+08
1.528766232163033187e+08
1.528399374988417923e+08
1.528031881480199993e+08
1.527663752046399117e+08
1.527294987897219956e+08
1.526925591787042022e+08
1.526555564547486007e+08
1.526184906976373792e+08
1.525813621799089909e+08
1.525441709974828362e+08
1.525069172429259419e+08
1.524696011425556242e+08
1.524322228295700252e+08
1.523947823895367086e+08
1.523572800292407870e+08
1.523197158916679025e+08
1.522820900691981316e+08
1.522444027545884252e+08
1.522066540842604339e+08
1.521688441739012599e+08
1.521309731889930367e+08
1.520930412719235122e+08
1.520550485498439372e+08
1.520169951677069366e+08
