7.733922446278606355e+07
7.494711879765866699e+11
2.263759492484617004e+11
3.871377438092098999e+11
4.192304827453726196e+11
2.850106676282349854e+11
1.428646231686344604e+11
1.285680469897604065e+11
1.996537017649371033e+11
2.109393546174546509e+11
1.387402697467762756e+11
8.539699203707435608e+10
9.374025147600407410e+10
1.054683055448457031e+11
8.775004681916525269e+10
7.120273592732421875e+10
7.502493032332469177e+10
7.477533723579216003e+10
5.423348420260105896e+10
3.601802859833397675e+10
3.915618926348992920e+10
4.942487347540153503e+10
4.791598191491976929e+10
3.686308762586239624e+10
2.652315533382514191e+10
2.072797804909724426e+10
2.130822440613290405e+10
2.764169521536081314e+10
3.025805752384722900e+10
2.113354993337906265e+10
9.233126226348836899e+09
8.967307621870847702e+09
1.741838248787129593e+10
1.976404050396591568e+10
1.283064354558200455e+10
6.582233208160730362e+09
6.521720585289902687e+09
8.947882543616775513e+09
1.001098858189047432e+10
8.960571936589609146e+09
6.020314181819149971e+09
3.441039812040627003e+09
4.086126666191599369e+09
6.314088954180540085e+09
5.979081895105238914e+09
3.402188511948967457e+09
2.202667727009023190e+09
2.964010312893948078e+09
3.540185036000052452e+09
3.159813405040834904e+09
2.423438012989054203e+09
1.772119410271262407e+09
1.631523824370235920e+09
1.973824011166355133e+09
2.001446544880646944e+09
1.517540237346651793e+09
1.158487505383532286e+09
1.082736002147224188e+09
1.073056689379309058e+09
1.160159039764362574e+09
1.126662572665096998e+09
7.379522568113119602e+08
4.850123553622037768e+08
7.196925149685487747e+08
8.918745860603491068e+08
6.251577571102070808e+08
3.436367884350157976e+08
3.902444314083833694e+08
5.524120904974697828e+08
5.292965811188607812e+08
3.334112403015715480e+08
2.286230747380300760e+08
3.219559203208501935e+08
3.876354279897788763e+08
2.883774342132616639e+08
1.923654177748788297e+08
2.076523625296486318e+08
2.423054648377828300e+08
2.297706139857327640e+08
1.852175770163736641e+08
1.490540489596919417e+08
1.556958040283047259e+08
1.746539416090791225e+08
1.594666506817817092e+08
1.283886198157345802e+08
1.150867881630933285e+08
1.249113572627647072e+08
1.358388037243599594e+08
1.169460099403237402e+08
9.110358390692749619e+07
9.915468149228391051e+07
1.136161847965840846e+08
1.010182268778416812e+08
8.366895690386421978e+07
8.437148035270152986e+07
9.349269882306033373e+07
9.083817279439175129e+07
7.798807453281161189e+07
7.586124820990997553e+07
8.206378388475647569e+07
8.045625351766753197e+07
7.484796103723393381e+07
7.222949684478889406e+07
7.277828014582504332e+07
7.482276375578798354e+07
7.256560335308177769e+07
6.817921456725338101e+07
6.882961279117158055e+07
7.095690450287780166e+07
6.937896179980263114e+07
6.652595381668759137e+07
6.630571981776251644e+07
6.802440348898322880e+07
6.738004680593274534e+07
6.497169833097729832e+07
6.502338374318400770e+07
6.614761029394677281e+07
6.552039465668019652e+07
6.432551676242397726e+07
6.410539668229272217e+07
6.470085743547808379e+07
6.461527666426577419e+07
6.363472491385598481e+07
6.349368798998755962e+07
6.396636032055460662e+07
6.377948772713332623e+07
6.325426895804834366e+07
6.310539250998409837e+07
6.337490914532084763e+07
6.332954136731282622e+07
6.289055661877143383e+07
6.284511287716098875e+07
6.303162880717091262e+07
6.293245586716230214e+07
6.269046869094362855e+07
6.264848721485614777e+07
6.277121086839328706e+07
6.269099252421443909e+07
6.251787443243230134e+07
6.252985134592469037e+07
6.257229913450908661e+07
6.251713911464633793e+07
6.241923044792641699e+07
6.240129794646900147e+07
6.244908981136929244e+07
6.239743795645070076e+07
6.231408378495825827e+07
6.232644637682920694e+07
6.234883745864078403e+07
6.229465213985840231e+07
6.224250198279821873e+07
6.226373818661811948e+07
6.226411882219959050e+07
6.221208165196062624e+07
6.219205209625896811e+07
6.220431522192390263e+07
6.218933855109626800e+07
6.215249461188625544e+07
6.214534320840580016e+07
6.214785656442952156e+07
6.212626218731213361e+07
6.210460295535628498e+07
6.209917173615390807e+07
6.209379158952189237e+07
6.207466205113028735e+07
6.205942783058201522e+07
6.205386628699767590e+07
6.204417799584385753e+07
6.202853110267523676e+07
6.201544060101784766e+07
6.200985642107909173e+07
6.199875816373427957e+07
6.198292436892972142e+07
6.197451740553029627e+07
6.196641482388159633e+07
6.195350152334324270e+07
6.194116026303032786e+07
6.193279276465696096e+07
6.192319003047395498e+07
6.191009852238782495e+07
6.189991959824544191e+07
6.189103980698139966e+07
6.187986310996941477e+07
6.186812461076211184e+07
6.185856607648760825e+07
6.184880996697698534e+07
6.183704449186606705e+07
6.182668291041876376e+07
6.181675913032217324e+07
6.180612869315194339e+07
6.179507983228855580e+07
6.178466038948180526e+07
6.177463958728799224e+07
6.176356201456699520e+07
6.175280640661650151e+07
6.174257650443573296e+07
6.173194697069321573e+07
6.172094507768210769e+07
6.171038836863679439e+07
6.169995517753682286e+07
6.168897155212650448e+07
6.167818122133737803e+07
6.166761325538090616e+07
6.165680326370573044e+07
6.164584975638025999e+07
6.163509746442145109e+07
6.162433334490606934e+07
6.161335097784332931e+07
6.160243585250006616e+07
6.159158705500214547e+07
6.158063709527325630e+07
6.156959182451989502e+07
6.155863533481593430e+07
6.154765797655394673e+07
6.153655787501972169e+07
6.152548066604480892e+07
6.151443522298397869e+07
6.150330257865038514e+07
6.149212119698411226e+07
6.148099267500936985e+07
6.146980541208123416e+07
6.145855755617240071e+07
6.144733047670441121e+07
6.143607665082544088e+07
6.142477468899928033e+07
6.141345164900455624e+07
6.140212594601165503e+07
6.139076227519181371e+07
6.137935966321728379e+07
6.136795428914324194e+07
6.135652340305946767e+07
6.134505028956281394e+07
6.133356459815867245e+07
6.132206165081556141e+07
6.131052112453316152e+07
6.129895810603019595e+07
6.128738038026448339e+07
6.127577198852352053e+07
6.126413501888559014e+07
6.125248223258289695e+07
6.124080401427942514e+07
6.122909568292739987e+07
6.121736895828058571e+07
6.120561883430531621e+07
6.119384137707892060e+07
6.118204086293994635e+07
6.117021958101315796e+07
6.115837201517035067e+07
6.114650016683666408e+07
6.113460705473861843e+07
6.112268981832684577e+07
6.111074741106881946e+07
6.109878319853150100e+07
6.108679613171460479e+07
6.107478393586657196e+07
6.106274940931659937e+07
6.105069250063281506e+07
6.103861117128133774e+07
6.102650693742999434e+07
6.101438058298908919e+07
6.100223042971109599e+07
6.099005722563493997e+07
6.097786177458129078e+07
6.096564324599468708e+07
6.095340154144783318e+07
6.094113760228553414e+07
6.092885097125305235e+07
6.091654134566883743e+07
6.090420939061068743e+07
6.089185509690994024e+07
6.087947796733159572e+07
6.086707857084472477e+07
6.085465698058459163e+07
6.084221283983767778e+07
6.082974646385519207e+07
6.081725804722025990e+07
6.080474730693080276e+07
6.079221445289458334e+07
6.077965963410841674e+07
6.076708276092271507e+07
6.075448384936402738e+07
6.074186312425713241e+07
6.072922051272527874e+07
6.071655602026060224e+07
6.070386982201142609e+07
6.069116191456542909e+07
6.067843227343641222e+07
6.066568105450176448e+07
6.065290827514330298e+07
6.064011392535042763e+07
6.062729811791661382e+07
6.061446090212061256e+07
6.060160226580204070e+07
6.058872230724108219e+07
6.057582107695849240e+07
6.056289858118931204e+07
6.054995489513245225e+07
6.053699007492596656e+07
6.052400413835629076e+07
6.051099714563161880e+07
