2.063933053257787600e+07
8.281226013889216309e+11
2.098460324396478882e+11
3.935939140499355469e+11
4.546513474587707520e+11
3.122096635320349731e+11
1.506023376603874207e+11
1.227802109621900482e+11
1.977370409661393433e+11
2.241536688587190552e+11
1.610058417331528931e+11
9.966963779236206055e+10
9.079016861028991699e+10
9.587772101092605591e+10
8.915035402315846252e+10
8.582373463032582092e+10
8.862201187305877686e+10
7.652257382552665710e+10
4.866065615744535065e+10
3.402940563112111664e+10
4.427379459489657593e+10
5.645756032860260773e+10
5.158509501408554077e+10
3.696165984117210388e+10
2.577253220390176773e+10
2.108387286599547195e+10
2.301551552557978439e+10
3.012506162399028397e+10
3.255712567904692459e+10
2.209232159610113525e+10
8.598986403789726257e+09
8.348033805728178978e+09
1.859062728347948456e+10
2.205718194382821655e+10
1.395429788478019905e+10
5.981434624445079803e+09
5.941351682103232384e+09
9.597221650933734894e+09
1.116070050896668243e+10
9.553276314124685287e+09
6.021513558214821815e+09
3.336894698430789948e+09
4.171004692859951973e+09
6.645983022224277496e+09
6.423677364412242889e+09
3.675257863987184048e+09
2.156639874627857208e+09
2.814525565743893147e+09
3.627932196287289619e+09
3.495708907759652138e+09
2.661728909889956474e+09
1.695738256300870180e+09
1.454539972499854326e+09
2.020579077895097494e+09
2.242976002695946693e+09
1.637231671884858370e+09
1.039914253372302890e+09
9.656727819244693518e+08
1.142057368124580383e+09
1.280644938454660654e+09
1.124986493140183210e+09
6.529606406441226006e+08
4.375665687459656596e+08
7.406012750103170872e+08
9.215185061508413553e+08
6.017575958235387802e+08
2.811696210246471167e+08
3.483120903597710133e+08
5.469251935912584066e+08
5.238914204545229077e+08
2.966007784993118644e+08
1.728060982397916913e+08
2.826094781849059463e+08
3.689541470514167547e+08
2.641445848046125770e+08
1.486324893893666565e+08
1.546788696837591529e+08
2.024661270398785770e+08
2.065902031341787577e+08
1.506067809697518647e+08
9.350340761001034081e+07
1.074245423289862871e+08
1.443035969825555384e+08
1.238830406397044063e+08
7.747519132321943343e+07
6.613115790276512504e+07
8.607888249630762637e+07
9.567555794391879439e+07
7.114308008518776298e+07
4.435490158378186077e+07
5.322628444359409809e+07
7.054031515906634927e+07
5.867723630745198578e+07
3.681374353851798177e+07
3.615963106948321313e+07
4.921280523837394267e+07
4.816168761942283064e+07
3.170686248609003797e+07
2.716202598603777960e+07
3.690371978848845512e+07
3.719954182594793290e+07
2.792968071848002821e+07
2.433411681156406924e+07
2.752311555002900213e+07
2.970430250091186911e+07
2.586508507913102955e+07
2.133396352389600500e+07
2.271850803375304490e+07
2.500640639395933971e+07
2.303599407296027616e+07
1.998529747840218619e+07
1.980367928298505768e+07
2.167797657455125451e+07
2.125450416645662859e+07
1.852018212630094960e+07
1.821191492447964102e+07
1.985894000220886618e+07
1.941619040188445151e+07
1.764527042091948912e+07
1.746713613897277415e+07
1.842823544615445286e+07
1.823265400562198088e+07
1.708789164697413146e+07
1.695206561551183835e+07
1.753544863733748719e+07
1.741125826205550134e+07
1.674905364959501103e+07
1.656400160077571310e+07
1.695541779755995050e+07
1.693029038600638136e+07
1.641932578442872129e+07
1.633354598524523899e+07
1.660788837312673405e+07
1.655545966093323007e+07
1.621317888643161766e+07
1.617763217753258161e+07
1.638223233178449981e+07
1.629130093670612015e+07
1.607454797942504473e+07
1.609878494606074318e+07
1.619719008803079091e+07
1.612776489030770771e+07
1.599846313923474960e+07
1.601978944190661982e+07
1.608225123406289890e+07
1.601962476603377797e+07
1.594387766328368708e+07
1.596197069318840839e+07
1.600261903093373403e+07
1.595238599682261981e+07
1.589253690660745651e+07
1.593255235417366959e+07
1.594519773618135229e+07
1.589198767862694897e+07
1.587609079927637614e+07
1.590132254818490893e+07
1.589811778605117835e+07
1.586012758155245893e+07
1.585974188585404307e+07
1.587764158448593691e+07
1.586045984217551351e+07
1.584225949676941521e+07
1.584714731296486035e+07
1.585194894604190625e+07
1.583825749189810641e+07
1.582822558782629482e+07
1.583404576201593876e+07
1.583190792596429959e+07
1.582179111431137845e+07
1.581766438994926214e+07
1.582019932539671473e+07
1.581715119718065672e+07
1.580851312724236026e+07
1.580778097693192773e+07
1.580871137106030993e+07
1.580365223146712035e+07
1.579811909045276791e+07
1.579863571992355585e+07
1.579776512603740022e+07
1.579160029157953896e+07
1.578969038295137137e+07
1.578969179405002296e+07
1.578621068872164935e+07
1.578244436988842115e+07
1.578132114507205598e+07
1.578000275401891768e+07
1.577626563640627265e+07
1.577396098173188977e+07
1.577280663238136098e+07
1.577031195837721042e+07
1.576743526223958097e+07
1.576560386598009430e+07
1.576393292093544453e+07
1.576125714743573032e+07
1.575889992228940874e+07
1.575715176177323423e+07
1.575509912964344770e+07
1.575249137121557817e+07
1.575044566255255789e+07
1.574868573990769126e+07
1.574620480886927247e+07
1.574395017467470840e+07
1.574208592221333645e+07
1.573990085203067586e+07
1.573755790671958029e+07
1.573550368889715709e+07
1.573346974183596298e+07
1.573118948462229222e+07
1.572899006905886345e+07
1.572693996387506649e+07
1.572478200429140404e+07
1.572250210500090756e+07
1.572039425279420987e+07
1.571828148780656420e+07
1.571602050758224912e+07
1.571383811324642599e+07
1.571171642180022411e+07
1.570950152710281685e+07
1.570726932242502458e+07
1.570511404072204046e+07
1.570292250345890038e+07
1.570067981888649426e+07
1.569848076980870590e+07
1.569628908301046118e+07
1.569405269410219416e+07
1.569181752837231383e+07
1.568961082689784467e+07
1.568737709902659059e+07
1.568512215027423576e+07
1.568289185188938491e+07
1.568065275763340481e+07
1.567838881914443709e+07
1.567613365824172273e+07
1.567388324577327445e+07
1.567161196124841087e+07
1.566933709865017235e+07
1.566707017499942519e+07
1.566479050380312465e+07
1.566250027933654748e+07
1.566021508526364155e+07
1.565792487644552626e+07
1.565562102560266480e+07
1.565331941968076304e+07
1.565101479424207471e+07
1.564869974083017744e+07
1.564638179598911665e+07
1.564406226871404797e+07
1.564173542097035237e+07
1.563940228405906074e+07
1.563706794684859551e+07
1.563472793819240853e+07
1.563238115658992529e+07
1.563003157306194119e+07
1.562767826670335047e+07
1.562531780678796954e+07
1.562295376881813817e+07
1.562058646001501568e+07
1.561821259853184782e+07
1.561583448362313211e+07
1.561345295716426149e+07
1.561106575777207129e+07
1.560867378158755600e+07
1.560627814569953084e+07
1.560387747831997275e+07
1.560147188618158549e+07
1.559906222544478253e+07
1.559664810712713562e+07
1.559422891900981590e+07
1.559180551534056664e+07
1.558937783500428125e+07
1.558694518491571397e+07
1.558450818883449771e+07
1.558206695319311135e+07
1.557962093689047359e+07
1.557717044842827693e+07
1.557471575461748615e+07
1.557225639323459193e+07
1.556979255987729505e+07
1.556732445656475611e+07
1.556485183900711872e+07
1.556237472923073359e+07
1.555989332884939946e+07
1.555740750391345285e+07
1.555491721137201786e+07
1.555242259918702208e+07
1.554992364776379243e+07
1.554742023127714545e+07
1.554491252630933747e+07
1.554240048958081193e+07
1.553988405585640855e+07
1.553736332085071504e+07
1.553483829209780507e+07
1.553230890576023608e+07
1.552977523009323329e+07
1.552723728441782854e+07
1.552469502104643174e+07
1.552214848585051112e+07
1.551959770028250478e+07
1.551704263626075350e+07
1.551448331839501858e+07
