2.749448469792776182e+07
7.959500593958492432e+11
2.157480358736554260e+11
3.862196069853988647e+11
4.288236473294567261e+11
3.015598009582120361e+11
1.523597775318094177e+11
1.209171438892442627e+11
1.892593113167779541e+11
2.151928469974672852e+11
1.558172945244780884e+11
9.721577276794761658e+10
8.854576039151278687e+10
9.290433839177766418e+10
8.590399229207522583e+10
8.277534943241595459e+10
8.589079185083453369e+10
7.396778917147595215e+10
4.664201269493555450e+10
3.299979084957114792e+10
4.365765001953643036e+10
5.504325170794073486e+10
4.921508499127933502e+10
3.499852593981242371e+10
2.521698494505383682e+10
2.123050291378657913e+10
2.263898830724064636e+10
2.890712117428118515e+10
3.104154963284181595e+10
2.108950106801964188e+10
8.637957727080062866e+09
8.828081679537864685e+09
1.815394346747183228e+10
2.060109551044960022e+10
1.303445664807960320e+10
6.350698708236848831e+09
6.358241721281900406e+09
9.014287483238603592e+09
1.028686787777801895e+10
9.322475115544548035e+09
6.163152645634487152e+09
3.245818873371997833e+09
3.880193604270574570e+09
6.416125982976488113e+09
6.269524372337617874e+09
3.557192162802816868e+09
2.093138929542784691e+09
2.756441925450270176e+09
3.515119636094609737e+09
3.367971557587652683e+09
2.578556675747093678e+09
1.656218987812065363e+09
1.430942003877399445e+09
1.975409463979064226e+09
2.158472945175346851e+09
1.567782255379225969e+09
1.029865340961906910e+09
9.612600598582581282e+08
1.100455289164073467e+09
1.235483734376252413e+09
1.092479452648655653e+09
6.331715473687167168e+08
4.433001556759452820e+08
7.323994520640535355e+08
8.729984609224063158e+08
5.797468991879904270e+08
3.036747972544397116e+08
3.444252925330110192e+08
5.160206921915290952e+08
5.169293543072453737e+08
3.021305780192382336e+08
1.684497210717920065e+08
2.788840110273898840e+08
3.657616241884857416e+08
2.585342451594653428e+08
1.494534388796183169e+08
1.585591215809288323e+08
2.013751685750429928e+08
2.042299916118557453e+08
1.509952269851168394e+08
9.679457936088369787e+07
1.115402801545622349e+08
1.446267106442416906e+08
1.236329466782298088e+08
8.223904882168284059e+07
7.060058789711798728e+07
8.804795565622368455e+07
9.922202954511535168e+07
7.405463229093419015e+07
4.780381139747204632e+07
5.969650745420648158e+07
7.379334552679806948e+07
6.019422375785284489e+07
4.299986610402510315e+07
4.206725274641874433e+07
5.196644228825026751e+07
5.217120658708804101e+07
3.716048915587225556e+07
3.227079783206670731e+07
4.134826659558095038e+07
4.135501303440099955e+07
3.312056263555233926e+07
2.978315080984518304e+07
3.196757285331940278e+07
3.451551600467765331e+07
3.121530440837906301e+07
2.620346356277775019e+07
2.777894021093889698e+07
3.024172173650681973e+07
2.790129391761854291e+07
2.510067034504046291e+07
2.514790363915486261e+07
2.676807450514219701e+07
2.622362857494963706e+07
2.371965638018556684e+07
2.361592459792276844e+07
2.491997324319336563e+07
2.441823759804858267e+07
2.306325146634816751e+07
2.271011734365135431e+07
2.347155787694664672e+07
2.351989224327810481e+07
2.236611923783390597e+07
2.212545891173264384e+07
2.277980865470070019e+07
2.265674770286680385e+07
2.197011414267120138e+07
2.181733274367671087e+07
2.220825192246615514e+07
2.215628651712069288e+07
2.165815469910158217e+07
2.160614627969881892e+07
2.185180778481071070e+07
2.178359529996892065e+07
2.147830665876906738e+07
2.143473961738243327e+07
2.162920763339985162e+07
2.153928680728675798e+07
2.132721565804415941e+07
2.136526608310832083e+07
2.144293950740822032e+07
2.137480504249832407e+07
2.126282805122572184e+07
2.127259731766258925e+07
2.133278665310014039e+07
2.127320529779313505e+07
2.119770312560801953e+07
2.121915654787328094e+07
2.125197805875045061e+07
2.120142702904677764e+07
2.115098993291002139e+07
2.118368369104708731e+07
2.119141579617755860e+07
2.114606220670234039e+07
2.112863563914076239e+07
2.114773460472463444e+07
2.114795187114943936e+07
2.111049820595936477e+07
2.110684035416974500e+07
2.112541276724884659e+07
2.110715659823632985e+07
2.108883067117181420e+07
2.109324101894439757e+07
2.109632905088573322e+07
2.108274293653663993e+07
2.107232262386678532e+07
2.107693784369128570e+07
2.107410080275080726e+07
2.106353740293905511e+07
2.105877283365826681e+07
2.106052391356498376e+07
2.105648743104673177e+07
2.104737755081307516e+07
2.104625808758852258e+07
2.104586358137645200e+07
2.104011358142969385e+07
2.103446740457116812e+07
2.103369302111553028e+07
2.103202737951568887e+07
2.102546347684532031e+07
2.102270121721470356e+07
2.102179390056392178e+07
2.101760156755873561e+07
2.101325903553235158e+07
2.101122349757647142e+07
2.100906048399064317e+07
2.100472661045692489e+07
2.100160800144083425e+07
2.099958016548626125e+07
2.099639028738586605e+07
2.099274928298966587e+07
2.099007317119036242e+07
2.098765550804003328e+07
2.098418104573307186e+07
2.098102663720801473e+07
2.097852674947497994e+07
2.097560641156540811e+07
2.097225819956359267e+07
2.096942186920123547e+07
2.096680423015986383e+07
2.096356249050897732e+07
2.096050482802182436e+07
2.095780847920477390e+07
2.095482197379925847e+07
2.095167599820571020e+07
2.094879844010113552e+07
2.094594835595956072e+07
2.094284805386926234e+07
2.093983205458643660e+07
2.093696401231459528e+07
2.093396011795099452e+07
2.093087815017169341e+07
2.092793236053885147e+07
2.092497891690520942e+07
2.092189917705904692e+07
2.091887738216065988e+07
2.091591531544295326e+07
2.091286309478610381e+07
2.090979523222116753e+07
2.090679040600544214e+07
2.090375666423401609e+07
2.090066924807497859e+07
2.089761925103833899e+07
2.089457804186586291e+07
2.089148859883424267e+07
2.088840076015002280e+07
2.088533611573381722e+07
2.088224505910694599e+07
2.087913009452799708e+07
2.087603836152254045e+07
2.087293469660499692e+07
2.086980528563697264e+07
2.086668357308050245e+07
2.086356286233547702e+07
2.086041992273664474e+07
2.085727362168667838e+07
2.085413045439836383e+07
2.085097377366332710e+07
2.084780635795823857e+07
2.084463946117388457e+07
2.084146717745342851e+07
2.083827982004056498e+07
2.083509169567498192e+07
2.083189948394085094e+07
2.082869505612605065e+07
2.082548550248003379e+07
2.082227308195177466e+07
2.081905091582457721e+07
2.081582143817117438e+07
2.081258821779435501e+07
2.080934806931086257e+07
2.080609906060409546e+07
2.080284571603738517e+07
2.079958663500410691e+07
2.079631874476870149e+07
2.079304566859938577e+07
2.078976719069484994e+07
2.078648077900349721e+07
2.078318814216243103e+07
2.077989043810234219e+07
2.077658522827784717e+07
2.077327364950129017e+07
2.076995652191830054e+07
2.076663272277488932e+07
2.076330223307953030e+07
2.075996600701101497e+07
2.075662349141475558e+07
2.075327432515007630e+07
2.074991913903858140e+07
2.074655800019335747e+07
2.074319018159548938e+07
2.073981633973610774e+07
2.073643652525369823e+07
2.073305025480434299e+07
2.072965784933390841e+07
2.072625950521158427e+07
2.072285484466022253e+07
2.071944404331527650e+07
2.071602726216675341e+07
2.071260433414268494e+07
2.070917522953407094e+07
2.070574017482865974e+07
2.070229904046274349e+07
2.069885177984219790e+07
2.069539855690196157e+07
2.069193933237776905e+07
2.068847401707382500e+07
2.068500276046943292e+07
2.068152553904852271e+07
2.067804229205679893e+07
2.067455310775784031e+07
2.067105801066009700e+07
2.066755692711884528e+07
2.066404994381927699e+07
2.066053706701235101e+07
2.065701826743517071e+07
2.065349358532779664e+07
2.064996304827676341e+07
2.064642663255378604e+07
2.064288436537928879e+07
