2.262302580331478438e+14
1.943174476306765625e+14
1.662880695548126875e+14
1.418729015109620000e+14
1.207618960219900781e+14
1.026134485350978594e+14
8.709865542562851562e+13
7.392408908268540625e+13
6.282482451872398438e+13
5.354984687405324219e+13
4.585262995341268750e+13
3.949515207141849219e+13
3.425431159945844141e+13
2.992647912858645312e+13
2.633378311466853906e+13
2.332987700266313672e+13
2.079971908147441016e+13
1.865499147233628516e+13
1.682906365906564258e+13
1.527126253614554297e+13
1.394125851231886523e+13
1.280556950778795117e+13
1.183499248004117773e+13
1.100226408645169141e+13
1.028203233332997852e+13
9.652487986048630859e+12
9.095664267938070312e+12
8.596371422310077148e+12
8.141247350753976562e+12
7.718202484460128906e+12
7.316806411191897461e+12
6.929474177055320312e+12
6.551973601506103516e+12
6.183194649489072266e+12
5.824956560872435547e+12
5.481227721755172852e+12
5.156656477016945312e+12
4.855426373968437500e+12
4.580568241647176758e+12
4.333664705080626953e+12
4.115103688395937012e+12
3.924281878340413086e+12
3.759670434914539062e+12
3.619187429502445801e+12
3.500375030597065430e+12
3.400235599931227051e+12
3.315347390107315918e+12
3.242206719998620117e+12
3.177554062963579590e+12
3.118554008030584961e+12
3.062681105734560547e+12
3.007712168690404785e+12
2.951952833227913574e+12
2.894314748060297363e+12
2.834276360855352051e+12
2.771780661896240234e+12
2.707059781166892090e+12
2.640525530392900391e+12
2.572674316546057617e+12
2.504108188158397949e+12
2.435705781916276367e+12
2.368618974450801758e+12
2.304067170871419434e+12
2.243085592366170898e+12
2.186332965636734375e+12
2.134050120130158936e+12
2.086087209762568848e+12
2.041995221194483398e+12
2.001183004750201416e+12
1.963038492670948730e+12
1.927015184588730713e+12
1.892665778906238281e+12
1.859642652399836182e+12
1.827700527893424561e+12
1.796678733756088135e+12
1.766498189606606201e+12
1.737150748604105225e+12
1.708666457846910889e+12
1.681083159787261963e+12
1.654405991706396729e+12
1.628579783623886230e+12
1.603485263180526611e+12
1.578968453872618164e+12
1.554887413971020508e+12
1.531138728795166992e+12
1.507668266757160889e+12
1.484466723375603760e+12
1.461560444111852051e+12
1.438996660360193848e+12
1.416823580813100586e+12
1.395077796653669922e+12
1.373776226444000000e+12
1.352917809556851074e+12
1.332487205771391846e+12
1.312458227092698730e+12
1.292801123982783691e+12
1.273491251510894287e+12
1.254512621116156982e+12
1.235852205005884033e+12
1.217496885149005615e+12
1.199435369973241699e+12
1.181660809027913330e+12
1.164170698476291260e+12
1.146966428984295166e+12
1.130052714988096680e+12
1.113433159499637695e+12
1.097106125955851562e+12
1.081063912200894653e+12
1.065295200578138916e+12
1.049787773140583252e+12
1.034530592476740234e+12
1.019514544263568970e+12
1.004732228292159302e+12
9.901777198175715332e+11
9.758461975532944336e+11
9.617336127618087158e+11
9.478364327120281982e+11
9.341517423399547119e+11
9.206767288452750244e+11
9.074081031101931152e+11
8.943419266101729736e+11
8.814736623759655762e+11
8.687983134287003174e+11
8.563110380025413818e+11
8.440078647684095459e+11
8.318858032701947021e+11
8.199424577241403809e+11
8.081757512582136230e+11
7.965839101500328369e+11
7.851652604723525391e+11
7.739178471752431641e+11
7.628392222983148193e+11
7.519266327905089111e+11
7.411771892982685547e+11
7.305878325791618652e+11
7.201553769386776123e+11
7.098767298226751709e+11
6.997490489736679688e+11
6.897698110672230225e+11
6.799368178367852783e+11
6.702481004086527100e+11
6.607017719778593750e+11
6.512959476499460449e+11
6.420286988336791992e+11
6.328980299798869629e+11
6.239019253460471191e+11
6.150383889253748779e+11
6.063054325028265381e+11
5.977010564246710205e+11
5.892232473006744385e+11
5.808700009937783203e+11
5.726393748638953857e+11
5.645295093332081299e+11
5.565385996981925049e+11
5.486648799781094971e+11
5.409066353503693848e+11
5.332622031834406738e+11
5.257299699776415405e+11
5.183083607660321045e+11
5.109958148451354980e+11
5.037907725185873413e+11
4.966916867449444580e+11
4.896970360981629028e+11
4.828053239721965332e+11
4.760150689146351318e+11
4.693247942778181763e+11
4.627330301031409302e+11
4.562383269416757812e+11
4.498392676953460083e+11
4.435344665750684204e+11
4.373225600583662720e+11
4.312022017116166992e+11
4.251720652588694458e+11
4.192308477021179810e+11
4.133772712954949951e+11
4.076100823723598633e+11
4.019280462501932983e+11
3.963299420963800049e+11
3.908145629957717896e+11
3.853807165696138916e+11
3.800272256017627563e+11
3.747529288942744141e+11
3.695566803740830078e+11
3.644373481323363037e+11
3.593938149478145752e+11
3.544249788833359985e+11
3.495297533647765503e+11
3.447070678876854858e+11
3.399558681418635254e+11
3.352751159013386230e+11
3.306637881474340820e+11
3.261208758111516724e+11
3.216453831801970215e+11
3.172363274247552490e+11
3.128927378649372559e+11
3.086136561086950073e+11
3.043981368964022827e+11
3.002452483272608032e+11
2.961540718519657593e+11
2.921237019510017700e+11
2.881532454092340088e+11
2.842418206336260986e+11
2.803885574543581543e+11
2.765925972858685913e+11
2.728530932747027588e+11
2.691692103404086609e+11
2.655401249931884460e+11
2.619650249909307861e+11
2.584431090252809753e+11
2.549735866359461365e+11
2.515556780988497009e+11
2.481886142519160461e+11
2.448716364372862244e+11
2.416039964381478882e+11
2.383849563237625732e+11
2.352137882461168518e+11
2.320897742687608948e+11
2.290122062420007935e+11
2.259803857353786621e+11
2.229936239948417969e+11
2.200512418515602417e+11
2.171525695711256714e+11
2.142969467168558350e+11
2.114837220235903625e+11
2.087122532700750732e+11
2.059819071862442322e+11
2.032920593720058594e+11
2.006420941730622864e+11
1.980314045732404175e+11
1.954593921047318115e+11
1.929254667422433472e+11
1.904290467887987671e+11
1.879695587682148132e+11
1.855464373315345764e+11
1.831591251723205566e+11
1.808070729329879761e+11
1.784897391016460266e+11
1.762065899103918762e+11
1.739570992486134033e+11
1.717407485835505676e+11
1.695570268717405701e+11
1.674054304655369568e+11
1.652854630233982239e+11
1.631966354202158813e+11
1.611384656545502930e+11
1.591104787595672607e+11
1.571122067172551880e+11
1.551431883740742493e+11
1.532029693569563904e+11
1.512911019890270691e+11
1.494071452061547241e+11
1.475506644757623901e+11
1.457212317163065186e+11
1.439184252175219116e+11
1.421418295611422729e+11
1.403910355405802612e+11
1.386656400815608521e+11
1.369652461650287018e+11
1.352894627504333038e+11
1.336379046985254059e+11
1.320101926943924713e+11
1.304059531768242035e+11
1.288248182579464417e+11
1.272664256529193878e+11
1.257304186074558868e+11
1.242164458205121613e+11
1.227241613782471161e+11
1.212532246767897339e+11
1.198033003580176239e+11
1.183740582342333832e+11
1.169651732239969330e+11
1.155763252794074249e+11
1.142071993220552673e+11
1.128574851726371918e+11
1.115268774869152374e+11
1.102150756876983185e+11
1.089217839012953033e+11
1.076467108915268250e+11
1.063895699966757355e+11
1.051500790656351929e+11
1.039279603952817383e+11
1.027229406683571472e+11
1.015347508916422119e+11
1.003631263355499115e+11
9.920780647319624329e+10
9.806853492155482483e+10
9.694505938145463562e+10
9.583713158017286682e+10
9.474450721291119385e+10
9.366694588645361328e+10
9.260421106205392456e+10
9.155606999988676453e+10
9.052229370352339172e+10
8.950265686522511292e+10
8.849693781207579041e+10
8.750491845215856934e+10
8.652638422199784851e+10
8.556112403392236328e+10
8.460893022458888245e+10
8.366959850380773926e+10
