6.976639828272941113e+08
5.760379119968619385e+11
1.994436380081227722e+11
4.156678208519480591e+11
2.895561624937436523e+11
1.615857131630113220e+11
1.377112064946096497e+11
1.652036601728438110e+11
1.814973959385501099e+11
1.427397858838813782e+11
7.867498043333370972e+10
6.582307295917337036e+10
1.017062013330555420e+11
1.091898046350256042e+11
7.031689301851040649e+10
4.035557478242484283e+10
4.822266231004586029e+10
6.288542870904608154e+10
5.608535240612051392e+10
3.984895134066048431e+10
3.196970098445130157e+10
3.106069424839836121e+10
3.154646574986447144e+10
3.285267707383620834e+10
3.077673984387831116e+10
2.155129137729724121e+10
1.389789083520337105e+10
1.783825171353673172e+10
2.514494337760482407e+10
2.082193236230509186e+10
9.391101464736175537e+09
7.441864612473763466e+09
1.487409165044257164e+10
1.650234109188533592e+10
9.433020575729145050e+09
5.296666225370711327e+09
7.893501032191883087e+09
9.647799368571996689e+09
7.586807547457410812e+09
5.741430134624852180e+09
5.359075260611300468e+09
4.939726677507886887e+09
4.896805366194713593e+09
5.171673024530069351e+09
4.251517455229241371e+09
2.964140452965319633e+09
3.197542184114341259e+09
3.843086183464171410e+09
3.187251269582059860e+09
2.282289388224869728e+09
2.349303456772149086e+09
2.595990947123169422e+09
2.350379349182121754e+09
1.978130159298491478e+09
1.717086439832209587e+09
1.715762037597427607e+09
1.924052658356240988e+09
1.694483125476096392e+09
1.153355548474420547e+09
1.274646911773036480e+09
1.672974505687285662e+09
1.321536203933291674e+09
8.647757683615620136e+08
1.118794919256910086e+09
1.337697611532919645e+09
1.032356121905228019e+09
8.402439801566711664e+08
9.719642059448373318e+08
1.022385418632143021e+09
9.178924176450055838e+08
8.290042670002111197e+08
8.162065723614727259e+08
8.610369293761030436e+08
8.525057269638350010e+08
7.573229521608743668e+08
7.368358081239984035e+08
7.945496456500191689e+08
7.635897949376046658e+08
7.004451363173162937e+08
7.182713932280464172e+08
7.306241442471319437e+08
6.985474886250561476e+08
6.838850999791426659e+08
6.872510119874577522e+08
6.876947668842029572e+08
6.742917089747734070e+08
6.577633638220624924e+08
6.663526530553669930e+08
6.695253749800074100e+08
6.476473707975510359e+08
6.450591742028666735e+08
6.563441519371465445e+08
6.463543814854723215e+08
6.361814896356072426e+08
6.404406363235319853e+08
6.398933960128935575e+08
6.345502032623714209e+08
6.323922414676984549e+08
6.310330791875195503e+08
6.307199581135835648e+08
6.292475277851791382e+08
6.263429144049552679e+08
6.259053474112646580e+08
6.256408356901156902e+08
6.242146832350424528e+08
6.230429779126616716e+08
6.222525141962488890e+08
6.220105441021496058e+08
6.211467944727854729e+08
6.201797223558622599e+08
6.200207955654648542e+08
6.193462309421342611e+08
6.186789455616194010e+08
6.185503876983213425e+08
6.179398589395002127e+08
6.174207641143240929e+08
6.172638824762974977e+08
6.168582841553721428e+08
6.165561168166527748e+08
6.161761723103553057e+08
6.158689926643308401e+08
6.158523814802840948e+08
6.154173473513011932e+08
6.150685199655267000e+08
6.150659649078706503e+08
6.148340491124932766e+08
6.145101744041075706e+08
6.143152817629373074e+08
6.142461185523762703e+08
6.140356905219571590e+08
6.137437175810309649e+08
6.136681230182337761e+08
6.135289204914314747e+08
6.132925218352031708e+08
6.131681931471782923e+08
6.130153850853220224e+08
6.128646291015880108e+08
6.127239726472390890e+08
6.125530578546367884e+08
6.124361567785155773e+08
6.122890651557322741e+08
6.121417033879747391e+08
6.120142412702412605e+08
6.118661063286998272e+08
6.117405978121846914e+08
6.116046093052107096e+08
6.114649483402687311e+08
6.113340522473485470e+08
6.112037648643273115e+08
6.110756291839369535e+08
6.109328734194549322e+08
6.108064142123115063e+08
6.106857556000096798e+08
6.105415480165948868e+08
6.104133225885747671e+08
6.102905388333805799e+08
6.101558755380102396e+08
6.100223454602047205e+08
6.098951364607720375e+08
6.097681668434411287e+08
6.096311082967571020e+08
6.095031402718466520e+08
6.093747861134675741e+08
6.092399314968608618e+08
6.091108497928556204e+08
6.089790805060273409e+08
6.088472307306109667e+08
6.087155676681523323e+08
6.085833106837902069e+08
6.084512856358559132e+08
6.083177770152258873e+08
6.081859837820713520e+08
6.080522274451162815e+08
6.079180355930291414e+08
6.077852720871883631e+08
6.076507858430587053e+08
6.075156738023065329e+08
6.073812703862141371e+08
6.072466188951036930e+08
6.071102327306475639e+08
6.069745663683228493e+08
6.068390888581943512e+08
6.067018054195317030e+08
6.065651003352223635e+08
6.064281633119280338e+08
6.062904640388777256e+08
6.061524209328563213e+08
6.060143269004372358e+08
6.058758075601031780e+08
6.057366143401052952e+08
6.055975149666730165e+08
6.054578113364491463e+08
6.053177405462218523e+08
6.051774986136471033e+08
6.050367008846971989e+08
6.048956521165521145e+08
6.047543138831648827e+08
6.046124807976576090e+08
6.044703586786744595e+08
6.043279916460356712e+08
6.041851049073694944e+08
6.040419408677474260e+08
6.038985051824284792e+08
6.037546012217131853e+08
6.036104030698308945e+08
6.034658787553269863e+08
6.033209912356189489e+08
6.031757304389448166e+08
6.030301708169958591e+08
6.028842566807835102e+08
6.027379667222218513e+08
6.025913836839751005e+08
6.024444269285589457e+08
6.022971374663611650e+08
6.021495224072868824e+08
6.020015439556548595e+08
6.018532519885872602e+08
6.017046134127539396e+08
6.015556317963343859e+08
6.014063286085631847e+08
6.012566860615645647e+08
6.011067039461209774e+08
6.009563981310057640e+08
6.008057579560635090e+08
6.006547851378401518e+08
6.005034818116518259e+08
6.003518544941872358e+08
6.001998950437783003e+08
6.000476051801863909e+08
5.998949974818671942e+08
5.997420564865199327e+08
5.995887923456273079e+08
5.994352074806162119e+08
5.992812953339521885e+08
5.991270631311308146e+08
5.989725087413816452e+08
5.988176340813902617e+08
5.986624389385470152e+08
5.985069253450897932e+08
5.983510932172509432e+08
5.981949438754409552e+08
5.980384780122045279e+08
5.978816958939403296e+08
5.977245995669071674e+08
5.975671888677574396e+08
5.974094639359432459e+08
5.972514280972741842e+08
5.970930792494412661e+08
5.969344194519323111e+08
5.967754505690190792e+08
5.966161710563150644e+08
5.964565835409410000e+08
5.962966883401297331e+08
5.961364857131574154e+08
5.959759769724909067e+08
5.958151629026099443e+08
5.956540437848836184e+08
5.954926209766308069e+08
5.953308947971857786e+08
5.951688662125029564e+08
5.950065360031596422e+08
5.948439047284156084e+08
5.946809733340642452e+08
5.945177425549291372e+08
5.943542128961862326e+08
5.941903854456119537e+08
5.940262607187345028e+08
5.938618394143105745e+08
5.936971224801524878e+08
5.935321104432029724e+08
5.933668040876282454e+08
5.932012041911433935e+08
5.930353114271715879e+08
5.928691264728808403e+08
5.927026501505060196e+08
5.925358830730110407e+08
5.923688259836087227e+08
5.922014796258583069e+08
5.920338446284275055e+08
5.918659217678314447e+08
5.916977116961742640e+08
5.915292151174589396e+08
5.913604327530549765e+08
5.911913652511185408e+08
5.910220133300386667e+08
5.908523776838465929e+08
5.906824589531162977e+08
5.905122578710930347e+08
5.903417750884264708e+08
5.901710112756656408e+08
5.899999671345384121e+08
5.898286433120332956e+08
5.896570404848253727e+08
5.894851593319222927e+08
5.893130004991180897e+08
5.891405646647244692e+08
5.889678524828401804e+08
5.887948646114829779e+08
5.886216017106354237e+08
5.884480644294306040e+08
