3.421000143276355863e+08
6.426060387744210205e+11
2.055530726036879883e+11
4.024118932372449341e+11
3.306436046765006714e+11
2.083523544418074646e+11
1.421370597022953186e+11
1.463699848006040649e+11
1.819945146124098206e+11
1.683971426883738403e+11
1.034773264817753143e+11
7.234769554059771729e+10
9.576797376611088562e+10
1.054429722672195282e+11
7.588830658796813965e+10
5.201691489215291595e+10
5.862381354690051270e+10
6.660764668447003174e+10
5.358279022141714478e+10
3.731993641475540161e+10
3.485877209854800415e+10
3.788201306111717224e+10
3.673988575087738037e+10
3.379309820269192886e+10
2.936344878632994461e+10
2.087763629704316330e+10
1.551612541752196312e+10
2.099483520583416748e+10
2.761709108696332169e+10
2.115358922928990173e+10
8.381866231130269051e+09
7.013908742279418945e+09
1.591581985498757744e+10
1.823904530068652344e+10
1.042606154386640739e+10
4.946323568725570679e+09
7.065699187504776001e+09
9.580585257094072342e+09
8.417418929915018082e+09
6.558011769789997101e+09
5.357659743837462425e+09
4.259405013027611732e+09
4.446223549714105606e+09
5.472322272375505447e+09
4.727788536311175346e+09
2.891969096307047367e+09
2.709676996704974174e+09
3.462689109708444595e+09
3.117101438622829437e+09
2.386139950018334389e+09
2.303642309337904930e+09
2.219244977670743942e+09
1.903162384547783852e+09
1.789867803108405590e+09
1.705995369024717093e+09
1.560301932572706223e+09
1.521477035853689671e+09
1.296466121655868530e+09
9.706692416859538555e+08
1.135682224648844481e+09
1.377525481419524670e+09
9.647642011285316944e+08
5.607570238970893621e+08
8.539505565190116167e+08
1.089456834141637564e+09
7.520291304215711355e+08
5.032122857480230331e+08
6.438411949140312672e+08
7.430771329573972225e+08
6.498167546462233067e+08
5.221509733319634795e+08
4.734824837528802156e+08
5.427294512542147636e+08
5.719388158538035154e+08
4.606732411862959862e+08
4.069894481758260727e+08
4.644120480235239863e+08
4.576443756644221544e+08
4.025456841878501773e+08
3.989496865353109837e+08
4.015291438430495262e+08
3.818953474513784051e+08
3.727713896492080092e+08
3.727388898780270219e+08
3.667566182256224155e+08
3.499083650998677611e+08
3.394925660303530693e+08
3.519336245141082406e+08
3.509365008040153384e+08
3.240496806795231700e+08
3.221545935052177310e+08
3.394696886861398816e+08
3.294491166228665709e+08
3.128337835015388131e+08
3.167190432264776826e+08
3.213005962213262916e+08
3.164895089749249816e+08
3.101453346899064779e+08
3.079829611956055760e+08
3.105519870570901632e+08
3.098807318635418415e+08
3.051633006427051425e+08
3.035446923928188086e+08
3.044187431990911961e+08
3.042804712785194516e+08
3.023339322842103243e+08
3.003072922349620461e+08
3.005712714486599565e+08
3.009420690446940660e+08
2.995406321856271029e+08
2.984284456261915565e+08
2.982015835612993240e+08
2.981783652629168630e+08
2.979146489039750695e+08
2.969028083168926239e+08
2.963613655953708291e+08
2.967015961937040687e+08
2.964597375243100524e+08
2.957184928737359047e+08
2.953459708710039258e+08
2.954934351432260871e+08
2.955087208211563230e+08
2.948492140680209994e+08
2.945377003154522777e+08
2.948282265235878229e+08
2.946593231290638447e+08
2.941803728878302574e+08
2.940865641537984610e+08
2.941962104972723126e+08
2.940232391890718937e+08
2.937195261342200041e+08
2.936820764792649150e+08
2.936922126072917581e+08
2.935237722621835470e+08
2.933780773971913457e+08
2.933141626849517226e+08
2.932585125626562238e+08
2.931793608807092905e+08
2.930554254963545799e+08
2.929705914487925768e+08
2.929415943841510415e+08
2.928665167199974656e+08
2.927507519460811615e+08
2.926879266666834950e+08
2.926564953199104071e+08
2.925735565329134464e+08
2.924793373861085176e+08
2.924297493191130757e+08
2.923834920370357037e+08
2.923058633375688195e+08
2.922275371267910600e+08
2.921771059637653232e+08
2.921295281677174568e+08
2.920522240539156795e+08
2.919804181608417630e+08
2.919400796961995959e+08
2.918800925249805450e+08
2.918020845667973161e+08
2.917504753280303478e+08
2.916990985318116546e+08
2.916305967048495412e+08
2.915694425999495983e+08
2.915144360293126106e+08
2.914555863129990697e+08
2.913932376876246929e+08
2.913338821581534147e+08
2.912758144257589579e+08
2.912165587436071634e+08
2.911569514916636348e+08
2.910955725161023140e+08
2.910376793416101933e+08
2.909794845389787555e+08
2.909172914560598135e+08
2.908572073373904824e+08
2.908000881774689555e+08
2.907390388049443364e+08
2.906767697711034417e+08
2.906190302465281487e+08
2.905589440963628292e+08
2.904964805091882348e+08
2.904369944991613030e+08
2.903768331020504832e+08
2.903153506616540551e+08
2.902541846074086428e+08
2.901935044407438040e+08
2.901323948295771480e+08
2.900705988609695435e+08
2.900092001982368231e+08
2.899476300888985395e+08
2.898859112312861681e+08
2.898236923715249300e+08
2.897616238571904898e+08
2.896995868418551087e+08
2.896370434380112290e+08
2.895743445457705259e+08
2.895117687832071781e+08
2.894490418155066967e+08
2.893857472330718040e+08
2.893226563738154173e+08
2.892595234407595396e+08
2.891958533647629023e+08
2.891322317301706672e+08
2.890685616021741033e+08
2.890046048211255074e+08
2.889404390339678526e+08
2.888762810700930953e+08
2.888119031307231188e+08
2.887473214392324686e+08
2.886826447053346038e+08
2.886178119020779133e+08
2.885528328704333305e+08
2.884876562922062278e+08
2.884223726391131878e+08
2.883569483353016376e+08
2.882913370221313834e+08
2.882255756249725819e+08
2.881597073248963952e+08
2.880936639452165365e+08
2.880274407531602383e+08
2.879611237150297761e+08
2.878946382333741188e+08
2.878279783682407141e+08
2.877612034296329021e+08
2.876942776451632977e+08
2.876271862770550251e+08
2.875599608476861715e+08
2.874925923967548609e+08
2.874250722962791324e+08
2.873574034258836508e+08
2.872895955422276258e+08
2.872216446267093420e+08
2.871535400966957808e+08
2.870852972637937665e+08
2.870169135683625937e+08
2.869483803956629038e+08
2.868797056599777341e+08
2.868108910883702636e+08
2.867419328640566468e+08
2.866728296476842761e+08
2.866035882799640298e+08
2.865342061921347976e+08
2.864646791076314449e+08
2.863950146774699092e+08
2.863252100332200527e+08
2.862552640951942205e+08
2.861851785862208605e+08
2.861149556000205874e+08
2.860445926937600374e+08
2.859740903842059374e+08
2.859034518017134070e+08
2.858326746812741756e+08
2.857617592315016985e+08
2.856907079823176265e+08
2.856195195199244618e+08
2.855481943183584213e+08
2.854767332737247348e+08
2.854051367184809446e+08
2.853334045603280663e+08
2.852615369511694312e+08
2.851895354352782965e+08
2.851173988868345618e+08
2.850451283345463872e+08
2.849727242850832343e+08
2.849001867529003024e+08
2.848275159009227753e+08
2.847547125485481024e+08
2.846817767698607445e+08
2.846087086597372293e+08
2.845355089169359207e+08
2.844621777909312248e+08
2.843887152976119518e+08
2.843151221330522895e+08
2.842413984454241991e+08
2.841675445261331797e+08
2.840935607086443305e+08
2.840194474050060511e+08
2.839452047996881008e+08
2.838708332224439383e+08
2.837963330921353698e+08
2.837217045944528580e+08
2.836469480792329907e+08
2.835720638753470182e+08
2.834970522885875106e+08
2.834219135667100549e+08
2.833466480744032264e+08
2.832712561196040511e+08
2.831957379293339849e+08
2.831200938805742860e+08
2.830443242595858574e+08
2.829684293116707802e+08
2.828924094001154900e+08
2.828162647928911448e+08
2.827399957712436914e+08
2.826636026516386271e+08
2.825870857264496088e+08
2.825104452680145502e+08
2.824336815869125724e+08
2.823567949677457809e+08
2.822797856966276169e+08
2.822026540614106655e+08
