1.222007228815996498e+08
7.352091186044876709e+11
2.125650020667913513e+11
3.921996468816193848e+11
3.939420061756238403e+11
2.694928803810813904e+11
1.507541436314066772e+11
1.299703522746005096e+11
1.856874851152033386e+11
1.988933436299584045e+11
1.380685850809792175e+11
8.866665810852398682e+10
9.140435938158619690e+10
9.824654544353314209e+10
8.249821227924305725e+10
7.047703495695874023e+10
7.549587523933718872e+10
7.340036531981817627e+10
5.139652801403844452e+10
3.333365317857559204e+10
3.753743165572438049e+10
4.915384704626871490e+10
4.803318887133409882e+10
3.570978467782995605e+10
2.426829106423596573e+10
1.942535284831084442e+10
2.162844296983873367e+10
2.790733191427350616e+10
2.926722350914266586e+10
1.973273675366822052e+10
8.626139768417968750e+09
9.147551067903926849e+09
1.754056802113986588e+10
1.921658658224755096e+10
1.193090769068845177e+10
6.183514093699090958e+09
6.769924928380714417e+09
9.047179213006828308e+09
9.518120851956048965e+09
8.419935097082459450e+09
5.968401759442889214e+09
3.614999321233761311e+09
3.995927921710144997e+09
6.002057330896516800e+09
5.805370141707057953e+09
3.427122412688679218e+09
2.213475720411465645e+09
2.887575830699050903e+09
3.450166241085726261e+09
3.091784761692554951e+09
2.402024129654221058e+09
1.795635369243876219e+09
1.626454799888016939e+09
1.921702978871874571e+09
1.967893671803260565e+09
1.532286716255582094e+09
1.194274593455059290e+09
1.087595159601567268e+09
1.036490891458387733e+09
1.161503800602102518e+09
1.185944413782489538e+09
7.586897316457307339e+08
4.610504613108592629e+08
7.396619122029142380e+08
9.432933289691497087e+08
6.437707878269811869e+08
3.490682965190811157e+08
4.207524886858361363e+08
5.900897642993596792e+08
5.541740981934653521e+08
3.580748525426193476e+08
2.596342477782648504e+08
3.543053364431612492e+08
4.223963661326906085e+08
3.195009051083719134e+08
2.200201886687043011e+08
2.452070920007846951e+08
2.811354622975432277e+08
2.587428166992221773e+08
2.181836041651178598e+08
1.890107166231888235e+08
1.915774320866425335e+08
2.079941105687428117e+08
1.953823130438357294e+08
1.662037407928211093e+08
1.525357816032156348e+08
1.605601927960860133e+08
1.719054867515104115e+08
1.554543906784793437e+08
1.289401720343916863e+08
1.351193297922102511e+08
1.514544462204226851e+08
1.395583316454970539e+08
1.204021242386380583e+08
1.223933693138478547e+08
1.319530162458364367e+08
1.278561248822765201e+08
1.163149089792032689e+08
1.143604080024974942e+08
1.194877921904307008e+08
1.187731635056090355e+08
1.131976383230367899e+08
1.101658653929025233e+08
1.111551238004166335e+08
1.130195114868528098e+08
1.107367553711504936e+08
1.065850063175644577e+08
1.070843880003190786e+08
1.092669811443377882e+08
1.076780112172834873e+08
1.048158413296596259e+08
1.047885126143039167e+08
1.062921044106525630e+08
1.056016109007660002e+08
1.035028850303869396e+08
1.033827161675419658e+08
1.043597742267418206e+08
1.039653586099132299e+08
1.027370489129463881e+08
1.024013680944834799e+08
1.030756268934532851e+08
1.029856160561202615e+08
1.020058719607815892e+08
1.018586520088145137e+08
1.022894422235391587e+08
1.021634635027023405e+08
1.016162738531949222e+08
1.014264599026436359e+08
1.017305166824700385e+08
1.016774188993030936e+08
1.012226617816473097e+08
1.011674721434427500e+08
1.013667669892235994e+08
1.012578905712791085e+08
1.009910593750183433e+08
1.009706568064746857e+08
1.010779258968084604e+08
1.009787813495993763e+08
1.008212619758840799e+08
1.008151499650988281e+08
1.008511403063025028e+08
1.007973815866813660e+08
1.006825207217766345e+08
1.006694020792784691e+08
1.007065209372914732e+08
1.006399999668688774e+08
1.005645639699133635e+08
1.005638336799754500e+08
1.005728704401654452e+08
1.005218595042735040e+08
1.004605711645538211e+08
1.004705122318898588e+08
1.004669065481323004e+08
1.004098239026419669e+08
1.003800561650834829e+08
1.003852819323151410e+08
1.003648242616180331e+08
1.003200782504753768e+08
1.003059888546408415e+08
1.003004605032240450e+08
1.002726901784199178e+08
1.002439254948658049e+08
1.002300304619583488e+08
1.002180693228118122e+08
1.001920215782621801e+08
1.001685953742698282e+08
1.001560759353048205e+08
1.001387762245132923e+08
1.001160208599940836e+08
1.000951769083099663e+08
1.000818548624546230e+08
1.000639082643407285e+08
1.000400027068089396e+08
1.000240452000978440e+08
1.000085285736497194e+08
9.998808199531051517e+07
9.996761684416832030e+07
9.995206891486503184e+07
9.993468260126374662e+07
9.991348294036422670e+07
9.989609879656793177e+07
9.987918579170812666e+07
9.986009280609938502e+07
9.984084732348220050e+07
9.982330459914557636e+07
9.980562467888946831e+07
9.978609678654724360e+07
9.976787358772052824e+07
9.974988675110246241e+07
9.973139597706861794e+07
9.971245714981491864e+07
9.969393013707025349e+07
9.967594678954969347e+07
9.965690421374306083e+07
9.963803587403158844e+07
9.961973497875799239e+07
9.960107966320464015e+07
9.958191454164677858e+07
9.956323986905656755e+07
9.954468818927650154e+07
9.952548227531659603e+07
9.950656324876169860e+07
9.948773350377605855e+07
9.946871578775890172e+07
9.944952408054916561e+07
9.943047190755546093e+07
9.941143655799663067e+07
9.939214316340206563e+07
9.937288896350274980e+07
9.935369101963211596e+07
9.933437859554500878e+07
9.931493354737110436e+07
9.929557103061068058e+07
9.927616594177724421e+07
9.925661397546473145e+07
9.923706925456961989e+07
9.921753658350326121e+07
9.919789612288799882e+07
9.917818642204919457e+07
9.915851679524753988e+07
9.913875693520931900e+07
9.911893210410030186e+07
9.909909693549358845e+07
9.907922127216775715e+07
9.905927932543472946e+07
9.903929372651788592e+07
9.901929009674395621e+07
9.899922643616959453e+07
9.897910864185321331e+07
9.895896566137379408e+07
9.893878082196305692e+07
9.891853454450756311e+07
9.889825694495473802e+07
9.887794291035884619e+07
9.885757420064240694e+07
9.883716353127607703e+07
9.881671937635613978e+07
9.879622752142520249e+07
9.877568752350515127e+07
9.875511409200765193e+07
9.873449646818785369e+07
9.871383156432273984e+07
9.869312869112218916e+07
9.867238558710783720e+07
9.865159649305805564e+07
9.863076645144538581e+07
9.860989765169918537e+07
9.858898488121843338e+07
9.856802970267865062e+07
9.854703552726703882e+07
9.852599960560569167e+07
9.850492056914687157e+07
9.848380218175232410e+07
9.846264328216248751e+07
9.844144163945807517e+07
9.842020012572441995e+07
9.839891875320631266e+07
9.837759543740116060e+07
9.835623189653649926e+07
9.833482874754585326e+07
9.831338455997985601e+07
9.829189999421444535e+07
9.827037593539501727e+07
9.824881158834171295e+07
9.822720694903993607e+07
9.820556289206250012e+07
9.818387910484649241e+07
9.816215529285901785e+07
9.814039213301448524e+07
9.811858968542000651e+07
9.809674752206285298e+07
9.807486617585013807e+07
9.805294583526039124e+07
9.803098615262906253e+07
9.800898747800648212e+07
9.798695005471055210e+07
9.796487365224932134e+07
9.794275849459519982e+07
9.792060479073859751e+07
9.789841248340074718e+07
9.787618163391768932e+07
9.785391249044921994e+07
9.783160504507988691e+07
9.780925931984588504e+07
9.778687553746451437e+07
9.776445373963835835e+07
9.774199392750822008e+07
9.771949630829136074e+07
9.769696092654851079e+07
9.767438782323686779e+07
9.765177713471330702e+07
9.762912896209232509e+07
9.760644332105611265e+07
9.758372035464802384e+07
9.756096014453314245e+07
9.753816274234230816e+07
9.751532825228527188e+07
9.749245677448391914e+07
9.746954836058875918e+07
9.744660310802240670e+07
