1.519788805297575295e+08
7.352245563743494873e+11
1.987520387150211182e+11
3.980301535233894043e+11
3.832548500317028198e+11
2.578445626110407715e+11
1.459967771584294128e+11
1.299129109858655701e+11
1.861492070225538025e+11
1.958194563631385498e+11
1.309746259068545990e+11
8.291712323397598267e+10
9.133007955401280212e+10
1.003897332986846619e+11
8.167784926179162598e+10
6.679077754725695038e+10
7.196749418845524597e+10
7.143928569297305298e+10
5.115382578145204163e+10
3.452245139033316803e+10
3.801762088310173798e+10
4.655535406829505157e+10
4.428441494464402008e+10
3.519359516726130676e+10
2.687794426702059174e+10
2.024468010621026993e+10
1.876298299011157608e+10
2.540975458765727615e+10
3.016748518690466309e+10
2.139705326281192017e+10
7.805478426746017456e+09
7.225982869661541939e+09
1.737954570152250671e+10
2.021024191991473007e+10
1.178872149073627663e+10
5.075144007100057602e+09
6.431144678824850082e+09
9.547530512715961456e+09
9.635680517778026581e+09
7.906559159707121849e+09
5.536019298412818909e+09
3.640719264017147064e+09
4.248971948866874218e+09
6.032088553614305496e+09
5.444104230034664154e+09
3.126230109960052967e+09
2.387088955787190914e+09
3.137620669850186348e+09
3.283551747868506432e+09
2.811787047864893913e+09
2.442575678622994423e+09
1.958447778611308098e+09
1.603336504243076801e+09
1.813806517165702105e+09
1.947092418885159254e+09
1.567956028382145166e+09
1.222340310058126450e+09
1.090068749244555712e+09
1.007216701518039584e+09
1.154430078322863579e+09
1.233682825873858929e+09
7.753302339000844955e+08
4.292262969468833804e+08
7.635531622339520454e+08
9.958050729908056259e+08
6.293151448767791986e+08
3.385984934858217239e+08
4.749790955979785919e+08
6.212887506619679928e+08
5.407955843778015375e+08
3.731671207560881376e+08
3.023800765867589116e+08
3.786874376017872691e+08
4.312535334360461235e+08
3.370853518033894897e+08
2.495177312013107240e+08
2.740600987732222676e+08
3.006445099354031086e+08
2.758575031302394867e+08
2.440677631942434013e+08
2.180642019946640730e+08
2.138501112474892735e+08
2.289065921522452533e+08
2.200901930415545404e+08
1.921846164964195788e+08
1.781594964118993878e+08
1.836371113777476549e+08
1.951947515222008526e+08
1.824292842938513458e+08
1.545359011656789482e+08
1.585119042496828437e+08
1.769754571360736489e+08
1.657646263723176420e+08
1.452137810904327631e+08
1.474501174528538585e+08
1.579933271294070780e+08
1.534585322045100331e+08
1.413164894581027627e+08
1.399173633413332999e+08
1.456093686052223742e+08
1.444262053473770320e+08
1.381160039616776109e+08
1.359033841840939224e+08
1.375953542796562910e+08
1.383273475968264639e+08
1.358266664061858356e+08
1.327218425083370209e+08
1.332371418687776327e+08
1.345574110845454633e+08
1.331011767690204829e+08
1.310743463636093885e+08
1.306352797430923134e+08
1.316569093166024983e+08
1.314732972983771563e+08
1.294860812972603887e+08
1.290739005049488693e+08
1.300510297066161931e+08
1.298085953033006042e+08
1.285703135649042279e+08
1.281400728609899282e+08
1.288358767673443407e+08
1.288100981233407259e+08
1.277732037551259249e+08
1.275986672474903166e+08
1.281264845179015398e+08
1.279157905031112731e+08
1.273399658145923615e+08
1.272591746921521127e+08
1.274944915652791411e+08
1.274024255611200482e+08
1.269978935492540151e+08
1.269515851015573591e+08
1.271117442689834833e+08
1.269822319992695451e+08
1.267620416293589026e+08
1.267276398734091371e+08
1.267900096668594778e+08
1.267197506614637226e+08
1.265672437384642214e+08
1.265305587145886272e+08
1.265721019948333502e+08
1.265209472685643286e+08
1.263950708498767167e+08
1.263769591001431197e+08
1.264134100275133401e+08
1.263409112896981090e+08
1.262569673614037633e+08
1.262596688988361359e+08
1.262590179348830283e+08
1.261992194297922701e+08
1.261427829943287075e+08
1.261419668410377353e+08
1.261324624286135286e+08
1.260738362932417691e+08
1.260375715864807069e+08
1.260392752012715638e+08
1.260109381755864024e+08
1.259635852282341272e+08
1.259453494647817314e+08
1.259321884725219011e+08
1.259008932756358832e+08
1.258671415285644531e+08
1.258481606746917218e+08
1.258308304736087322e+08
1.257991128778460175e+08
1.257718427993412316e+08
1.257536294428563565e+08
1.257304176854239553e+08
1.257030435565548092e+08
1.256776329663979113e+08
1.256580935987193584e+08
1.256346505064350367e+08
1.256069820491639227e+08
1.255843986461967826e+08
1.255637728983988613e+08
1.255386556377394795e+08
1.255121965550087988e+08
1.254916787110362202e+08
1.254687001297793984e+08
1.254422406509195417e+08
1.254195288974931985e+08
1.253969777139100730e+08
1.253726267301312983e+08
1.253478880573118627e+08
1.253248978105994314e+08
1.253016578027410209e+08
1.252767381399101168e+08
1.252529710752321780e+08
1.252294291920806319e+08
1.252054611329111308e+08
1.251808918915961087e+08
1.251569091460037977e+08
1.251332428525873274e+08
1.251086278039584607e+08
1.250842205706195384e+08
1.250601907310228199e+08
1.250359605792055428e+08
1.250111251067323089e+08
1.249867785387870222e+08
1.249625421160320640e+08
1.249376443845184296e+08
1.249130028202447295e+08
1.248884685714682043e+08
1.248636871823586673e+08
1.248387466217669994e+08
1.248139510647694916e+08
1.247891011440327764e+08
1.247640257075807005e+08
1.247389738746513873e+08
1.247139370953648239e+08
1.246887889997727275e+08
1.246635020797390491e+08
1.246382721957192123e+08
1.246129801267984658e+08
1.245875473268656880e+08
1.245620933612187058e+08
1.245366411314648092e+08
1.245110646680223644e+08
1.244854194963811338e+08
1.244597802666328996e+08
1.244340511068032980e+08
1.244082445133084506e+08
1.243824036124665439e+08
1.243565202146508247e+08
1.243305499853483289e+08
1.243045269122398049e+08
1.242784705433415473e+08
1.242523411389470994e+08
1.242261460635687709e+08
1.241999114320558459e+08
1.241736210404484421e+08
1.241472592161576897e+08
1.241208500102211982e+08
1.240943928769126534e+08
1.240678689283937663e+08
1.240412878263494372e+08
1.240146636785288602e+08
1.239879756619531959e+08
1.239612293812902421e+08
1.239344357267002612e+08
1.239075852835235149e+08
1.238806749946770668e+08
1.238537145955840051e+08
1.238267006425903440e+08
1.237996282855447829e+08
1.237725033808650821e+08
1.237453257912039459e+08
1.237180928433322310e+08
1.236908048221310973e+08
1.236634651751204878e+08
1.236360715637066364e+08
1.236086227549821883e+08
1.235811218311117738e+08
1.235535685739022195e+08
1.235259600207457244e+08
1.234982996455815583e+08
1.234705870450916737e+08
1.234428204543589205e+08
1.234150015583429784e+08
1.233871309184244573e+08
1.233592071629519463e+08
1.233312311415741444e+08
1.233032035162924677e+08
1.232751236397451907e+08
1.232469916934985965e+08
1.232188082191126347e+08
1.231905733130621016e+08
1.231622864531318694e+08
1.231339484701458216e+08
1.231055593918255419e+08
1.230771188734473586e+08
1.230486274192530513e+08
1.230200852994729280e+08
1.229914921447296590e+08
1.229628483878043741e+08
1.229341542473153174e+08
1.229054095591386110e+08
1.228766145554089546e+08
1.228477694906272590e+08
1.228188743020890653e+08
1.227899291263579577e+08
1.227609342024347484e+08
1.227318895513201952e+08
1.227027952587082237e+08
1.226736515247854739e+08
1.226444584532575607e+08
1.226152160676314980e+08
1.225859245817390680e+08
1.225565841000844836e+08
1.225271946561125368e+08
1.224977564433066845e+08
1.224682695670662224e+08
1.224387340811739266e+08
1.224091501553087234e+08
1.223795178908527195e+08
1.223498373711556196e+08
1.223201087283148766e+08
1.222903320816617608e+08
1.222605075147382170e+08
1.222306351521872729e+08
