4.697159790711864084e+07
7.743843956759818115e+11
2.264831560703880920e+11
3.857163147782875366e+11
4.307394354332224121e+11
2.973502714686295166e+11
1.454628161784510498e+11
1.258722342097664795e+11
1.993940414805885620e+11
2.150068143654407959e+11
1.463961048729231262e+11
9.169453982967823792e+10
9.325742853606805420e+10
1.007697779011499176e+11
8.733066315544631958e+10
7.723477985688520813e+10
8.090779276056188965e+10
7.514614845994490051e+10
5.141904996071516418e+10
3.507309262763540649e+10
4.127474878030887604e+10
5.227941473703347778e+10
4.947302827154316711e+10
3.680875103870408630e+10
2.570310615710140228e+10
2.048818108092322922e+10
2.245226613899208069e+10
2.931256799582688904e+10
3.084462260918288422e+10
2.049870265692005157e+10
8.856669147095668793e+09
9.673099242446542740e+09
1.829571034963604736e+10
1.987113961978459167e+10
1.261611750765370560e+10
6.793158356071624756e+09
6.904749972434359550e+09
8.977054869132957458e+09
9.931059336436698914e+09
9.199478844911046982e+09
6.340752348195191383e+09
3.437192995213796139e+09
3.913786357330821037e+09
6.356191337489846230e+09
6.224479542605740547e+09
3.552326913802921295e+09
2.136721745557418108e+09
2.855782590507054806e+09
3.579146101497583389e+09
3.299536985071343899e+09
2.488885088294075966e+09
1.723155542022411108e+09
1.572307096538892031e+09
1.980751892119485378e+09
2.063599568572429895e+09
1.564330051696052790e+09
1.121372880860272408e+09
1.008537562509664655e+09
1.079283846442054272e+09
1.223895886083151817e+09
1.117217713304546356e+09
6.666168467569693327e+08
4.681904447474822402e+08
7.453033190995602608e+08
8.759639885904884338e+08
5.888198386393203735e+08
3.320893780457737446e+08
3.747490861072837710e+08
5.236932722578215599e+08
5.169357824186437726e+08
3.231217895118566155e+08
1.975938746492088437e+08
2.919076688646402955e+08
3.736674777090577483e+08
2.747714775715329647e+08
1.667584921776317358e+08
1.760982373967787027e+08
2.199655187979461849e+08
2.157580449059482217e+08
1.619966450817587972e+08
1.179505058543968648e+08
1.316083271985881180e+08
1.554751216332766712e+08
1.364051041754169166e+08
1.012663840848342478e+08
8.857379456504431367e+07
1.024997856684001535e+08
1.130903441769709736e+08
9.007108475795920193e+07
6.538689075074880570e+07
7.562141376016657054e+07
8.822165659191755950e+07
7.559627353595373034e+07
5.941937516686627269e+07
5.851650857233028859e+07
6.738930610672292113e+07
6.682810515813373029e+07
5.324602391903501749e+07
4.907002597938124090e+07
5.655823209519041330e+07
5.633490053426341712e+07
4.929365908160038292e+07
4.592991003691111505e+07
4.746309982432780415e+07
4.991848902508392185e+07
4.705237845072025061e+07
4.221817262045750022e+07
4.332728893338724226e+07
4.580496650733660161e+07
4.380670719970454276e+07
4.074676701326045394e+07
4.078866945036663860e+07
4.263712331895052642e+07
4.182487642187050730e+07
3.930494922738243639e+07
3.947603894755058736e+07
4.065345490876082331e+07
3.997003669945195317e+07
3.873254375239818543e+07
3.852426995416262746e+07
3.917473555330367386e+07
3.907059502884609997e+07
3.806303700866454840e+07
3.792566628372711688e+07
3.841143102697750926e+07
3.825186166081182659e+07
3.769880475631598383e+07
3.753866426535917073e+07
3.783152786714366823e+07
3.779819417448052764e+07
3.736291539682112634e+07
3.728043324735221267e+07
3.748991974482701719e+07
3.743907433486095816e+07
3.714804994721746445e+07
3.709779343826603144e+07
3.727117838750457019e+07
3.718343544268426299e+07
3.698736089954145998e+07
3.701328305335878581e+07
3.707998201284191757e+07
3.701502980912008882e+07
3.690736834691137820e+07
3.691242034779147804e+07
3.696162191235805303e+07
3.690639928466373682e+07
3.683220637021988630e+07
3.684589338195732981e+07
3.687667090866184980e+07
3.682431619804056734e+07
3.677406853061336279e+07
3.680295886285960674e+07
3.680577052950135618e+07
3.676054371646432579e+07
3.674142878748823702e+07
3.675763236623203754e+07
3.675282939487198740e+07
3.671543835928883404e+07
3.671131741279661655e+07
3.672299592212691158e+07
3.670455786148479581e+07
3.668481992125785351e+07
3.668534818592080474e+07
3.668663646953196824e+07
3.666957986381348968e+07
3.665846933417794853e+07
3.665990790747497231e+07
3.665337329207984358e+07
3.664211442909805477e+07
3.663420714943604171e+07
3.663327215758330375e+07
3.662677729093041271e+07
3.661533388720940799e+07
3.661204313130865246e+07
3.660839593069852889e+07
3.660046402804034948e+07
3.659262241113278270e+07
3.658898604124595225e+07
3.658459044684444368e+07
3.657587418553307652e+07
3.657053650727999955e+07
3.656670625045762211e+07
3.656027874196035415e+07
3.655326685158849508e+07
3.654865154034171999e+07
3.654388149780809134e+07
3.653689069673014432e+07
3.653137426891508698e+07
3.652653491291658580e+07
3.652076469763015211e+07
3.651459346272794902e+07
3.650922502852095664e+07
3.650414670370136946e+07
3.649805442664530873e+07
3.649228428679969907e+07
3.648706838342068344e+07
3.648150953370269388e+07
3.647548192583345622e+07
3.646999602393443137e+07
3.646465933719694614e+07
3.645871470749653131e+07
3.645302079709298164e+07
3.644756167375013232e+07
3.644187187058113515e+07
3.643603205769377947e+07
3.643041723020304739e+07
3.642482275846061856e+07
3.641899658051185310e+07
3.641324304140178114e+07
3.640760769297025353e+07
3.640184944711045921e+07
3.639601075728600472e+07
3.639029138495659828e+07
3.638454792313350737e+07
3.637870160445152223e+07
3.637287999109110981e+07
3.636711829617974907e+07
3.636127093288011104e+07
3.635538356360597908e+07
3.634957208869175613e+07
3.634370764802251756e+07
3.633779280888208747e+07
3.633191335713521391e+07
3.632602131284151971e+07
3.632008829354759306e+07
3.631414800878369063e+07
3.630821757327873260e+07
3.630226229060157388e+07
3.629627425482577831e+07
3.629030154534233361e+07
3.628431256567842513e+07
3.627829104816722125e+07
3.627227156887059659e+07
3.626624536634302139e+07
3.626019260736383498e+07
3.625412920925216377e+07
3.624806323929437250e+07
3.624197735082070529e+07
3.623587456483469903e+07
3.622976716044533253e+07
3.622364666324459016e+07
3.621750601652490348e+07
3.621135916185755283e+07
3.620520053500668705e+07
3.619902477156684548e+07
3.619283826207306981e+07
3.618664157031066716e+07
3.618043016325034946e+07
3.617420538038770109e+07
3.616797054626284540e+07
3.616172294845787436e+07
3.615546087586897612e+07
3.614918826225086302e+07
3.614290395211680233e+07
3.613660527476254851e+07
3.613029533592913300e+07
3.612397406465265155e+07
3.611763924206414074e+07
3.611129224960511923e+07
3.610493433224871755e+07
3.609856322892447561e+07
3.609217988652675599e+07
3.608578529363143444e+07
3.607937817844884098e+07
3.607295874193514138e+07
3.606652778024176508e+07
3.606008478467353433e+07
3.605362951363481581e+07
3.604716247965191305e+07
3.604068381991187483e+07
3.603419283298859000e+07
3.602769018293248862e+07
3.602117588577510417e+07
3.601464954027941078e+07
3.600811145263291150e+07
3.600156179394298792e+07
3.599500027341213822e+07
3.598842701136983931e+07
3.598184222709845006e+07
3.597524573621748388e+07
3.596863753980263323e+07
3.596201787884814292e+07
3.595538660962712765e+07
3.594874373377360404e+07
3.594208941048255563e+07
3.593542359642215073e+07
3.592874625253506005e+07
3.592205750823505223e+07
3.591535736254507303e+07
3.590864577231374383e+07
3.590192283514831215e+07
3.589518857636979222e+07
3.588844295572201163e+07
3.588168605224037915e+07
3.587491789465839416e+07
3.586813846255500615e+07
3.586134780911022425e+07
3.585454597246052325e+07
3.584773293977239728e+07
3.584090875531405956e+07
