4.939677547818935513e+08
6.140076247129925537e+11
2.038048163461669617e+11
4.174176950134763184e+11
3.132041062545173950e+11
1.826024865785099792e+11
1.403336873370816345e+11
1.630099103551549377e+11
1.863514688276322632e+11
1.542777503461878662e+11
8.944287056188562012e+10
7.018825712975601196e+10
1.013813851573128967e+11
1.104364312911204224e+11
7.467999999782878113e+10
4.478997012951031494e+10
5.179389458300071716e+10
6.631720136479781342e+10
5.800286227025005341e+10
3.944780711062672424e+10
3.212516250429443359e+10
3.396384570788632584e+10
3.513319615065177155e+10
3.437112111691535187e+10
3.044156380795131302e+10
2.123748421161774445e+10
1.468675565159264946e+10
1.953103290742246628e+10
2.671552307971771622e+10
2.133217357872450638e+10
9.072140870570669174e+09
7.301995276557240486e+09
1.541000238139311790e+10
1.743431977877140427e+10
1.015906240506504822e+10
5.334827314847107887e+09
7.455934400563776016e+09
9.562779585595491409e+09
8.151986888228369713e+09
6.303749217696660995e+09
5.343454399948284149e+09
4.571190750601898193e+09
4.737370661180616379e+09
5.396813152822132111e+09
4.518425537821665764e+09
2.915232572680806160e+09
2.924030306170454025e+09
3.675372962503442287e+09
3.225769653517176151e+09
2.344804354904243946e+09
2.251030309796275616e+09
2.377993682833261013e+09
2.193602293464712620e+09
1.922328786051751375e+09
1.649645085789636135e+09
1.578754004839195728e+09
1.748651189444558382e+09
1.535754890976440907e+09
1.032909789996482730e+09
1.145422395539081097e+09
1.516179797250248909e+09
1.167612172826319218e+09
6.963975792210594416e+08
9.404127977017560005e+08
1.196870470445331812e+09
8.910721456047717333e+08
6.515261626118451357e+08
7.819413300406634808e+08
8.631321960948232412e+08
7.643407132432929277e+08
6.555141196904276609e+08
6.241999941632913351e+08
6.806605282214767933e+08
6.903246142978459597e+08
5.850803968276629448e+08
5.503956143540576696e+08
6.104094441115295887e+08
5.870557848526403904e+08
5.257032524858156443e+08
5.372374993487424850e+08
5.458205771585415602e+08
5.158480370545262098e+08
5.035818528675306439e+08
5.079677910673955083e+08
5.045215600647773147e+08
4.883062398612252474e+08
4.751936742906823158e+08
4.853735044951374531e+08
4.868677802599478364e+08
4.626393480355883837e+08
4.596824466229499578e+08
4.742949087741234303e+08
4.642059332630944848e+08
4.505465268675341606e+08
4.553449239751145840e+08
4.569188298307523131e+08
4.509754520227384567e+08
4.477131139828511477e+08
4.464099022873094678e+08
4.462981143011781573e+08
4.452311464456374049e+08
4.424896629483936429e+08
4.410880281931664348e+08
4.405765971765848398e+08
4.403915675182861686e+08
4.392915314610371590e+08
4.371197146546036601e+08
4.371878803270648718e+08
4.375067518471863866e+08
4.359047223862922788e+08
4.351403320893380046e+08
4.350409189901950359e+08
4.346249639714803100e+08
4.341974035956701040e+08
4.335006894539954066e+08
4.331954681863746643e+08
4.330334970815255642e+08
4.326323358406541348e+08
4.324095007792029381e+08
4.319111863930574656e+08
4.316819041041629314e+08
4.318589953192730546e+08
4.313139284217896461e+08
4.308861927272561193e+08
4.310964316204781532e+08
4.308990632759547830e+08
4.304858921363214254e+08
4.303679360780255795e+08
4.303623373353817463e+08
4.301964771634277701e+08
4.299033257758293152e+08
4.298421573652992249e+08
4.297913950875759721e+08
4.295799435048581958e+08
4.294647491518661380e+08
4.293587302178125978e+08
4.292504512447700500e+08
4.291516957236509919e+08
4.290110339103862047e+08
4.289185064682296515e+08
4.288242315072132349e+08
4.287214278304867148e+08
4.286204609343071580e+08
4.285011286044233441e+08
4.284305825100064278e+08
4.283414373669849634e+08
4.282143318756924868e+08
4.281343430671821237e+08
4.280555280625020862e+08
4.279528267685887218e+08
4.278515856307470202e+08
4.277662995832149982e+08
4.276892742418931723e+08
4.275839742474392653e+08
4.274884201291561723e+08
4.274149146117338538e+08
4.273208583129007816e+08
4.272217657304277420e+08
4.271393232017284632e+08
4.270544464979963899e+08
4.269572975818678737e+08
4.268698347478448153e+08
4.267845088311580420e+08
4.266905239647675753e+08
4.266035756728492975e+08
4.265144204603720307e+08
4.264219823031489253e+08
4.263356150723783374e+08
4.262452991643424034e+08
4.261529908248745799e+08
4.260646774984894395e+08
4.259757772470410466e+08
4.258832225776903629e+08
4.257922230829473734e+08
4.257042376607759595e+08
4.256116339930408001e+08
4.255193068449054360e+08
4.254301140791913271e+08
4.253379191135106683e+08
4.252452036181545258e+08
4.251541079652369618e+08
4.250619512384445667e+08
4.249690877711923718e+08
4.248766306253567934e+08
4.247838198009694219e+08
4.246907032772160769e+08
4.245974251532700658e+08
4.245037484981412888e+08
4.244100674406967759e+08
4.243161703451832533e+08
4.242217589640648365e+08
4.241273050840131640e+08
4.240327090331532359e+08
4.239377701785324216e+08
4.238424362083536983e+08
4.237471273370677829e+08
4.236516156039332747e+08
4.235555038998442292e+08
4.234594767679766417e+08
4.233632486481033564e+08
4.232665198353027701e+08
4.231697326045153737e+08
4.230727464164740443e+08
4.229754340402968526e+08
4.228778820946380496e+08
4.227801801759968400e+08
4.226821966289328933e+08
4.225839593359711766e+08
4.224855315047765970e+08
4.223868512060867548e+08
4.222879488970485926e+08
4.221888065212144256e+08
4.220894316716076732e+08
4.219898469535236359e+08
4.218900231681909561e+08
4.217899454817527533e+08
4.216896834229124784e+08
4.215891780243716240e+08
4.214884157694284916e+08
4.213874721123204231e+08
4.212862847440162301e+08
4.211848562664430141e+08
4.210832251536363363e+08
4.209813652337062955e+08
4.208792725362921953e+08
4.207769624771568775e+08
4.206744339603897929e+08
4.205716781693928242e+08
4.204686998065214157e+08
4.203655058479712605e+08
4.202620893463841081e+08
4.201584511917988658e+08
4.200545960033659339e+08
4.199505226819904447e+08
4.198462304073306918e+08
4.197417196883398294e+08
4.196369938069550991e+08
4.195320521926329136e+08
4.194268914089648128e+08
4.193215185004490018e+08
4.192159307279905081e+08
4.191101267723816633e+08
4.190041106776735783e+08
4.188978819768690467e+08
4.187914396798542738e+08
4.186847853516836762e+08
4.185779208249770999e+08
4.184708444065410495e+08
4.183635573925322294e+08
4.182560614795621037e+08
4.181483557244151235e+08
4.180404409487232566e+08
4.179323183794587851e+08
4.178239879667214155e+08
4.177154502075098157e+08
4.176067056903126240e+08
4.174977554024644494e+08
4.173885990703372359e+08
4.172792376309161782e+08
4.171696718133097291e+08
4.170599016528399587e+08
4.169499278935582042e+08
4.168397510736514926e+08
4.167293717387490273e+08
4.166187900618942976e+08
4.165080069562520981e+08
4.163970227720765471e+08
4.162858378030065894e+08
4.161744528267761469e+08
4.160628682719740868e+08
4.159510844345985055e+08
4.158391020483443737e+08
4.157269214882769585e+08
4.156145432149603367e+08
4.155019677453339696e+08
4.153891955973497033e+08
4.152762271641503572e+08
4.151630629891793132e+08
4.150497035226260424e+08
4.149361492493819594e+08
4.148224006236918569e+08
4.147084581121262908e+08
4.145943222441424131e+08
4.144799933782693744e+08
4.143654720700009465e+08
4.142507587673488259e+08
4.141358538732405305e+08
4.140207579246575236e+08
4.139054713390229940e+08
4.137899945642526746e+08
4.136743280871473551e+08
4.135584723391619921e+08
4.134424277723532915e+08
4.133261948478204012e+08
4.132097740073122382e+08
4.130931656976180673e+08
4.129763703673067689e+08
4.128593884572999477e+08
4.127422204183706045e+08
4.126248666762583852e+08
