2.821254035680995584e+08
6.656759841421647949e+11
2.194618522416129456e+11
4.002784773495677490e+11
3.580946627557261353e+11
2.300133588912554321e+11
1.437598677214997864e+11
1.466554314431131592e+11
1.897468283445580139e+11
1.788445943060502014e+11
1.129851878165425415e+11
7.841037718516786194e+10
9.721745750518589783e+10
1.061720172606233673e+11
7.987333245937413025e+10
5.796880810023444366e+10
6.332075887734149170e+10
6.925272318305310059e+10
5.483700717652108765e+10
3.782946998294660187e+10
3.618020487491000366e+10
4.118251689546672058e+10
4.032834929106365204e+10
3.503139703536454010e+10
2.861426931473920059e+10
2.106895184410045624e+10
1.780208311913759232e+10
2.328756883533807755e+10
2.807706304728812790e+10
2.081890631854675674e+10
9.106764278069509506e+09
8.412615216611948967e+09
1.643179719397428703e+10
1.812227973735618210e+10
1.104622819351276970e+10
6.028261793222699165e+09
7.297212180816038132e+09
9.209561742657867432e+09
8.689109371606813431e+09
7.421428150564527512e+09
5.816694544670937538e+09
4.103638899594906330e+09
4.269396165386351109e+09
5.708095867303549767e+09
5.242887916757649422e+09
3.155972954627860069e+09
2.499866517810380459e+09
3.290632423531919003e+09
3.391005153937862873e+09
2.708772105069361687e+09
2.258179113398473263e+09
2.053899351398624659e+09
1.946576427323425055e+09
1.942581159849641562e+09
1.755120035574046612e+09
1.497681977559691429e+09
1.473291700269414186e+09
1.331963039383878708e+09
1.014823159977156401e+09
1.100104321022770882e+09
1.317571432677460194e+09
9.701865937803673744e+08
5.774834139991883039e+08
7.972158896346346140e+08
1.026797139795039535e+09
7.600032469210878611e+08
4.981665606587859988e+08
5.674109587078109980e+08
6.850099632955863476e+08
6.461552545773078203e+08
4.975438239551994205e+08
4.072600517489787340e+08
4.843947363691678047e+08
5.426715322293702364e+08
4.325912453101148009e+08
3.512302975089715123e+08
4.015665396654323936e+08
4.184019582475470304e+08
3.665173947078879476e+08
3.448418895132712126e+08
3.461174724008182883e+08
3.341712054525995851e+08
3.259569452305532694e+08
3.245055132791751027e+08
3.139171216871716976e+08
2.952159875083431005e+08
2.909154324644977450e+08
3.039022960976954103e+08
2.963548478883799911e+08
2.700841176008952856e+08
2.723198732368631363e+08
2.877368408914778829e+08
2.758802812084702253e+08
2.603795747274238765e+08
2.639701679222825766e+08
2.684629520149753690e+08
2.641043251212638319e+08
2.568315035443806648e+08
2.545740095619273186e+08
2.577645632133191824e+08
2.567049946442004740e+08
2.518590811032552421e+08
2.503470095923132002e+08
2.508760438742005229e+08
2.508748480867263377e+08
2.492657817866008282e+08
2.468575351629952192e+08
2.467183865861341059e+08
2.475494707781417370e+08
2.464900498140020072e+08
2.447004507374022305e+08
2.442967828308741748e+08
2.449936093819815814e+08
2.445649597866124809e+08
2.430014435078241229e+08
2.428136990926375687e+08
2.433725534751432538e+08
2.427979703316371143e+08
2.420912697200828791e+08
2.418680320387445092e+08
2.419015345239844918e+08
2.419490179119071364e+08
2.413400281638894379e+08
2.409455438085488379e+08
2.412655252852309644e+08
2.411666571997002065e+08
2.406523748351247013e+08
2.405105987770229578e+08
2.406803097765488923e+08
2.405501736433376968e+08
2.401943931390688419e+08
2.401544240252905488e+08
2.402146871684471369e+08
2.400617699815942645e+08
2.398847265564615130e+08
2.398300346219965518e+08
2.398218289298710227e+08
2.397320981323343813e+08
2.396011223109213710e+08
2.395433842243638635e+08
2.395231843420620561e+08
2.394562480643761754e+08
2.393480460274174213e+08
2.392899661768455803e+08
2.392805498528091908e+08
2.392058746614583135e+08
2.391108339205824733e+08
2.390795683333881199e+08
2.390482924683708847e+08
2.389746894586856365e+08
2.389050932150692642e+08
2.388715619532181323e+08
2.388334001839715540e+08
2.387635907221311331e+08
2.387054513949742913e+08
2.386756800072193444e+08
2.386267185153617561e+08
2.385602403687399328e+08
2.385183835478453934e+08
2.384791675202684999e+08
2.384232285095768571e+08
2.383715717375693619e+08
2.383276480295357108e+08
2.382821487657185793e+08
2.382308114492248595e+08
2.381812617085190415e+08
2.381362280115856230e+08
2.380892488789421022e+08
2.380398031264682114e+08
2.379903687034550309e+08
2.379452265953314900e+08
2.378981410559290349e+08
2.378473645557870865e+08
2.377999236777746975e+08
2.377542952727077007e+08
2.377052334801233411e+08
2.376549760470466912e+08
2.376090934767725468e+08
2.375613330509997010e+08
2.375108135960026085e+08
2.374632485221706927e+08
2.374155448472629786e+08
2.373661931166470945e+08
2.373170672075097859e+08
2.372687691084730029e+08
2.372200304155352712e+08
2.371704310385744572e+08
2.371214074831047356e+08
2.370722838139050007e+08
2.370229750373139381e+08
2.369732171471121013e+08
2.369235629268558323e+08
2.368741848841162622e+08
2.368241335999006629e+08
2.367739732392826378e+08
2.367241055114657581e+08
2.366740195084067285e+08
2.366233664819124937e+08
2.365730291894953549e+08
2.365226620884208381e+08
2.364717532400590181e+08
2.364209466813274622e+08
2.363701390171092749e+08
2.363190566705769897e+08
2.362678026252385974e+08
2.362165705266084969e+08
2.361651934457644820e+08
2.361136034655199647e+08
2.360619504014230967e+08
2.360102010051548481e+08
2.359583215111470520e+08
2.359062552976503670e+08
2.358541420098361075e+08
2.358019154495489895e+08
2.357495067755110264e+08
2.356970048290050328e+08
2.356444222349610031e+08
2.355916798328084350e+08
2.355388027948428988e+08
2.354858592392817438e+08
2.354327688377248645e+08
2.353795456706366837e+08
2.353262288200654984e+08
2.352727919456814826e+08
2.352192259605819583e+08
2.351655448616284430e+08
2.351117572970045507e+08
2.350578482807289958e+08
2.350038138353512585e+08
2.349496740062601268e+08
2.348954209160429835e+08
2.348410403134902716e+08
2.347865510196543932e+08
2.347319524826135933e+08
2.346772304047425389e+08
2.346223955581644475e+08
2.345674519975330830e+08
2.345123911100009084e+08
2.344572142671696246e+08
2.344019282724431157e+08
2.343465297957059145e+08
2.342910140735931695e+08
2.342353896400050223e+08
2.341796534991059005e+08
2.341238034327817559e+08
2.340678421184516251e+08
2.340117715724010170e+08
2.339555884464447200e+08
2.338992940541990995e+08
2.338428909472743273e+08
2.337863771044037938e+08
2.337297524245579839e+08
2.336730192486360073e+08
2.336161768738569617e+08
2.335592244394848347e+08
2.335021639189706445e+08
2.334449950246808231e+08
2.333877175727621317e+08
2.333303318806904852e+08
2.332728392522691488e+08
2.332152386035262346e+08
2.331575307465739548e+08
2.330997162857170701e+08
2.330417951195350587e+08
2.329837672154172361e+08
2.329256335322505236e+08
2.328673939487815499e+08
2.328090484866753519e+08
2.327505978591354191e+08
2.326920421806426048e+08
2.326333814442181289e+08
2.325746162229564190e+08
2.325157466999383569e+08
2.324567729851152003e+08
2.323976954414627254e+08
2.323385143499529064e+08
2.322792299007211924e+08
2.322198422725596726e+08
2.321603518986083567e+08
2.321007588760277629e+08
2.320410634554047883e+08
2.319812659622026980e+08
2.319213666111951172e+08
2.318613655609639585e+08
2.318012631772756875e+08
2.317410596473438144e+08
2.316807551639606655e+08
2.316203500460031629e+08
2.315598445028081238e+08
2.314992387312251329e+08
2.314385330297845602e+08
2.313777276025113165e+08
2.313168226796086431e+08
2.312558185048648119e+08
2.311947153214288652e+08
2.311335133388820589e+08
2.310722128021486700e+08
2.310108139473992586e+08
2.309493169937705398e+08
2.308877221698524654e+08
