2.308260364407059848e+08
6.854342848814837646e+11
1.977129126022658386e+11
4.008643281325186157e+11
3.409065370640182495e+11
2.225501853733214111e+11
1.452168734556997375e+11
1.406776181565548706e+11
1.784501071225465698e+11
1.723292704743113098e+11
1.130448276191852722e+11
7.993998936880799866e+10
9.458673780635444641e+10
9.852370781019456482e+10
7.307619412107556152e+10
5.766641280195738220e+10
6.686652861390509796e+10
6.901999404797242737e+10
4.913659106746084595e+10
3.289683019217321396e+10
3.643377271195259094e+10
4.316164514485134125e+10
3.937014385714213562e+10
3.225080020513261414e+10
2.739386520123972702e+10
2.102628930504955292e+10
1.680884530254492569e+10
2.211473622332415009e+10
2.831025582648712540e+10
2.110237194998352432e+10
7.680510296643880844e+09
6.773493368191731453e+09
1.658924404886625862e+10
1.887799478697736740e+10
1.045494353305837059e+10
4.804356316641074181e+09
6.955720034845746994e+09
9.383187554853342056e+09
8.451332846970673561e+09
6.986909251643727303e+09
5.589333905421510696e+09
3.896430449077064991e+09
4.001519910763593674e+09
5.541078015174306870e+09
5.115752788555633545e+09
2.985095159103871346e+09
2.367487791272925377e+09
3.150823336670351982e+09
3.174798618457930565e+09
2.586853634868954182e+09
2.284931851952064037e+09
1.971990990647141933e+09
1.700185443856142521e+09
1.808324344577027321e+09
1.789073067476696491e+09
1.461423400912068129e+09
1.314621885222414970e+09
1.205319608277380228e+09
9.630188600397263765e+08
1.069385402448885918e+09
1.265868196010737419e+09
8.607433484232163429e+08
4.660263374712218642e+08
7.742107829083935022e+08
1.013246912789959908e+09
6.571227048048801422e+08
4.007592561069323421e+08
5.476575498341876268e+08
6.508964202362589836e+08
5.616898434266290665e+08
4.346301703274897337e+08
3.752199770492579937e+08
4.344280172285517454e+08
4.764287271928792000e+08
3.831608629197711945e+08
3.139930087016639709e+08
3.490153477017508745e+08
3.572088142912510037e+08
3.228163406853848696e+08
3.073726868401915431e+08
2.911629927045513391e+08
2.780308344260894060e+08
2.859186822188460231e+08
2.819297827704055905e+08
2.605314401672514379e+08
2.468119687650775909e+08
2.480108596792241931e+08
2.574049558581040502e+08
2.488715084785948098e+08
2.241246881589056253e+08
2.260456865287862122e+08
2.420908237462581098e+08
2.308951133454185128e+08
2.142821208854021430e+08
2.177191710525066853e+08
2.233841749541300833e+08
2.191381329478771985e+08
2.114161677851336896e+08
2.089023200581622422e+08
2.121988566262124181e+08
2.121424776268590391e+08
2.070738191729343832e+08
2.043668160966596007e+08
2.057382580567030013e+08
2.066496039889942408e+08
2.040850587454656661e+08
2.013423661236814559e+08
2.020870596996237636e+08
2.029454453830225766e+08
2.012899672918722928e+08
1.998172596789320707e+08
1.996919012734194994e+08
2.000241914861480594e+08
1.997420229463421404e+08
1.984253874036603868e+08
1.979188419116035998e+08
1.985012567680725753e+08
1.983152265883298516e+08
1.973649324822711051e+08
1.969389063135136068e+08
1.973691914586708844e+08
1.973718396455864906e+08
1.965306405197234154e+08
1.963143657999863029e+08
1.967041596645075083e+08
1.965208768263778985e+08
1.960133061147646010e+08
1.959294886420958042e+08
1.961007631781436503e+08
1.959630903243415952e+08
1.956332944929509163e+08
1.955916186334539950e+08
1.956655738444963992e+08
1.955330595305725038e+08
1.953577535029009581e+08
1.953024931558713019e+08
1.953136033736812472e+08
1.952466051517760158e+08
1.951056514321960807e+08
1.950537511450999975e+08
1.950639633098198473e+08
1.949988272074753046e+08
1.948867983147130609e+08
1.948522445634031594e+08
1.948504765479930043e+08
1.947807219608106315e+08
1.946987817070522308e+08
1.946715779222866297e+08
1.946554948209530711e+08
1.945912278464860022e+08
1.945244328802681565e+08
1.945039985528210700e+08
1.944787636926868856e+08
1.944135638975663781e+08
1.943633830795035064e+08
1.943477661263568401e+08
1.943066053067711294e+08
1.942470013638632596e+08
1.942165296966675818e+08
1.941872773080025613e+08
1.941399020251378715e+08
1.940970566111553013e+08
1.940635091980588436e+08
1.940278103140840530e+08
1.939847284005397260e+08
1.939458017760946453e+08
1.939096223307398856e+08
1.938724250946812034e+08
1.938331609611516595e+08
1.937920353507697582e+08
1.937574684926660657e+08
1.937203018456245363e+08
1.936782914710399210e+08
1.936409696862299442e+08
1.936054745497775972e+08
1.935657324741149247e+08
1.935251807934090495e+08
1.934894751413334906e+08
1.934514081433972716e+08
1.934106604402539730e+08
1.933730785193426907e+08
1.933352331574990749e+08
1.932960320027700663e+08
1.932565390283735096e+08
1.932184640645463765e+08
1.931797735749799311e+08
1.931400816407542825e+08
1.931012247011671662e+08
1.930621526713348925e+08
1.930230880463801622e+08
1.929833277807496190e+08
1.929439224296512604e+08
1.929048322985954583e+08
1.928648784578997195e+08
1.928250513168911040e+08
1.927854710802413225e+08
1.927456792997486889e+08
1.927053551505188346e+08
1.926653965881039202e+08
1.926254135171979666e+08
1.925849149326232970e+08
1.925445494202501774e+08
1.925041982618379593e+08
1.924636327201209962e+08
1.924228582719960213e+08
1.923821944669989645e+08
1.923413722427823544e+08
1.923003788656560779e+08
1.922593381283092797e+08
1.922182286082333028e+08
1.921770290780683756e+08
1.921356371864879727e+08
1.920942494466715157e+08
1.920527659787025452e+08
1.920111196511830091e+08
1.919694066367337704e+08
1.919276448296931088e+08
1.918857393310677111e+08
1.918437270794361830e+08
1.918016705000179410e+08
1.917594980027409196e+08
1.917172101590028107e+08
1.916748497402538955e+08
1.916324099374862015e+08
1.915898442761113346e+08
1.915472000485484898e+08
1.915044735670310855e+08
1.914616422410169840e+08
1.914187156193904877e+08
1.913757053521748483e+08
1.913326049811559618e+08
1.912894016077336371e+08
1.912461128232654035e+08
1.912027379272226989e+08
1.911592646747772694e+08
1.911156988505584002e+08
1.910720512392938435e+08
1.910283074041596353e+08
1.909844709587795734e+08
1.909405494829109311e+08
1.908965380647532344e+08
1.908524321421810985e+08
1.908082410069882870e+08
1.907639612071428597e+08
1.907195894420668185e+08
1.906751305407437086e+08
1.906305839111076891e+08
1.905859483600923717e+08
1.905412236420016289e+08
1.904964127819640040e+08
1.904515141597385108e+08
1.904065266413445771e+08
1.903614531739412844e+08
1.903162932231734395e+08
1.902710448982653916e+08
1.902257111536004841e+08
1.901802911448193192e+08
1.901347845164775550e+08
1.900891919367911220e+08
1.900435142675917149e+08
1.899977506773400009e+08
1.899519016113732755e+08
1.899059679485191107e+08
1.898599492717048824e+08
1.898138456280380785e+08
1.897676578621419966e+08
1.897213858794896007e+08
1.896750295238621533e+08
1.896285895552063882e+08
1.895820660223511457e+08
1.895354588130726218e+08
1.894887684720137715e+08
1.894419951969272494e+08
1.893951389120207727e+08
1.893482000431425869e+08
1.893011787803307474e+08
1.892540752334475815e+08
1.892068895749440491e+08
1.891596221602516472e+08
1.891122730427013636e+08
1.890648424103609622e+08
1.890173305688664615e+08
1.889697376327932477e+08
1.889220637651699185e+08
1.888743092323771417e+08
1.888264742062382996e+08
1.887785588146608472e+08
1.887305633181475103e+08
1.886824879020641148e+08
1.886343326867373586e+08
1.885860979318982661e+08
1.885377838044546545e+08
1.884893904587380588e+08
1.884409181164985597e+08
1.883923669554244876e+08
1.883437371424634159e+08
1.882950288730147481e+08
1.882462423372659981e+08
1.881973777014228702e+08
1.881484351513536572e+08
