4.125073258665099144e+08
6.087864036585791016e+11
2.172546864653193359e+11
3.993763192927149048e+11
3.157032487913297119e+11
1.983233382287903748e+11
1.384226989614916382e+11
1.513042974079018860e+11
1.853359998104670410e+11
1.606480647453237915e+11
9.195896432822401428e+10
6.907289536191246033e+10
1.003085103145446320e+11
1.087221618139376373e+11
7.292999555588450623e+10
4.598167195307709503e+10
5.504631019538642883e+10
6.705333604793022919e+10
5.532614795799922943e+10
3.721097719727681732e+10
3.289429652601449585e+10
3.603794014678784943e+10
3.582465753607362366e+10
3.335511481723391724e+10
2.927931673803840637e+10
2.112866523334882355e+10
1.537667407562225723e+10
2.000787003268491364e+10
2.651759076375229645e+10
2.084735754990764618e+10
8.849820383793130875e+09
7.449334502978684425e+09
1.555204117796700478e+10
1.726107899198646927e+10
9.937544020500951767e+09
5.421340992125679016e+09
7.528749580165038109e+09
9.233288289400465012e+09
7.869157142592029572e+09
6.516645789179357529e+09
5.541032206729108810e+09
4.269172614127334118e+09
4.386951347658095360e+09
5.441094588856864929e+09
4.663091937634845734e+09
2.838164205406214237e+09
2.737778726410203457e+09
3.545703475494327068e+09
3.175963401347824097e+09
2.347734072973976612e+09
2.226038257915291786e+09
2.257528947115263462e+09
2.045682237229967117e+09
1.863299009547872305e+09
1.655697705797309160e+09
1.519504723194146156e+09
1.610520122351344109e+09
1.436680696217382431e+09
9.998455871454292536e+08
1.093672212134581566e+09
1.423116395446866035e+09
1.076863910943031311e+09
6.242152600233768225e+08
8.753546348543796539e+08
1.126462633155643463e+09
8.138847881476767063e+08
5.737738421173247099e+08
7.046550324940594435e+08
7.916146503586095572e+08
6.976605736248077154e+08
5.790060409304127693e+08
5.439538521066579819e+08
6.096310601610072851e+08
6.186143813877397776e+08
5.101144559598743916e+08
4.779314321343346834e+08
5.346093112740498185e+08
5.103351696932057142e+08
4.544272172886295915e+08
4.653776708465263247e+08
4.700291215792382360e+08
4.391334325268575549e+08
4.294145115699897408e+08
4.377399672872549891e+08
4.309607158963913918e+08
4.092749847014786005e+08
4.014078474884849191e+08
4.160961117908186316e+08
4.114784645788777471e+08
3.852673034435545206e+08
3.873876454220486283e+08
4.018627247015887499e+08
3.891196903027043343e+08
3.761056802624183297e+08
3.814259954524335861e+08
3.832564272251237631e+08
3.774555860336564183e+08
3.731103745945633650e+08
3.722123941097480059e+08
3.730086456581917405e+08
3.711348948857213855e+08
3.683145014404371977e+08
3.674348596661565900e+08
3.665920402299532890e+08
3.664195742748442292e+08
3.655937669327278733e+08
3.632996423430697322e+08
3.631641500895795226e+08
3.636235170656625032e+08
3.623643395850718021e+08
3.613051304345352650e+08
3.609475896787964702e+08
3.609923570325428843e+08
3.606354353093220592e+08
3.595669925970875621e+08
3.593387425331267715e+08
3.594705578035668135e+08
3.589631710518821478e+08
3.585787009697597623e+08
3.582386680112088919e+08
3.580798300833892226e+08
3.581790977126520872e+08
3.576471627490867376e+08
3.572678641675042510e+08
3.574802405728664398e+08
3.573040463230061531e+08
3.569066143913337588e+08
3.567664931182481050e+08
3.568117651329259872e+08
3.566696471988378763e+08
3.563582164777261019e+08
3.563162060719187856e+08
3.562921205790390968e+08
3.561067826289298534e+08
3.559795392997592092e+08
3.558910062307702899e+08
3.558186361381949186e+08
3.557232607550060749e+08
3.555914014822205901e+08
3.555158731509662271e+08
3.554455139016672969e+08
3.553541250668278933e+08
3.552594704231483340e+08
3.551625990520353317e+08
3.551112682350578904e+08
3.550278284325724244e+08
3.549216738074348569e+08
3.548564780000155568e+08
3.547890293230158091e+08
3.547100103594491482e+08
3.546164641849007010e+08
3.545467301240228415e+08
3.544921959652717113e+08
3.543982627661406994e+08
3.543147122985869050e+08
3.542625941149863601e+08
3.541846314254214764e+08
3.540960398875852227e+08
3.540329734608418345e+08
3.539650770351164341e+08
3.538816667321448922e+08
3.538105334689924121e+08
3.537420143568412662e+08
3.536643417082028389e+08
3.535926711882948279e+08
3.535199469968090057e+08
3.534445691356143951e+08
3.533735423844010830e+08
3.533002300923185349e+08
3.532241023674873114e+08
3.531520962191984057e+08
3.530802302730457187e+08
3.530037538241015673e+08
3.529294890280455947e+08
3.528581703567797542e+08
3.527825951632662416e+08
3.527064795088356137e+08
3.526342599020028710e+08
3.525593732149702311e+08
3.524829508904231787e+08
3.524089972221230865e+08
3.523340235419749022e+08
3.522580615312264562e+08
3.521825913491474986e+08
3.521070279741443396e+08
3.520311891018249393e+08
3.519549076169687510e+08
3.518786348223977685e+08
3.518022932863309383e+08
3.517256884581390619e+08
3.516487158747662306e+08
3.515716917076812387e+08
3.514946511385501027e+08
3.514171878766412139e+08
3.513394734746694565e+08
3.512618062997277379e+08
3.511839545531955957e+08
3.511055820621436834e+08
3.510273007196695805e+08
3.509489056586385965e+08
3.508700285238655210e+08
3.507911266455656886e+08
3.507120932226889729e+08
3.506327765371363163e+08
3.505532444961159229e+08
3.504736070693078041e+08
3.503937665547924042e+08
3.503136751103150845e+08
3.502334421748179197e+08
3.501530270214706659e+08
3.500724107815611362e+08
3.499915887180339098e+08
3.499106017999450564e+08
3.498294366798197031e+08
3.497480625077521801e+08
3.496664954137259722e+08
3.495847798796796799e+08
3.495028559820644259e+08
3.494207259898599386e+08
3.493384541838353872e+08
3.492559772463137507e+08
3.491733044279167056e+08
3.490904694029144645e+08
3.490074447458484769e+08
3.489242339737822413e+08
3.488408404725366831e+08
3.487572733113216758e+08
3.486735217288752198e+08
3.485895826476193070e+08
3.485054731332367063e+08
3.484211820894784331e+08
3.483367061373658180e+08
3.482520564053616524e+08
3.481672292783790827e+08
3.480822210084123611e+08
3.479970358931671977e+08
3.479116760064838529e+08
3.478261389729337692e+08
3.477404233432509303e+08
3.476545350640969872e+08
3.475684716660307050e+08
3.474822310361639857e+08
3.473958181068953872e+08
3.473092316175522208e+08
3.472224707648219466e+08
3.471355365630458593e+08
3.470484317316241264e+08
3.469611533328059912e+08
3.468737031385992169e+08
3.467860829974355698e+08
3.466982911817620993e+08
3.466103289942500591e+08
3.465221972780189514e+08
3.464338959902541041e+08
3.463454254953401089e+08
3.462567862482753992e+08
3.461679791908244491e+08
3.460790040772163868e+08
3.459898612962248921e+08
3.459005521455808282e+08
3.458110760322733521e+08
3.457214337343208194e+08
3.456316259181712270e+08
3.455416527756186128e+08
3.454515144042645097e+08
3.453612118581322432e+08
3.452707451176460385e+08
3.451801144884516597e+08
3.450893207761170864e+08
3.449983640704861283e+08
3.449072448072000742e+08
3.448159635049085021e+08
3.447245204416847229e+08
3.446329160923849940e+08
3.445411507410058975e+08
3.444492249216775298e+08
3.443571389249771237e+08
3.442648931196715236e+08
3.441724879953472614e+08
3.440799238547446728e+08
3.439872010773276687e+08
3.438943200929840803e+08
3.438012812788677216e+08
3.437080849401479959e+08
3.436147315504238605e+08
3.435212214460772276e+08
3.434275549632585049e+08
3.433337325500957966e+08
3.432397545263541341e+08
3.431456212724252343e+08
3.430513331716814041e+08
3.429568905847472548e+08
3.428622938729857206e+08
3.427675434082884789e+08
3.426726395606747270e+08
3.425775826815417409e+08
3.424823731386363506e+08
3.423870112973980308e+08
3.422914975118597746e+08
3.421958321375792027e+08
