1.551193179172120430e+07
8.243468070264289551e+11
2.192543916008472290e+11
3.854361495594232788e+11
4.588437118824022827e+11
3.214206149304773560e+11
1.510553338311469421e+11
1.182197142004792175e+11
1.976579261896781006e+11
2.281246066341591492e+11
1.642324496339985657e+11
9.996747067339279175e+10
8.945427265165299988e+10
9.524608850730870056e+10
9.040354400814108276e+10
8.769268884084735107e+10
8.924651432016694641e+10
7.608988563190567017e+10
4.867707530050207520e+10
3.466041664824688721e+10
4.457849805209611511e+10
5.641039274441326904e+10
5.199179938620355988e+10
3.772230658224302673e+10
2.590259208475717926e+10
2.055877746950280762e+10
2.298209108106933975e+10
3.088520084538852310e+10
3.301670492487844467e+10
2.174151828201789093e+10
8.408356457178487778e+09
8.817985623630441666e+09
1.882177650394805908e+10
2.170661235342144775e+10
1.396652760552120781e+10
6.548579072415549278e+09
6.040225643872259140e+09
9.100408644529668808e+09
1.108694123230830383e+10
1.006000993059448433e+10
6.245118499993160248e+09
3.054222689524162292e+09
3.974515112672628880e+09
6.807343731035562515e+09
6.649789463134776115e+09
3.698606664607574463e+09
2.030712378978790045e+09
2.749638436070671558e+09
3.710281529763294220e+09
3.609158629815013409e+09
2.669082293557521343e+09
1.614445373048097372e+09
1.422535722521019697e+09
2.091625841707194805e+09
2.300228015993744373e+09
1.601955810705175877e+09
9.955789116050140858e+08
9.807727280548621416e+08
1.179724827955545902e+09
1.289226336261024952e+09
1.092900980250963211e+09
6.342019729365890026e+08
4.734061733143917322e+08
7.561724019220923185e+08
8.793672464697722197e+08
5.962605324798969030e+08
3.201186622604340315e+08
3.375043004082742929e+08
5.120171911601096392e+08
5.389485271807023287e+08
3.166659298053589463e+08
1.515066880511984825e+08
2.667399354006545544e+08
3.814411277138254642e+08
2.675309446505071521e+08
1.346242326532754600e+08
1.482409846102425158e+08
2.054137802475843132e+08
2.042258542040554583e+08
1.433135712337362468e+08
8.979927622948437929e+07
1.053184833060060740e+08
1.394407225461472273e+08
1.202059815802142024e+08
7.512734804706524312e+07
6.065431453395841271e+07
8.114186388023193181e+07
9.409526712316057086e+07
6.736038712128935754e+07
3.819106477270428836e+07
4.985611029654175043e+07
6.792104254259364307e+07
5.372101863664964586e+07
3.223092737271065265e+07
3.264701344948108867e+07
4.516933800704189390e+07
4.382806654352210462e+07
2.748478915157536417e+07
2.321007934625551105e+07
3.274393271956602111e+07
3.276185271729293093e+07
2.403338907677785307e+07
2.027615732470711321e+07
2.298655120793226361e+07
2.561990246281147376e+07
2.193312828771884367e+07
1.701629382644490898e+07
1.836820829192154109e+07
2.089571491615733132e+07
1.899382039829428867e+07
1.568587453668294661e+07
1.542773352902301401e+07
1.764084221717747673e+07
1.709938151721333340e+07
1.411629083510575816e+07
1.408210534894335084e+07
1.567615300291452371e+07
1.510759496997030824e+07
1.349934756693598628e+07
1.322062364543232694e+07
1.415060160043505393e+07
1.407546521784820035e+07
1.287062306856932119e+07
1.266665458860092051e+07
1.332523858852503076e+07
1.323433453196432069e+07
1.248869753011103906e+07
1.231029177802735940e+07
1.276872895814496465e+07
1.270260333035526425e+07
1.216251732541721873e+07
1.212739168898764811e+07
1.237879815474286303e+07
1.231964566951569356e+07
1.200130850371730514e+07
1.193503641771509871e+07
1.216287134629764594e+07
1.207370132559633441e+07
1.183731829266376980e+07
1.188038413036828488e+07
1.197134969452195056e+07
1.190547113092242368e+07
1.177591539459848776e+07
1.179000827376500331e+07
1.186751266528205387e+07
1.179590324746352248e+07
1.171634365546821803e+07
1.174680439383799396e+07
1.178014540562326089e+07
1.172948340242167749e+07
1.167547396559105814e+07
1.171231731823745742e+07
1.172527493928263336e+07
1.167496131940487400e+07
1.165842456223338284e+07
1.168269727464640141e+07
1.168228691977127828e+07
1.164482952701788954e+07
1.164237900453155488e+07
1.166334299207958952e+07
1.164628427725084871e+07
1.162766274629611894e+07
1.163374521725913323e+07
1.163876804724062607e+07
1.162659939393964969e+07
1.161576966055218130e+07
1.162245922032970190e+07
1.162211014252061397e+07
1.161114605616313033e+07
1.160776797777627967e+07
1.161183974034261890e+07
1.160847696547994949e+07
1.160050173442801088e+07
1.160078610438989289e+07
1.160193800635796599e+07
1.159749817247007415e+07
1.159273831194483675e+07
1.159358769422413409e+07
1.159346667388331704e+07
1.158794124003082328e+07
1.158642868279272318e+07
1.158713651429427601e+07
1.158438874959352985e+07
1.158097422022001632e+07
1.158055422791417502e+07
1.157997449064769223e+07
1.157664725903782062e+07
1.157501100849219784e+07
1.157455623332541808e+07
1.157255974841698632e+07
1.157033248773475550e+07
1.156914371010396443e+07
1.156805206096576154e+07
1.156600485988367535e+07
1.156428217581772991e+07
1.156312677654829808e+07
1.156171837269170769e+07
1.155974304608822614e+07
1.155828688738293946e+07
1.155719168790680356e+07
1.155533478901080601e+07
1.155368968062287383e+07
1.155247392166120559e+07
1.155093575892826915e+07
1.154920143569925055e+07
1.154779563799842447e+07
1.154641720723070577e+07
1.154475086906125769e+07
1.154320618075949885e+07
1.154180804495895840e+07
1.154027789239197597e+07
1.153865776019483618e+07
1.153719526245025359e+07
1.153572969351167232e+07
1.153412376273845136e+07
1.153259393801647611e+07
1.153112454630815424e+07
1.152956904499037378e+07
1.152799335195800476e+07
1.152649574527928047e+07
1.152496717160926573e+07
1.152338650989998505e+07
1.152184933406651020e+07
1.152032433938644454e+07
1.151875594862358272e+07
1.151718617677280493e+07
1.151565085040334053e+07
1.151408990983121842e+07
1.151250443883842416e+07
1.151095081585261598e+07
1.150938735454817303e+07
1.150779927105770074e+07
1.150622390596297383e+07
1.150465366200106964e+07
1.150306314745155163e+07
1.150147224623062834e+07
1.149988939660080336e+07
1.149829559241782874e+07
1.149669340391932055e+07
1.149509627041588537e+07
1.149349698252023757e+07
1.149188493192021549e+07
1.149027592217501439e+07
1.148866664251656085e+07
1.148704742687816918e+07
1.148542661239502765e+07
1.148380665106507577e+07
1.148217968962171488e+07
1.148054839938467927e+07
1.147891736662677303e+07
1.147728186086006649e+07
1.147564097128439322e+07
1.147399900932155736e+07
1.147235429112509266e+07
1.147070411915719323e+07
1.146905172644791007e+07
1.146739723867827095e+07
1.146573795056142285e+07
1.146407543158677034e+07
1.146241111853357404e+07
1.146074244499759562e+07
1.145907033332290128e+07
1.145739596007054113e+07
1.145571799011414684e+07
1.145403631796737574e+07
1.145235209491909668e+07
1.145066467450026236e+07
1.144897357966567203e+07
1.144727962191209383e+07
1.144558273848479241e+07
1.144388222803758085e+07
1.144217873005132936e+07
1.144047231952651590e+07
1.143876249057903327e+07
1.143704950240518712e+07
1.143533366184634343e+07
1.143361448084434867e+07
1.143189215004678629e+07
1.143016688281693682e+07
1.142843842523861863e+07
1.142670678757113032e+07
1.142497218528463505e+07
1.142323447089519352e+07
1.142149359761922620e+07
1.141974971861024946e+07
1.141800280306111276e+07
1.141625273079132661e+07
1.141449966274671257e+07
1.141274357246528007e+07
1.141098437054761872e+07
1.140922216454811580e+07
1.140745695731125027e+07
1.140568867321632244e+07
1.140391739143840224e+07
1.140214311677741073e+07
1.140036580644512363e+07
1.139858549976122379e+07
1.139680221698189154e+07
1.139501592796350829e+07
1.139322665223936923e+07
