5.298276013443681598e+08
5.791061618572111816e+11
1.972322786293185730e+11
3.787071035175891113e+11
3.090822695494383545e+11
1.862767188175439148e+11
1.283171137488878479e+11
1.477217922152245178e+11
1.776400752374105530e+11
1.506656520854953003e+11
8.919716933388003540e+10
6.889973919895742798e+10
9.416150507940385437e+10
1.012050654892232666e+11
7.110741039969198608e+10
4.665161884525416565e+10
5.250200045050495148e+10
6.264237461191570282e+10
5.277997519745149231e+10
3.602382536381182861e+10
3.152859981337979889e+10
3.513314685286290741e+10
3.524860351354926300e+10
3.121107221037073135e+10
2.622563177470190048e+10
2.048423765015623474e+10
1.713041075884703064e+10
1.985656035098345184e+10
2.311932982295605469e+10
1.864234125774599838e+10
1.041125043491250038e+10
8.942052513952594757e+09
1.368367967164612389e+10
1.497122940221850014e+10
1.046498565386570740e+10
6.626201561471707344e+09
6.748166231609155655e+09
8.083938283438194275e+09
8.168314690051963806e+09
6.873920369188123703e+09
4.946085496791060448e+09
4.013527794983846188e+09
4.842731261102031708e+09
5.392216866563277245e+09
4.129308842353379250e+09
2.895669100827737808e+09
3.170767689385830879e+09
3.468917184747038364e+09
2.847218738190504551e+09
2.440232704114138603e+09
2.521584757620568752e+09
2.268072557933193207e+09
1.905656854371646881e+09
1.926424681254761696e+09
1.882258113671931505e+09
1.621799260997683287e+09
1.539044758962238073e+09
1.477171409005569220e+09
1.257420137660974979e+09
1.234092614451802492e+09
1.338337380648689747e+09
1.156995934495995760e+09
9.171395112711360455e+08
9.705516890617948771e+08
1.070249112683198094e+09
9.690355212144911289e+08
8.105905742963613272e+08
7.639077682011756897e+08
8.320198356033904552e+08
8.603259883998485804e+08
7.364981954948189259e+08
6.400168090888084173e+08
7.071973343680193424e+08
7.428339963986523151e+08
6.551254988929932117e+08
6.073350960883669853e+08
6.301790320828053951e+08
6.318313700442541838e+08
6.104083067863662243e+08
5.862650477761086226e+08
5.711207521908080578e+08
5.777141009879643917e+08
5.734875233674694300e+08
5.532020551334942579e+08
5.495880867939404249e+08
5.471210219086245298e+08
5.361210677860115170e+08
5.371286193766223192e+08
5.350036184174641967e+08
5.221074492052153349e+08
5.197506746418508291e+08
5.226351910406364799e+08
5.189119435033801198e+08
5.126002414393565059e+08
5.076003005224587917e+08
5.095929764518921971e+08
5.114338868564540148e+08
5.034634148594593406e+08
4.997632225481613874e+08
5.041024738277181983e+08
5.025083732620229125e+08
4.979149104837100506e+08
4.972797577099803686e+08
4.976582871173909307e+08
4.973121825821936727e+08
4.953342848238669038e+08
4.937747632290790081e+08
4.944955028060191870e+08
4.939308095267008543e+08
4.924978514122284055e+08
4.923664647747381330e+08
4.918828813614624739e+08
4.913282691349767447e+08
4.912367101844079494e+08
4.907217570140689015e+08
4.901212113120568991e+08
4.898984981716980934e+08
4.900458521181280017e+08
4.896148845516519547e+08
4.887841539069124460e+08
4.890917987905247808e+08
4.892311108007228374e+08
4.883879351078743339e+08
4.882638080939141512e+08
4.885012733427954316e+08
4.882037866910379529e+08
4.878877308823040128e+08
4.878019930512867570e+08
4.878233977618252039e+08
4.876505579579133987e+08
4.874240416594926715e+08
4.874020835081264973e+08
4.873129681844177842e+08
4.871982945850921273e+08
4.871056768044322729e+08
4.869780236512615085e+08
4.869404223203291893e+08
4.868680878798431158e+08
4.867473626527647972e+08
4.866699223466125131e+08
4.866146792204537988e+08
4.865638045755708218e+08
4.864463070830646753e+08
4.863725424945620894e+08
4.863548262120788693e+08
4.862571764809652567e+08
4.861745520064949989e+08
4.861280538947104216e+08
4.860678157646788359e+08
4.860009706540365219e+08
4.859205407890983820e+08
4.858723838088175058e+08
4.858211096345723867e+08
4.857388591958395243e+08
4.856819136893841028e+08
4.856314630567918420e+08
4.855646810894197822e+08
4.855004803830667138e+08
4.854438618243172169e+08
4.853854404536637068e+08
4.853232303621515632e+08
4.852630864992789626e+08
4.852032263417783380e+08
4.851449310238695145e+08
4.850852331406404972e+08
4.850233277523056269e+08
4.849645276219621897e+08
4.849065178215004206e+08
4.848455646803178787e+08
4.847839053978139162e+08
4.847262878291324377e+08
4.846669013693859577e+08
4.846042855464815497e+08
4.845450733708103895e+08
4.844862515060217977e+08
4.844245537978181243e+08
4.843634441363647580e+08
4.843042476203417182e+08
4.842431454340839386e+08
4.841815522410275936e+08
4.841212287286601067e+08
4.840599712525584698e+08
4.839986988444220424e+08
4.839372230735481977e+08
4.838755854666262865e+08
4.838141522726625800e+08
4.837522681203551292e+08
4.836900074211743474e+08
4.836280334966575503e+08
4.835660427165247202e+08
4.835031378651309609e+08
4.834406647552565336e+08
4.833782142610560656e+08
4.833150331395612359e+08
4.832519655003607869e+08
4.831889207957438827e+08
4.831255366943801641e+08
4.830618801408661604e+08
4.829983153742126822e+08
4.829345039546464682e+08
4.828704617034091949e+08
4.828063228909217119e+08
4.827420448961691260e+08
4.826776154442049265e+08
4.826129520508698225e+08
4.825482049958379865e+08
4.824833062786874771e+08
4.824182231233403087e+08
4.823529497211717367e+08
4.822876085982758403e+08
4.822220669353183508e+08
4.821563266669872999e+08
4.820905102290202975e+08
4.820245012450317740e+08
4.819583318818467855e+08
4.818920103861131668e+08
4.818255643241278529e+08
4.817589313571839333e+08
4.816921524431961775e+08
4.816252382048263550e+08
4.815581557641031742e+08
4.814909258879726529e+08
4.814235414127128720e+08
4.813560162840297222e+08
4.812883293729993105e+08
4.812204935337656736e+08
4.811525126462815404e+08
4.810843812582743168e+08
4.810160930593039393e+08
4.809476633943673372e+08
4.808790845697078705e+08
4.808103526445712447e+08
4.807414749721376896e+08
4.806724517681515813e+08
4.806032793699801564e+08
4.805339570612472296e+08
4.804644933774729371e+08
4.803948810560494661e+08
4.803251202658039927e+08
4.802552172688755393e+08
4.801851686821647286e+08
4.801149720351673365e+08
4.800446340666921735e+08
4.799741503468653560e+08
4.799035227652023435e+08
4.798327512742182016e+08
4.797618370584363341e+08
4.796907799291003942e+08
4.796195791598151922e+08
4.795482370694925785e+08
4.794767530495593548e+08
4.794051265188700557e+08
4.793333591835091114e+08
4.792614513948832154e+08
4.791894018168794513e+08
4.791172125845981836e+08
4.790448834732479453e+08
4.789724141265335679e+08
4.788998056699657440e+08
4.788270583035525680e+08
4.787541718854176402e+08
4.786811472226729393e+08
4.786079843471118212e+08
4.785346838213710785e+08
4.784612455837902427e+08
4.783876702854477763e+08
4.783139581980152130e+08
4.782401093531789184e+08
4.781661243550487161e+08
4.780920034674719572e+08
4.780177467926510572e+08
4.779433548517141938e+08
4.778688278809247017e+08
4.777941661263571978e+08
4.777193699286171198e+08
4.776444396213691831e+08
4.775693754401317835e+08
4.774941776968380213e+08
4.774188467112669349e+08
4.773433827742508054e+08
4.772677861249551773e+08
4.771920571188931465e+08
4.771161960381888151e+08
4.770402031121329665e+08
4.769640786981667280e+08
4.768878230650951266e+08
4.768114364559856653e+08
4.767349192153322101e+08
4.766582715931316614e+08
4.765814938702597022e+08
4.765045863399797082e+08
4.764275492820261121e+08
4.763503829660295248e+08
4.762730876713666916e+08
4.761956636904337406e+08
4.761181112784150839e+08
4.760404307184911370e+08
4.759626222942876220e+08
4.758846862614013553e+08
4.758066229035609961e+08
