5.905815718510385752e+08
5.243452720743812866e+11
2.261174282337171936e+11
3.489431586586825562e+11
2.844003509949713745e+11
1.941544715710518188e+11
1.349529331118684387e+11
1.342149881961178436e+11
1.628266502816195374e+11
1.474929361262336121e+11
9.156964307842666626e+10
6.859926516962118530e+10
8.924693208475634766e+10
9.447666617797123718e+10
6.700247136229194641e+10
4.667698914646591949e+10
5.330703198276062775e+10
6.066116587019084930e+10
4.904389627985176849e+10
3.350588205801124954e+10
3.089919421051420593e+10
3.499911362396866608e+10
3.457011003455059814e+10
2.992117005423014450e+10
2.475562291860021591e+10
1.943652261423503113e+10
1.679779702779188538e+10
1.983882567654124069e+10
2.270546732909814072e+10
1.767096087562348175e+10
9.555529346084007263e+09
8.841201575506458282e+09
1.389394412052891159e+10
1.459994847367068100e+10
9.677480085745212555e+09
6.329508291992354393e+09
6.971324387965696335e+09
8.023135555076638222e+09
7.660626440875031471e+09
6.556845913169754028e+09
5.074764534273741722e+09
4.114632840168991566e+09
4.575060774614548683e+09
5.074837087174033165e+09
4.162294516196444035e+09
3.088714682486881256e+09
3.097046646919516087e+09
3.206918788790023327e+09
2.803257321852941513e+09
2.620367922961807251e+09
2.567361218104303360e+09
2.115375609150271654e+09
1.846228739120291948e+09
2.043453092693063736e+09
1.953509671075445890e+09
1.573904619096964121e+09
1.519434054927572489e+09
1.533427359991600990e+09
1.312179919444377899e+09
1.258734958104382277e+09
1.353889074616431952e+09
1.184027518254679918e+09
9.662871597490624189e+08
1.022621342297356963e+09
1.101973165187683105e+09
9.977016979497121572e+08
8.624601332189368010e+08
8.204562145535069704e+08
8.685998230978018045e+08
9.009995515461066961e+08
7.954775138187592030e+08
6.891073356050685644e+08
7.486101746709506512e+08
7.986255769342355728e+08
7.103090320208697319e+08
6.527709553813924789e+08
6.824886241153397560e+08
6.894204982926776409e+08
6.613904777442601919e+08
6.366114375522266626e+08
6.275413659251333475e+08
6.328557293772646189e+08
6.250407187169009447e+08
6.078108986474685669e+08
6.057327093964986801e+08
6.012427613591231108e+08
5.903825294393868446e+08
5.923063806057997942e+08
5.908351988436731100e+08
5.774280407987812757e+08
5.742143624163682461e+08
5.785598576836656332e+08
5.751002886640869379e+08
5.675697308509864807e+08
5.632587437393640280e+08
5.657151352068016529e+08
5.670123829969859123e+08
5.592856817856793404e+08
5.558066955456548929e+08
5.598084933049986362e+08
5.583531070418919325e+08
5.541403360653153658e+08
5.532273419646238089e+08
5.533419732721676826e+08
5.534065473287334442e+08
5.516440160011980534e+08
5.496218991765099764e+08
5.502596050459649563e+08
5.502265109532724619e+08
5.486989612058390379e+08
5.481170286088573933e+08
5.478717573653424978e+08
5.476230645734105110e+08
5.472535674796923399e+08
5.465265174964350462e+08
5.462457245008591413e+08
5.461108744247785807e+08
5.458761420246967077e+08
5.455705049217933416e+08
5.450091593445433378e+08
5.450021315775456429e+08
5.451240573196440935e+08
5.445340278088289499e+08
5.442287632753049135e+08
5.443836030371735096e+08
5.442547318695015907e+08
5.438838652797846794e+08
5.436832065170538425e+08
5.437889052525535822e+08
5.436462386912823915e+08
5.433121418580127954e+08
5.433057316595684290e+08
5.432716844121385813e+08
5.430920255657072067e+08
5.429767217313685417e+08
5.428832301677501202e+08
5.428229759750050306e+08
5.427254691505855322e+08
5.426036076793347597e+08
5.425274297512836456e+08
5.424568222193077803e+08
5.423844260195654631e+08
5.422747955243157148e+08
5.421880034836708307e+08
5.421515267978194952e+08
5.420542042674362659e+08
5.419589175185173750e+08
5.419030413761093616e+08
5.418325353934129477e+08
5.417556554533090591e+08
5.416701776638383865e+08
5.416069644636986256e+08
5.415464521774067879e+08
5.414607804179319143e+08
5.413880188047519922e+08
5.413276462972525358e+08
5.412573442685079575e+08
5.411792515642807484e+08
5.411107968137456179e+08
5.410485051928997040e+08
5.409743683775223494e+08
5.409010927559610605e+08
5.408370357956825495e+08
5.407670399804562330e+08
5.406953535264354944e+08
5.406274364618641138e+08
5.405573584620232582e+08
5.404886257053284645e+08
5.404199278529726267e+08
5.403475429067722559e+08
5.402797809154223204e+08
5.402116293279085159e+08
5.401387832176026106e+08
5.400694122841752768e+08
5.400014342094501257e+08
5.399297259549007416e+08
5.398584183298048973e+08
5.397897855977351665e+08
5.397187566812549829e+08
5.396470597413203716e+08
5.395769312846468687e+08
5.395058613483940363e+08
5.394345075661209822e+08
5.393629982600362301e+08
5.392915422742148638e+08
5.392200082571008205e+08
5.391480278015462160e+08
5.390757740295438766e+08
5.390037596950410604e+08
5.389315536898237467e+08
5.388585718952511549e+08
5.387860040568977594e+08
5.387132772790254354e+08
5.386399542658549547e+08
5.385666843985337019e+08
5.384933352255541086e+08
5.384197358514424562e+08
5.383457691378773451e+08
5.382718751143302917e+08
5.381977528351839781e+08
5.381233307232563496e+08
5.380487964573203325e+08
5.379741380181437731e+08
5.378992395430014133e+08
5.378241386657122374e+08
5.377489011796474457e+08
5.376734936501944065e+08
5.375978812975115776e+08
5.375220465290509462e+08
5.374461344459745884e+08
5.373699736969230175e+08
5.372936185035479069e+08
5.372171397165267467e+08
5.371404541154987812e+08
5.370635879123034477e+08
5.369865342873430252e+08
5.369093410224361420e+08
5.368319334697864652e+08
5.367543572784375548e+08
5.366766144671149850e+08
5.365986945680698752e+08
5.365205863567786813e+08
5.364423081975014210e+08
5.363638690464605689e+08
5.362852331757374406e+08
5.362064340510665774e+08
5.361274629202823043e+08
5.360483157301914692e+08
5.359689902209024429e+08
5.358894993496199846e+08
5.358098344413846135e+08
5.357299940030662417e+08
5.356499834790925384e+08
5.355698049757774472e+08
5.354894523350017667e+08
5.354089276132453680e+08
5.353282379947993159e+08
5.352473756264145374e+08
5.351663427449387908e+08
5.350851434373682737e+08
5.350037762503581643e+08
5.349222372407851815e+08
5.348405342895742059e+08
5.347586627755483985e+08
5.346766238491694927e+08
5.345944188576043844e+08
5.345120480702749491e+08
5.344295113998287916e+08
5.343468087816727161e+08
5.342639420963034630e+08
5.341809106293497086e+08
5.340977145613421202e+08
5.340143549690051079e+08
5.339308323935630322e+08
5.338471460713175535e+08
5.337632973438408971e+08
5.336792867296116948e+08
5.335951137317034602e+08
5.335107792032639384e+08
5.334262839983845949e+08
5.333416274890638590e+08
5.332568107852590680e+08
5.331718340294296145e+08
5.330866976191266775e+08
5.330014017475279570e+08
5.329159470250281096e+08
5.328303337621787786e+08
5.327445621136433482e+08
5.326586326492703557e+08
5.325725457621444464e+08
5.324863015511713028e+08
5.323999006063394547e+08
5.323133432348027825e+08
5.322266296977535486e+08
5.321397604082883596e+08
5.320527357503670454e+08
5.319655560088730454e+08
5.318782215209572911e+08
5.317907327094313502e+08
5.317030898606418967e+08
5.316152932818389535e+08
5.315273434093547463e+08
5.314392405121988058e+08
5.313509849223119020e+08
5.312625770294218659e+08
5.311740171282417774e+08
5.310853055515475869e+08
5.309964426553882957e+08
5.309074287561248541e+08
5.308182641831065416e+08
5.307289492642958164e+08
5.306394843437858224e+08
5.305498697230415940e+08
5.304601057402642369e+08
5.303701927277394533e+08
5.302801309898188114e+08
5.301899208566892147e+08
5.300995626580407619e+08
5.300090566944006681e+08
5.299184032988433838e+08
