1.265543715927585363e+09
5.668241506059627686e+11
1.975161176707864685e+11
3.839425106354664917e+11
2.953529128865379639e+11
1.786509505687097473e+11
1.373254121118795776e+11
1.514865393061579285e+11
1.695228379926908875e+11
1.448708418593605042e+11
9.100486298426667786e+10
7.220973209503649902e+10
9.418772336952830505e+10
9.913493966922644043e+10
6.954880246975448608e+10
4.641617483666664886e+10
5.326164203739959717e+10
6.359094951961685944e+10
5.317730105262217712e+10
3.564689949595675659e+10
3.079134562845920563e+10
3.507901773947584534e+10
3.646985354342317963e+10
3.260825367819442368e+10
2.620515347380677414e+10
1.950456664993222046e+10
1.730729889120132828e+10
2.157751884208673096e+10
2.433199969628496933e+10
1.825467092049477386e+10
9.971184873527194977e+09
9.922654565693925858e+09
1.519085802840374374e+10
1.547186462122657967e+10
1.025152844425197411e+10
7.042897655383091927e+09
7.940569661547906876e+09
8.983952731704418182e+09
8.400182595379908562e+09
7.219732635141535759e+09
5.822263888653827667e+09
4.873233828217287064e+09
5.352032044826837540e+09
5.920439349771603584e+09
4.859984811201700211e+09
3.590016232150747299e+09
3.797675497118972301e+09
4.162953753196398258e+09
3.525753243254342556e+09
3.047153962308422565e+09
3.195220504315794468e+09
3.014240422429546356e+09
2.580234009382154465e+09
2.535659884083000183e+09
2.550870381972764969e+09
2.364467508455440044e+09
2.246683978595394611e+09
2.097143471379987478e+09
1.901024573893740416e+09
1.984912230740867376e+09
2.067317113969494343e+09
1.771237329745932817e+09
1.562912685461561203e+09
1.727261776726850748e+09
1.787570631600965261e+09
1.592548093601404667e+09
1.477293715499533653e+09
1.502958208542446613e+09
1.532063975368602991e+09
1.510430917899875641e+09
1.416084114105267763e+09
1.351798811820630074e+09
1.403423938730355501e+09
1.417094336977971315e+09
1.331418513781655550e+09
1.304688232707619429e+09
1.332891560137459278e+09
1.309101646521752119e+09
1.284513434808301926e+09
1.287746531206279993e+09
1.267376184300536156e+09
1.251806454220979691e+09
1.259237609033776999e+09
1.251112076255491257e+09
1.235706901718811274e+09
1.228890883283561230e+09
1.225503643531373501e+09
1.227974553779921055e+09
1.221174876494993448e+09
1.206646134864588261e+09
1.208446991150694609e+09
1.212154777724905491e+09
1.203737584441783667e+09
1.198331816217972755e+09
1.197004787254606247e+09
1.196268405696445704e+09
1.196205483988724470e+09
1.191016310612239361e+09
1.187186787487032890e+09
1.189537437074463606e+09
1.188628928932254076e+09
1.184674634685893774e+09
1.183452621567538977e+09
1.183393990561486721e+09
1.183083099632072687e+09
1.181534869084769726e+09
1.179552724351838112e+09
1.179730949218923569e+09
1.179648014703780890e+09
1.178155152049228430e+09
1.177518530979483843e+09
1.177023279314697981e+09
1.176599551903662205e+09
1.176424777149552584e+09
1.175431977371700525e+09
1.174898610246254921e+09
1.174963835870324135e+09
1.174505704146512508e+09
1.173962806946842432e+09
1.173503417763741016e+09
1.173372461136260748e+09
1.173274477437156439e+09
1.172651417045394897e+09
1.172322181785722971e+09
1.172312500233509302e+09
1.172028196892723799e+09
1.171656567510314941e+09
1.171376457634542942e+09
1.171267040906879187e+09
1.171095616682935715e+09
1.170720724515339851e+09
1.170513944532242775e+09
1.170419524616931915e+09
1.170181283923183203e+09
1.169918932357371807e+09
1.169730685993047714e+09
1.169594816728797436e+09
1.169392255360315323e+09
1.169140720828600407e+09
1.168993829485040903e+09
1.168832579366795063e+09
1.168612449877761841e+09
1.168436422894232512e+09
1.168258871279915094e+09
1.168077723707018852e+09
1.167906719967421770e+09
1.167714630522970200e+09
1.167530618837947369e+09
1.167372029557931185e+09
1.167191939232384443e+09
1.166995301838836193e+09
1.166829332181023359e+09
1.166664991489110947e+09
1.166474195235765219e+09
1.166291165316698074e+09
1.166128800511780262e+09
1.165951204984911919e+09
1.165761954760205030e+09
1.165591243426414013e+09
1.165418710153729677e+09
1.165234476985353231e+09
1.165056401271723509e+09
1.164880978760105610e+09
1.164701462841346979e+09
1.164521844919563532e+09
1.164342309384552717e+09
1.164162563067702293e+09
1.163983468429455042e+09
1.163802480159034491e+09
1.163620162135343552e+09
1.163439984660233259e+09
1.163259074403582335e+09
1.163075133563859701e+09
1.162892237707122087e+09
1.162710799061946869e+09
1.162526490418696880e+09
1.162341007019200563e+09
1.162157962070901632e+09
1.161973005462200642e+09
1.161786370244520187e+09
1.161600872336425066e+09
1.161414751689360142e+09
1.161227496812299252e+09
1.161039766359434366e+09
1.160852140452159882e+09
1.160663802747943878e+09
1.160474661251132727e+09
1.160285197571292639e+09
1.160095516560321569e+09
1.159905128555061817e+09
1.159714015494521618e+09
1.159522831774503708e+09
1.159330986674196005e+09
1.159138594920120239e+09
1.158945733584496021e+09
1.158752418031651974e+09
1.158558739315802097e+09
1.158364284961532593e+09
1.158169525834686041e+09
1.157974374162272453e+09
1.157778549098807335e+09
1.157582262294815063e+09
1.157385641987286091e+09
1.157188441015284538e+09
1.156990681609854460e+09
1.156792594917804241e+09
1.156593961964875221e+09
1.156394818494476795e+09
1.156195236773878813e+09
1.155995193527799368e+09
1.155794644274682999e+09
1.155593628728541851e+09
1.155392151342038155e+09
1.155190203573481321e+09
1.154987781043954611e+09
1.154784875485029221e+09
1.154581535279175282e+09
1.154377707844130516e+09
1.154173410121542454e+09
1.153968660466053963e+09
1.153763454760924339e+09
1.153557766938614368e+09
1.153351627820989847e+09
1.153145043037230253e+09
1.152937980689404011e+09
1.152730465938558102e+09
1.152522505618563652e+09
1.152314083331620932e+09
1.152105200467622519e+09
1.151895880469268560e+09
1.151686099025615931e+09
1.151475868155663967e+09
1.151265191673762560e+09
1.151054065894179106e+09
1.150842492779010773e+09
1.150630474216658354e+09
1.150418011606866837e+09
1.150205106144559622e+09
1.149991757083948851e+09
1.149777966219723701e+09
1.149563739072935343e+09
1.149349068018915892e+09
1.149133961371329784e+09
1.148918418901306152e+09
1.148702438655453205e+09
1.148486023726916313e+09
1.148269177210127354e+09
1.148051895894648314e+09
1.147834183654914618e+09
1.147616041602882862e+09
1.147397469364058018e+09
1.147178468769556522e+09
1.146959041020645618e+09
1.146739186984638214e+09
1.146518907273667336e+09
1.146298203498849154e+09
1.146077076482527971e+09
1.145855527150036335e+09
1.145633556349706650e+09
1.145411165690575838e+09
1.145188355516418219e+09
1.144965127136511326e+09
1.144741481480854988e+09
1.144517419770341873e+09
1.144292942419107676e+09
1.144068051038881779e+09
1.143842746307590246e+09
1.143617029106867075e+09
1.143390900571712494e+09
1.143164361749741554e+09
1.142937413270336628e+09
1.142710056414958239e+09
1.142482292025028944e+09
1.142254120986399889e+09
1.142025544306178331e+09
1.141796562975865364e+09
1.141567177821717501e+09
1.141337389852993965e+09
1.141107199996630907e+09
1.140876609158480644e+09
1.140645618262874126e+09
1.140414228247659445e+09
1.140182440034036398e+09
1.139950254494572639e+09
1.139717672582401514e+09
1.139484695198799133e+09
1.139251323218991280e+09
1.139017557562646151e+09
1.138783399146782637e+09
1.138548848811960459e+09
1.138313907494475603e+09
1.138078576070694208e+09
1.137842855402692080e+09
1.137606746396842241e+09
1.137370249920899630e+09
1.137133366839520693e+09
1.136896098038961411e+09
1.136658444377458811e+09
1.136420406722517967e+09
1.136181985934854031e+09
