7.342284114112221003e+08
5.483535894927092285e+11
2.071716720733428345e+11
3.691514681580473022e+11
2.894635124176988525e+11
1.837564403110776367e+11
1.377543372241396179e+11
1.444189524727998352e+11
1.639468198807738953e+11
1.442492709790445862e+11
9.293302227828314209e+10
7.205821840751947021e+10
9.034736470900015259e+10
9.495231092999618530e+10
6.851505761030374908e+10
4.762722444749942017e+10
5.315411825602121735e+10
6.121710261917138672e+10
5.072934703920911407e+10
3.468733918557868195e+10
3.077331862626115036e+10
3.474083890517980957e+10
3.530894252670826721e+10
3.112459839245161438e+10
2.524434813202672577e+10
1.924633077442840576e+10
1.692093770597698402e+10
2.050697134411785507e+10
2.324399050009125137e+10
1.783563924051386642e+10
9.702753101072025299e+09
9.106269539070648193e+09
1.419647681260440254e+10
1.494270252506715775e+10
9.934759928351013184e+09
6.428168441491027832e+09
7.166442205521452904e+09
8.379615455855113983e+09
7.877586194168616295e+09
6.648221724282860756e+09
5.304152922743904114e+09
4.364653206892612457e+09
4.687966137988950729e+09
5.254707491940177917e+09
4.431365057652591705e+09
3.200780128903269768e+09
3.160686501556075096e+09
3.463991356054671764e+09
3.052826811963525772e+09
2.661520521139477730e+09
2.649179969360863209e+09
2.380620400849462509e+09
2.042840489956742048e+09
2.092578823564253569e+09
2.076465321621414423e+09
1.795034601447870970e+09
1.673337333558899403e+09
1.629810028243912697e+09
1.453063139033276796e+09
1.427694367697771311e+09
1.501477853565299273e+09
1.313404111184521198e+09
1.096907370896890879e+09
1.169901044895796061e+09
1.256494686177695990e+09
1.130450006414460421e+09
9.837252792708333731e+08
9.673589939902898073e+08
1.023780739205073833e+09
1.024972619140388250e+09
9.179105736146186590e+08
8.420584152408676147e+08
8.924553056120321751e+08
9.187436747287478447e+08
8.442852751881051064e+08
7.995413506363611221e+08
8.174033233370738029e+08
8.171827230553433895e+08
7.962195020938496590e+08
7.779371761052379608e+08
7.622154671675363779e+08
7.613392922935392857e+08
7.616988049519511461e+08
7.469057127481729984e+08
7.369351038299227953e+08
7.334101793761196136e+08
7.275444439548172951e+08
7.272753018126051426e+08
7.228551229389235973e+08
7.113495824149612188e+08
7.099323376638350487e+08
7.122348185400246382e+08
7.077590225663048029e+08
7.020799150134174824e+08
6.978328481121615171e+08
6.987978679083209038e+08
7.004666366447739601e+08
6.935851386993734837e+08
6.894367494027059078e+08
6.931410368914042711e+08
6.921160432437489033e+08
6.876973571898286343e+08
6.867971994206665754e+08
6.869393187181812525e+08
6.866483797234913111e+08
6.852325303561351299e+08
6.832461078840434551e+08
6.833853116551357508e+08
6.836723199324320555e+08
6.822339980932033062e+08
6.812971174937293530e+08
6.812219780440233946e+08
6.809609444375805855e+08
6.804884548384795189e+08
6.798292143151365519e+08
6.794119868619142771e+08
6.793471360912059546e+08
6.791124241864218712e+08
6.786382438617587090e+08
6.782058255130977631e+08
6.781472631222565174e+08
6.781444579532749653e+08
6.776667451197068691e+08
6.772754688183389902e+08
6.773799995129345655e+08
6.773131481198377609e+08
6.768385102789971828e+08
6.766534857871124744e+08
6.767707567687615156e+08
6.765305352254090309e+08
6.762328450330450535e+08
6.762127887342711687e+08
6.761084017344281673e+08
6.759404669280029535e+08
6.758122846536527872e+08
6.756779521537103653e+08
6.755945589604359865e+08
6.754920710804011822e+08
6.753470816340181828e+08
6.752293306061317921e+08
6.751571117732133865e+08
6.750643626482203007e+08
6.749152840209779739e+08
6.748226034597599506e+08
6.747616926149506569e+08
6.746377405939279795e+08
6.745245738209394217e+08
6.744459343619351387e+08
6.743561957219076157e+08
6.742516668654183149e+08
6.741487559139320850e+08
6.740651013937641382e+08
6.739760950958691835e+08
6.738732028426277637e+08
6.737787862928280830e+08
6.736921629323289394e+08
6.736018618242729902e+08
6.735021735046515465e+08
6.734096187145910263e+08
6.733245134528219700e+08
6.732290895703961849e+08
6.731329847237517834e+08
6.730442482949135303e+08
6.729534743703328371e+08
6.728586434274983406e+08
6.727659869666892290e+08
6.726748052445118427e+08
6.725824488676151037e+08
6.724893298715571165e+08
6.723954677151144743e+08
6.723033563643523455e+08
6.722114831516997814e+08
6.721163109928300381e+08
6.720223643636168242e+08
6.719310982536680698e+08
6.718360294488588572e+08
6.717405055687782764e+08
6.716483166115994453e+08
6.715534134660402536e+08
6.714576820196975470e+08
6.713635652739925385e+08
6.712684809002293348e+08
6.711729049846713543e+08
6.710771888821731806e+08
6.709815525972940922e+08
6.708855459518729448e+08
6.707892121047465801e+08
6.706925716444333792e+08
6.705958551166845560e+08
6.704991645753097534e+08
6.704015349446851015e+08
6.703041149547218084e+08
6.702067165941109657e+08
6.701084921306997538e+08
6.700102582518130541e+08
6.699119997300271988e+08
6.698132860841605663e+08
6.697142378836474419e+08
6.696151616471066475e+08
6.695157933908169270e+08
6.694160736644923687e+08
6.693161777041296959e+08
6.692160801465880871e+08
6.691157074379330873e+08
6.690150401444598436e+08
6.689141993748792410e+08
6.688131137956842184e+08
6.687117561227852106e+08
6.686101419189640284e+08
6.685083474220821857e+08
6.684062825796816349e+08
6.683039413754681349e+08
6.682014138381754160e+08
6.680986362329300642e+08
6.679955963045591116e+08
6.678923274570392370e+08
6.677888437127376795e+08
6.676850982058187723e+08
6.675811151214120388e+08
6.674769111266970634e+08
6.673724687943181992e+08
6.672677787475254536e+08
6.671628610047842264e+08
6.670577206836155653e+08
6.669523289287908077e+08
6.668467105067888498e+08
6.667408661915020943e+08
6.666347836958742142e+08
6.665284677132731676e+08
6.664219264096876383e+08
6.663151537476656437e+08
6.662081490378813744e+08
6.661009143775622845e+08
6.659934566904058456e+08
6.658857664063010216e+08
6.657778466326948404e+08
6.656697065837861300e+08
6.655613350465321541e+08
6.654527376725381613e+08
6.653439175076354742e+08
6.652348713664188385e+08
6.651255999307760000e+08
6.650161058977667093e+08
6.649063889016643763e+08
6.647964485258526802e+08
6.646862858334966898e+08
6.645759025322868824e+08
6.644652977286599874e+08
6.643544716917445660e+08
6.642434266061073542e+08
6.641321620039234161e+08
6.640206774960731268e+08
6.639089754557458162e+08
6.637970554195219278e+08
6.636849174058839083e+08
6.635725629721729755e+08
6.634599920830252171e+08
6.633472053056195974e+08
6.632342028793863058e+08
6.631209860906660557e+08
6.630075546037933826e+08
6.628939092433981895e+08
6.627800507188291550e+08
6.626659792433584929e+08
6.625516953313386440e+08
6.624371996009588242e+08
6.623224925982412100e+08
6.622075744974726439e+08
6.620924461100838184e+08
6.619771078472521305e+08
6.618615600383204222e+08
6.617458033138520718e+08
6.616298381614186764e+08
6.615136649632856846e+08
6.613972842134437561e+08
6.612806965011386871e+08
6.611639021402716637e+08
6.610469016865530014e+08
6.609296956076120138e+08
6.608122843653960228e+08
6.606946683669754267e+08
6.605768481739860773e+08
6.604588241783351898e+08
6.603405968416730165e+08
6.602221666531965733e+08
6.601035340565727949e+08
6.599846994822752476e+08
6.598656634118039608e+08
6.597464262926477194e+08
6.596269885511285067e+08
6.595073506557366848e+08
6.593875130527415276e+08
6.592674761674008369e+08
6.591472404582401514e+08
6.590268063652800322e+08
6.589061743179123402e+08
6.587853447587982416e+08
6.586643181297558546e+08
6.585430948553519249e+08
6.584216753715422153e+08
