2.407528487692752361e+09
5.028947975709863892e+11
2.088899569006462708e+11
3.801368423605382080e+11
2.527348804018589172e+11
1.506068554975280457e+11
1.397931730492610474e+11
1.571401906442488708e+11
1.601307426988734741e+11
1.278392186563015289e+11
7.919587485112872314e+10
6.659459346929037476e+10
9.186415026633013916e+10
9.908963085012170410e+10
6.880744278916452026e+10
4.087190178549061584e+10
4.417103407704718781e+10
5.767237955192115021e+10
5.435061541340580750e+10
3.970192340759162903e+10
3.070546124525969315e+10
2.955526968239325714e+10
3.081656816213163376e+10
3.194284161438551712e+10
2.951532264541742706e+10
2.151867085136190414e+10
1.539749488600555801e+10
1.853742991815022278e+10
2.370490641494741058e+10
1.973953126368004990e+10
1.117317060264589882e+10
1.008466783070877838e+10
1.502948488971632957e+10
1.532920833301455498e+10
1.030428148200771332e+10
7.822213071493138313e+09
9.261059618788957596e+09
9.783542549766029358e+09
8.416748997171855927e+09
7.418723865637120247e+09
6.783542412079539299e+09
6.063908202956194878e+09
6.212419602191167831e+09
6.554450567119082451e+09
5.526950253430958748e+09
4.366522267022830009e+09
4.773538716602940559e+09
5.310521419207492828e+09
4.508262048618657112e+09
3.727323735614453793e+09
3.977684825674326897e+09
4.163708259196054935e+09
3.758579933321202755e+09
3.450492856169758797e+09
3.391730004188657761e+09
3.349311209919116497e+09
3.343587452177152634e+09
3.197373373269691944e+09
2.908948681470586777e+09
2.919238843617086411e+09
3.086052842895540237e+09
2.892213293290589809e+09
2.633036585359937668e+09
2.731954420052670479e+09
2.821200484031417847e+09
2.651565242574307442e+09
2.542753195198776722e+09
2.587126905039748669e+09
2.593114559351799965e+09
2.537974291003455162e+09
2.479575124804909706e+09
2.454730821098771095e+09
2.476760210805994987e+09
2.461519404320442677e+09
2.397925435385604858e+09
2.390744562811162472e+09
2.411374862684604168e+09
2.380587214378947258e+09
2.352922944375366688e+09
2.357741259231800556e+09
2.349889794317587852e+09
2.335746582077430248e+09
2.329303913558362961e+09
2.319725860536341190e+09
2.316411372736842632e+09
2.313911639087555885e+09
2.301256343148992538e+09
2.297328122739002228e+09
2.300116783145969868e+09
2.291608243221268654e+09
2.284092340646420479e+09
2.285516331897176266e+09
2.283672014341647625e+09
2.277705846376855850e+09
2.274249105352454185e+09
2.274132313481673717e+09
2.273107136973542213e+09
2.268438753091115952e+09
2.266197237299872398e+09
2.267177491840631008e+09
2.264679212159094810e+09
2.261855097496476650e+09
2.261766586813955784e+09
2.260564464756556511e+09
2.259123492394812584e+09
2.258179212529897690e+09
2.256845459004799366e+09
2.256437214188362122e+09
2.255532061091565132e+09
2.254129135284932613e+09
2.253924608048974037e+09
2.253154472154590130e+09
2.252019408732261181e+09
2.251753411525288582e+09
2.251084640675723076e+09
2.250223049856428623e+09
2.249809149060895443e+09
2.249290846011214256e+09
2.248661959349241257e+09
2.248104543690732479e+09
2.247659621853778362e+09
2.247192283561923504e+09
2.246650006461653233e+09
2.246192016723787785e+09
2.245733844903123856e+09
2.245319914503770351e+09
2.244878126191281796e+09
2.244345049203330517e+09
2.244011724765991688e+09
2.243628544680576801e+09
2.243072718043865681e+09
2.242728737715892792e+09
2.242377853823217392e+09
2.241879045256007195e+09
2.241494234288218975e+09
2.241133038341570854e+09
2.240707217556132317e+09
2.240295672964817524e+09
2.239918214357352734e+09
2.239532080180113316e+09
2.239112678822400093e+09
2.238730572146719933e+09
2.238351208634771824e+09
2.237939920754315853e+09
2.237551310556474686e+09
2.237167968546658993e+09
2.236773913999376297e+09
2.236370250510695934e+09
2.235985493071620464e+09
2.235603819613315582e+09
2.235189196294421673e+09
2.234803032261225700e+09
2.234421860215831757e+09
2.234009147019265652e+09
2.233616739306145668e+09
2.233229761739390850e+09
2.232824466220160961e+09
2.232424152274572372e+09
2.232031294670075417e+09
2.231629586618587971e+09
2.231224510460138798e+09
2.230826482966245651e+09
2.230423885414610386e+09
2.230016520971024990e+09
2.229613696532848835e+09
2.229208657714199066e+09
2.228798941939651966e+09
2.228391873130461216e+09
2.227984138856937885e+09
2.227571469664631844e+09
2.227160497401612282e+09
2.226749843585896969e+09
2.226334064277266979e+09
2.225919396518486500e+09
2.225505351066460133e+09
2.225086619109686852e+09
2.224668442991192818e+09
2.224250576087146282e+09
2.223829002767206669e+09
2.223407465886075974e+09
2.222985619086478710e+09
2.222561178797976494e+09
2.222136279762853146e+09
2.221710594048018932e+09
2.221283175015175343e+09
2.220854770683825016e+09
2.220425610728584766e+09
2.219994909754268646e+09
2.219563106308147907e+09
2.219130541605979443e+09
2.218696481404084682e+09
2.218261371861181736e+09
2.217825319411547661e+09
2.217388053682195663e+09
2.216949500720343590e+09
2.216510131201669216e+09
2.216069548378466606e+09
2.215627656279158592e+09
2.215184990945884228e+09
2.214741032919635296e+09
2.214295942525117874e+09
2.213849890234238148e+09
2.213402679738559246e+09
2.212954325680855274e+09
2.212504982012290001e+09
2.212054506099540234e+09
2.211602911375165939e+09
2.211150325085748672e+09
2.210696577253592014e+09
2.210241803461559296e+09
2.209785948763417244e+09
2.209329018757498741e+09
2.208871027482478619e+09
2.208411972208220482e+09
2.207951870913274288e+09
2.207490676947257042e+09
2.207028474172626495e+09
2.206565188350918770e+09
2.206100857676085949e+09
2.205635496227567196e+09
2.205169077903373241e+09
2.204701618117958069e+09
2.204233132651736259e+09
2.203763601719774723e+09
2.203293038900712490e+09
2.202821455143610954e+09
2.202348833032581329e+09
2.201875196536373615e+09
2.201400531559886932e+09
2.200924853162789822e+09
2.200448153616853714e+09
2.199970445513339520e+09
2.199491722972474575e+09
2.199011993040993214e+09
2.198531260127892971e+09
2.198049519506184578e+09
2.197566783078533173e+09
2.197083046540599823e+09
2.196598314994117260e+09
2.196112591079123974e+09
2.195625878156357288e+09
2.195138175260990143e+09
2.194649489984601021e+09
2.194159820703680038e+09
2.193669171920790195e+09
2.193177545619125843e+09
2.192684944724031925e+09
2.192191370653043270e+09
2.191696827223750114e+09
2.191201316098432541e+09
2.190704839463566303e+09
2.190207400885930538e+09
2.189709001308978558e+09
2.189209644584439278e+09
2.188709331950917721e+09
2.188208066583637238e+09
2.187705850450439453e+09
2.187202686149755001e+09
2.186698575835936546e+09
2.186193522117028236e+09
2.185687527104681969e+09
2.185180593318993568e+09
2.184672722881464005e+09
2.184163918418122292e+09
2.183654181809520245e+09
2.183143515827841282e+09
2.182631922373302937e+09
2.182119403913287163e+09
2.181605962711785316e+09
2.181091600980203629e+09
2.180576320984394550e+09
2.180060124999403000e+09
2.179543015201612949e+09
2.179024993892837048e+09
2.178506063205976009e+09
2.177986225427081585e+09
2.177465482702206135e+09
2.176943837252479076e+09
2.176421291248507500e+09
2.175897846871054649e+09
2.175373506281003952e+09
2.174848271654849529e+09
2.174322145124912262e+09
2.173795128833668232e+09
2.173267224934868336e+09
2.172738435545373440e+09
2.172208762778805256e+09
2.171678208759798527e+09
2.171146775583971024e+09
2.170614465351526260e+09
2.170081280159177303e+09
2.169547222071559429e+09
2.169012293186256409e+09
2.168476495552766323e+09
2.167939831241765022e+09
2.167402302302847385e+09
2.166863910782377720e+09
2.166324658726321220e+09
2.165784548156499386e+09
2.165243581105220318e+09
