1.135943183486111403e+09
5.616375700664066162e+11
2.031082151419729919e+11
3.794377700210841064e+11
2.979481620614948120e+11
1.787941878469248352e+11
1.376753003934400940e+11
1.515907298274524841e+11
1.683249745025039978e+11
1.445953817758113098e+11
9.264767241232859802e+10
7.282154736061329651e+10
9.249512342977468872e+10
9.803742569219511414e+10
7.071908381669389343e+10
4.764653917808894348e+10
5.244664084695584869e+10
6.219754145546414948e+10
5.329355556981870270e+10
3.647795837568276978e+10
3.075869777701816177e+10
3.449888722778479767e+10
3.620519409240496826e+10
3.249906568766406631e+10
2.605822297515515900e+10
1.964472067486286163e+10
1.744575033196878815e+10
2.113535044423505020e+10
2.377665175178095245e+10
1.834972624213344574e+10
1.033257040778518867e+10
9.772379402974466324e+09
1.467666259070837212e+10
1.523099372480056953e+10
1.037028042954189110e+10
7.133494183634303093e+09
7.753171364737899780e+09
8.657138911429489136e+09
8.217268378635156631e+09
7.233325454808012009e+09
5.838214623998188972e+09
4.717215407080636978e+09
5.054125729972353935e+09
5.726047912744939804e+09
4.914861619710231781e+09
3.599296439132965565e+09
3.496504221049785614e+09
3.881784477319581985e+09
3.555047097987764835e+09
3.053668855890040398e+09
2.949541078846951008e+09
2.799984133106987953e+09
2.526219047450425625e+09
2.460160329585709572e+09
2.408357298401521206e+09
2.214405479357180595e+09
2.100251747303452969e+09
1.994585333077063084e+09
1.822285092925676823e+09
1.837404783762372971e+09
1.895746859411753893e+09
1.675707717957807779e+09
1.480597000896350384e+09
1.576282558156836987e+09
1.635183108154482603e+09
1.493284855465399265e+09
1.371770767429810762e+09
1.362999775062372446e+09
1.399517395992389917e+09
1.396045072534639359e+09
1.300081550348900080e+09
1.227060441205583811e+09
1.272710336877516508e+09
1.294537763464704990e+09
1.219410535168182135e+09
1.181010621567274332e+09
1.199955975467191696e+09
1.191333037663213253e+09
1.171441624587527037e+09
1.159002743467609882e+09
1.139645243241559982e+09
1.137383862542506456e+09
1.139536655941079855e+09
1.122724349149807215e+09
1.113988460918474674e+09
1.111560787720357656e+09
1.102724262456828117e+09
1.103016266742586136e+09
1.100389667245529175e+09
1.087354227313235283e+09
1.085405472042053461e+09
1.088608815012823582e+09
1.083594209342565775e+09
1.077712098305821657e+09
1.073889100726869822e+09
1.074173345475007057e+09
1.075894389200170279e+09
1.069429003290242910e+09
1.064564824604006648e+09
1.068384983721458912e+09
1.067671709455351114e+09
1.062627550494976521e+09
1.061771108921396375e+09
1.062269148706413150e+09
1.061550162128028989e+09
1.059856055996007085e+09
1.058257004703606129e+09
1.058308715901209116e+09
1.058114403236611605e+09
1.056890642924723864e+09
1.056091180056317449e+09
1.055578496376816988e+09
1.055369458304262877e+09
1.055087694322500825e+09
1.054042349895533919e+09
1.053634318322527528e+09
1.053758636821413994e+09
1.053181601372479200e+09
1.052683033145112514e+09
1.052368490607976675e+09
1.052129041517729759e+09
1.052044468968153954e+09
1.051529023551590204e+09
1.051156809107840657e+09
1.051165047302983522e+09
1.050921036732355118e+09
1.050552706395891070e+09
1.050306936191099405e+09
1.050205183785175085e+09
1.050040941881230712e+09
1.049715454891719460e+09
1.049515102532314539e+09
1.049414301307439923e+09
1.049233848224150300e+09
1.048981450296181440e+09
1.048785299988823771e+09
1.048702380103989005e+09
1.048510870794454813e+09
1.048265295474067569e+09
1.048152819502163529e+09
1.048010580865138412e+09
1.047806043952497482e+09
1.047649878250501156e+09
1.047499362946796656e+09
1.047335799813676596e+09
1.047181474046492815e+09
1.047015864051422477e+09
1.046853748709455252e+09
1.046709543339677334e+09
1.046555360394363284e+09
1.046382910793443203e+09
1.046230537261508465e+09
1.046093025769051671e+09
1.045924560108931541e+09
1.045758887081227899e+09
1.045621145903364062e+09
1.045465807996707797e+09
1.045296546824663401e+09
1.045148717816369295e+09
1.044999051819687724e+09
1.044835613744072795e+09
1.044680561600537777e+09
1.044527513513737082e+09
1.044369841980216265e+09
1.044213217068916559e+09
1.044055997369796872e+09
1.043898658217461228e+09
1.043742586062301993e+09
1.043584238157858372e+09
1.043424399536269903e+09
1.043267586281466842e+09
1.043109508679493189e+09
1.042948188373386621e+09
1.042788976911866426e+09
1.042630463965426803e+09
1.042469100058746099e+09
1.042307468176410794e+09
1.042147410143709540e+09
1.041985924506553769e+09
1.041822987670765519e+09
1.041660860056755900e+09
1.041498458301737666e+09
1.041334908263265371e+09
1.041170920018026829e+09
1.041007121597315669e+09
1.040842704775361538e+09
1.040677486246693611e+09
1.040512075819973469e+09
1.040346471817201972e+09
1.040180220122608662e+09
1.040013354669403076e+09
1.039846417215865850e+09
1.039678930688269258e+09
1.039510941653780341e+09
1.039342538430434227e+09
1.039173765063596368e+09
1.039004657897955656e+09
1.038834881400782585e+09
1.038664808637272477e+09
1.038494456915520906e+09
1.038323454658382654e+09
1.038152066240553856e+09
1.037980421149298906e+09
1.037808212223020077e+09
1.037635562927072287e+09
1.037462601158805728e+09
1.037289166497116923e+09
1.037115299777331829e+09
1.036941029721469164e+09
1.036766360000957847e+09
1.036591273521898031e+09
1.036415737999578238e+09
1.036239823513166070e+09
1.036063508137736559e+09
1.035886743715031028e+09
1.035709584177132487e+09
1.035532042056530595e+09
1.035354057165787101e+09
1.035175677266058207e+09
1.034996898411741614e+09
1.034817713158304214e+09
1.034638114713962674e+09
1.034458119285301924e+09
1.034277728597310662e+09
1.034096928692187190e+09
1.033915726052072406e+09
1.033734135651841760e+09
1.033552142885799289e+09
1.033369744581506133e+09
1.033186963533384681e+09
1.033003781797891259e+09
1.032820203298458576e+09
1.032636235580536008e+09
1.032451877007105470e+09
1.032267123391884208e+09
1.032081982049789548e+09
1.031896452096554518e+09
1.031710533057923555e+09
1.031524227200847268e+09
1.031337533850776196e+09
1.031150458549544096e+09
1.030962995208658457e+09
1.030775149750206351e+09
1.030586923405203938e+09
1.030398313580095887e+09
1.030209322948021412e+09
1.030019954870993257e+09
1.029830205864681959e+09
1.029640079533161044e+09
1.029449576981089711e+09
1.029258697779792547e+09
1.029067443319758654e+09
1.028875814990386367e+09
1.028683813371658921e+09
1.028491438845632076e+09
1.028298693147778988e+09
1.028105576682044983e+09
1.027912090422498465e+09
1.027718235051524043e+09
1.027524011922129393e+09
1.027329421494336128e+09
1.027134464613294959e+09
1.026939142435350657e+09
1.026743455720183372e+09
1.026547405000919104e+09
1.026350991605816722e+09
1.026154216158847570e+09
1.025957079375164509e+09
1.025759582291652322e+09
1.025561725780175686e+09
1.025363510408025265e+09
1.025164937253459334e+09
1.024966007108343482e+09
1.024766720659073472e+09
1.024567078845905781e+09
1.024367082496318460e+09
1.024166732323414922e+09
1.023966029228466034e+09
1.023764973973759651e+09
1.023563567395322442e+09
1.023361810236107349e+09
1.023159703364845037e+09
1.022957247535935402e+09
1.022754443534350157e+09
1.022551292166383028e+09
1.022347794230794907e+09
1.022143950464431882e+09
1.021939761688212991e+09
1.021735228674252987e+09
1.021530352169773579e+09
1.021325132969734788e+09
1.021119571844309926e+09
1.020913669537373066e+09
1.020707426829137206e+09
1.020500844480632067e+09
1.020293923232620358e+09
1.020086663854388833e+09
1.019879067094958901e+09
1.019671133696547985e+09
1.019462864412532330e+09
