1.409694088740040779e+09
5.375029234738990479e+11
2.184363001076545410e+11
3.688678345524932251e+11
2.908098613818676758e+11
1.929070005078876648e+11
1.405959408781889954e+11
1.414968766426345215e+11
1.667007350618840637e+11
1.525821340330862122e+11
9.506044062621363831e+10
6.761009501418461609e+10
9.004536418526678467e+10
1.018031200148985748e+11
7.375732526454617310e+10
4.596887920821824646e+10
5.003678118574501801e+10
6.288838113039971924e+10
5.558408539980738068e+10
3.733610001308341217e+10
2.986291854078117371e+10
3.354336067333644485e+10
3.663552120807172394e+10
3.407606201092379761e+10
2.701996950588872528e+10
1.897891684513369370e+10
1.655269988649810791e+10
2.181813875783794403e+10
2.535201236271688461e+10
1.880909690646582794e+10
9.548741906985172272e+09
9.477519018069097519e+09
1.566398841367001152e+10
1.629815180961829185e+10
1.033905035515918350e+10
6.621563292212441444e+09
8.043062621786990166e+09
9.596883389055208206e+09
8.658946008866846085e+09
7.042326049555838585e+09
5.872757540416891098e+09
5.242249934595733643e+09
5.567901313518708229e+09
5.925952907717266083e+09
4.968000090268620491e+09
3.814596105250898361e+09
3.952560087084985733e+09
4.268908458985242844e+09
3.671518540344569206e+09
3.194589143865345478e+09
3.331634989261156082e+09
3.176509725855593204e+09
2.723436695546562195e+09
2.642204050866391659e+09
2.702143181748146534e+09
2.547061173433634758e+09
2.367176882010791779e+09
2.199819019839740753e+09
2.067942846501297712e+09
2.153627124517909527e+09
2.180414233152093887e+09
1.890155332059210539e+09
1.722047926419249773e+09
1.880520263921803236e+09
1.911716456858975649e+09
1.716578067380178452e+09
1.625039223504058838e+09
1.654524160611177683e+09
1.659910441101473570e+09
1.634544477000589848e+09
1.563736911605132818e+09
1.499366880805513382e+09
1.529049908814192533e+09
1.547040511868889093e+09
1.479570827364577770e+09
1.444455435860456467e+09
1.459233348128989220e+09
1.446129484177031517e+09
1.428899352164310932e+09
1.421436383399634600e+09
1.398723311040789604e+09
1.391116206577720642e+09
1.398345554049356937e+09
1.384825068907167912e+09
1.369628501596304178e+09
1.367319898604863644e+09
1.363324654623798132e+09
1.361129452927093744e+09
1.356449608321846962e+09
1.345411773750830889e+09
1.343765809619701862e+09
1.346069947072115660e+09
1.340670876418064833e+09
1.335079115725865126e+09
1.331808242420464039e+09
1.331550532453778505e+09
1.332544042327740669e+09
1.326864352303640842e+09
1.322336264824738503e+09
1.324970312156512260e+09
1.324488110701036215e+09
1.320338996693922043e+09
1.318597366038068533e+09
1.318764636360299826e+09
1.318877604140625000e+09
1.316862540945759773e+09
1.314700612114745855e+09
1.315219957099329233e+09
1.315097141618167162e+09
1.313390028305235624e+09
1.312703005938560963e+09
1.312375315452303410e+09
1.311906043077481747e+09
1.311523666670538902e+09
1.310606710434791565e+09
1.310119796620239735e+09
1.310098345786230803e+09
1.309551129210876942e+09
1.309027883673519611e+09
1.308636479308840752e+09
1.308361667631234884e+09
1.308208943243201733e+09
1.307702447517441034e+09
1.307290641653002977e+09
1.307158634233213663e+09
1.306963671244088173e+09
1.306589426710804224e+09
1.306163756964787006e+09
1.306093418598522663e+09
1.305957764196956396e+09
1.305467006724643707e+09
1.305241645850584269e+09
1.305192371149278641e+09
1.304884666738031387e+09
1.304558966669698238e+09
1.304413416700035095e+09
1.304238115905082226e+09
1.303960650775747061e+09
1.303734130777017355e+09
1.303563700009443045e+09
1.303338564892740965e+09
1.303118834458253860e+09
1.302927411316319704e+09
1.302700775494050741e+09
1.302503439933317661e+09
1.302315190822341919e+09
1.302088495857040405e+09
1.301879374190913439e+09
1.301697635610094070e+09
1.301493772159682274e+09
1.301267142463804483e+09
1.301074869402859688e+09
1.300890192309585333e+09
1.300669129174632788e+09
1.300458206465980530e+09
1.300274854072400093e+09
1.300068677178721428e+09
1.299850705706675291e+09
1.299657375605721712e+09
1.299457574353961945e+09
1.299244621206691027e+09
1.299042146722404242e+09
1.298840352553526878e+09
1.298632060099854946e+09
1.298427026662858725e+09
1.298221213705624580e+09
1.298012784564460278e+09
1.297807681912542105e+09
1.297600048087379932e+09
1.297389346309291363e+09
1.297182527468951464e+09
1.296974697662607670e+09
1.296762514657906532e+09
1.296552422137942076e+09
1.296343886195550442e+09
1.296131247816325665e+09
1.295918236258700371e+09
1.295707788828842402e+09
1.295494425444802284e+09
1.295279982300995827e+09
1.295066721925706863e+09
1.294852159133991957e+09
1.294636772895776987e+09
1.294420996420026064e+09
1.294204809719142675e+09
1.293988074331052780e+09
1.293770605093770266e+09
1.293552431454521656e+09
1.293334106879000664e+09
1.293115129960048437e+09
1.292895116428709984e+09
1.292675078356521130e+09
1.292454368660785913e+09
1.292232899985822916e+09
1.292010945805217743e+09
1.291788538123067141e+09
1.291565558740311623e+09
1.291341812227251053e+09
1.291117712026962996e+09
1.290893053104171038e+09
1.290667729398264408e+09
1.290441853905159235e+09
1.290215536094353199e+09
1.289988607220839500e+09
1.289761037862226725e+09
1.289533050457351446e+09
1.289304463260882854e+09
1.289075299530519247e+09
1.288845602698993683e+09
1.288615391529359818e+09
1.288384606528066635e+09
1.288153266865515947e+09
1.287921407739833593e+09
1.287689012168948174e+09
1.287456056835464239e+09
1.287222557809236526e+09
1.286988561352997780e+09
1.286753989863273859e+09
1.286518895107026815e+09
1.286283274830400705e+09
1.286047123442924976e+09
1.285810429804194689e+09
1.285573211915313005e+09
1.285335480624815941e+09
1.285097202204210043e+09
1.284858408866759777e+09
1.284619094604928732e+09
1.284379255428387642e+09
1.284138890205727816e+09
1.283898013164619446e+09
1.283656615942255497e+09
1.283414698069605112e+09
1.283172266709835052e+09
1.282929324248374939e+09
1.282685863688007832e+09
1.282441892982156754e+09
1.282197414083186626e+09
1.281952423241442680e+09
1.281706925683988094e+09
1.281460920418593645e+09
1.281214412264983654e+09
1.280967397064311028e+09
1.280719879911532402e+09
1.280471862644323111e+09
1.280223343189750433e+09
1.279974324410727024e+09
1.279724809695970058e+09
1.279474796476913214e+09
1.279224288041877508e+09
1.278973286159021616e+09
1.278721790659761667e+09
1.278469803115660906e+09
1.278217325354226112e+09
1.277964358153446674e+09
1.277710902307287216e+09
1.277456959667399883e+09
1.277202531162028551e+09
1.276947617888183355e+09
1.276692220851704597e+09
1.276436341820833445e+09
1.276179981344115496e+09
1.275923140725920200e+09
1.275665821348727226e+09
1.275408024236288548e+09
1.275149750250115395e+09
1.274891001009471893e+09
1.274631777342433929e+09
1.274372080375838995e+09
1.274111911309174776e+09
1.273851271371980190e+09
1.273590161379420042e+09
1.273328582695051670e+09
1.273066536379929304e+09
1.272804023422628403e+09
1.272541045008059025e+09
1.272277602257959127e+09
1.272013696160425186e+09
1.271749327863834143e+09
1.271484498443396330e+09
1.271219208965134859e+09
1.270953460471279144e+09
1.270687254082784176e+09
1.270420590825268269e+09
1.270153471753862381e+09
1.269885897937108517e+09
1.269617870438015461e+09
1.269349390264700413e+09
1.269080458485002041e+09
1.268811076152588844e+09
1.268541244257939816e+09
1.268270963868295431e+09
1.268000236010280132e+09
1.267729061678303242e+09
1.267457441922797680e+09
1.267185377749162912e+09
1.266912870161791086e+09
1.266639920183187485e+09
1.266366528811963797e+09
1.266092697049681664e+09
1.265818425896723270e+09
