8.106039931878592773e+12
7.989621158101670898e+12
7.287918323306022461e+12
6.997506509120365234e+12
6.623162837851654297e+12
6.110465161871655273e+12
5.668195302918694336e+12
5.402884473710391602e+12
5.155237804754417969e+12
4.806735413425846680e+12
4.440795343679904297e+12
4.167359464039904785e+12
3.970406026623506836e+12
3.758232798721992188e+12
3.503753092517162598e+12
3.258263318597890625e+12
3.063574304898013184e+12
2.905440713301232910e+12
2.746763032184729492e+12
2.576075134669405273e+12
2.411125256042165039e+12
2.269577687678546875e+12
2.149829684871151611e+12
2.037149593415748291e+12
1.921823423052787109e+12
1.807825680202998047e+12
1.705315157160500977e+12
1.617284924996398682e+12
1.536251839152380859e+12
1.454405162761258789e+12
1.373189378820611816e+12
1.299458676647505127e+12
1.235119495074473877e+12
1.174928167212715332e+12
1.114552399196509521e+12
1.055820255549048462e+12
1.002280266333056152e+12
9.539076935162653809e+11
9.080331067076256104e+11
8.629574081987690430e+11
8.195133005585322266e+11
7.794948210414578857e+11
7.429364510268123779e+11
7.080479920461479492e+11
6.738873991546683350e+11
6.414371916806711426e+11
6.116689542446596680e+11
5.840313063851025391e+11
5.573898635087935791e+11
5.315965865378697510e+11
5.074868557631229858e+11
4.853152792251112671e+11
4.643092508579373169e+11
4.440152085588027954e+11
4.247802995102162476e+11
4.069143523713179932e+11
3.901976771610773926e+11
3.742131489029615479e+11
3.588995496696149902e+11
3.444907892994535522e+11
3.310386693141210938e+11
3.182808010889770508e+11
3.059905211978497314e+11
2.943071334297495117e+11
2.833896991162495117e+11
2.730379032387332458e+11
2.630546485162270813e+11
2.535391811050736694e+11
2.445783658959219971e+11
2.360568739726145935e+11
2.278634784490872803e+11
2.200212812936854858e+11
2.125819009103512573e+11
2.054962572862681580e+11
1.986783289830017090e+11
1.921420772793098450e+11
1.859222422103529663e+11
1.799682829629516602e+11
1.742468475192882996e+11
1.687695394855075684e+11
1.635242535310852356e+11
1.585019379021751709e+11
1.536830889445601196e+11
1.490517119425455017e+11
1.446147348706250000e+11
1.403608734916427612e+11
1.362681947601899109e+11
1.323333013498055878e+11
1.285590274229181366e+11
1.249302635640469818e+11
1.214335796567087708e+11
1.180715848697790833e+11
1.148389927588776093e+11
1.117239675975774841e+11
1.087209908002015381e+11
1.058298334194484863e+11
1.030442272281081696e+11
1.003555441345030975e+11
9.776213690727076721e+10
9.526123240841070557e+10
9.284651021239028931e+10
9.051399996840989685e+10
8.826145951716685486e+10
8.608463802621786499e+10
8.398032754035688782e+10
8.194545821644931030e+10
7.997686258850508118e+10
7.807214647939424133e+10
7.622894610920082092e+10
7.444453144778593445e+10
7.271723018678974915e+10
7.104713222809475708e+10
6.943644162339340210e+10
6.789061422616199493e+10
6.640651581455117798e+10
6.493974979094662476e+10
6.345314508913996124e+10
6.204105819959107971e+10
6.075328284973027039e+10
5.945607768504285431e+10
5.810211898233031464e+10
5.685484811877417755e+10
5.572869034397446442e+10
5.458600510545699310e+10
5.343124276349613953e+10
5.229718665145976257e+10
5.117026786419689941e+10
5.011784272485520935e+10
4.914127118198697662e+10
4.813610747970055389e+10
4.713614488738340759e+10
4.624345208682413483e+10
4.539523904795831299e+10
4.450604807348606110e+10
4.357462510939222717e+10
4.268051125555533600e+10
4.188535388524604797e+10
4.109529408532235718e+10
4.026465410623481750e+10
3.950340042524665833e+10
3.878131565791988373e+10
3.802008996916342926e+10
3.731121571019097900e+10
3.663939235035327911e+10
3.593532561734064484e+10
3.527994941720913696e+10
3.465299314480661774e+10
3.399985445632513046e+10
3.339296978492686462e+10
3.280698663904718018e+10
3.220152419943027496e+10
3.163716838747391129e+10
3.108882166930785370e+10
3.052846016007258224e+10
3.000145888777505493e+10
2.948753781304615021e+10
2.896941962036481857e+10
2.847641161649669266e+10
2.799365104784665680e+10
2.751381875690421295e+10
2.705326286976379776e+10
2.659939667406619644e+10
2.615262885284827042e+10
2.572311911166279602e+10
2.529807476865937424e+10
2.488039459773546982e+10
2.448038578167537689e+10
2.408872345351804733e+10
2.370962669356019592e+10
2.335940766339166641e+10
2.303271329291258240e+10
2.268869531216569519e+10
2.227834891674195099e+10
2.186862892621623611e+10
2.155406253037335205e+10
2.125840370378912354e+10
2.089180209608692932e+10
2.054374391436150742e+10
2.026878601807918167e+10
1.996896408756895447e+10
1.965135233464202118e+10
1.940395604699074554e+10
1.915390304382584381e+10
1.881268482010533905e+10
1.848108837640806961e+10
1.823703150036415100e+10
1.799191736318952179e+10
1.770493242627033997e+10
1.744509239237314987e+10
1.724011238906940079e+10
1.705090845509631348e+10
1.685440524140624428e+10
1.658428693795003891e+10
1.624265372037359810e+10
1.600977038849192238e+10
1.585931971034875488e+10
1.559953824688960457e+10
1.532450942073194695e+10
1.516543623806530571e+10
1.495873234021802711e+10
1.469992170211919022e+10
1.453052859919229889e+10
1.434488029090507507e+10
1.411074425436712456e+10
1.394118626687693787e+10
1.376524502780329132e+10
1.355339471779118538e+10
1.338836585085799980e+10
1.321900224882657051e+10
1.302630729469007301e+10
1.286740041416359520e+10
1.270403835858292961e+10
1.252768167367251396e+10
1.237545603480106735e+10
1.221809748137357521e+10
1.205532278479154015e+10
1.191025764247516441e+10
1.175932798315128136e+10
1.160745541589697075e+10
1.146974441563594055e+10
1.132600478078566933e+10
1.118279589862587357e+10
1.105197522448090363e+10
1.091617483507430649e+10
1.078033706003668213e+10
1.065544847314523888e+10
1.052781786625984001e+10
1.039902950168272400e+10
1.027915538837577248e+10
1.015913592048762512e+10
1.003755413360346985e+10
9.922359083976020813e+09
9.808874985772974014e+09
9.694467691753953934e+09
9.584366642958963394e+09
9.476763970300767899e+09
9.369473694145019531e+09
9.266047674852605820e+09
9.166699436741832733e+09
9.071360601276111603e+09
8.985132992127441406e+09
8.910678392425922394e+09
8.841038320780456543e+09
8.753293619270565033e+09
8.626283105096776962e+09
8.492458637753327370e+09
8.406570645141305923e+09
8.356980410185936928e+09
8.289839117891761780e+09
8.204106548839442253e+09
8.160166007435516357e+09
8.166773257628549576e+09
8.139626972782166481e+09
8.003087815483829498e+09
7.804708486975486755e+09
7.672687088817941666e+09
7.642226728622905731e+09
7.618267956533134460e+09
7.526976813793754578e+09
7.427112486455694199e+09
7.426583892177415848e+09
7.491746991536491394e+09
7.412388951029431343e+09
7.144186838271238327e+09
7.022661351042369843e+09
7.094964270846719742e+09
7.014556999181798935e+09
6.817445627642807961e+09
6.799925369962044716e+09
6.796207534183938980e+09
6.653715439142390251e+09
6.586896717970758438e+09
6.569085778131823540e+09
6.470531649292396545e+09
6.412927510554972649e+09
6.374976327168745041e+09
6.282224515440478325e+09
6.239607393108821869e+09
6.205428073347160339e+09
6.114050194964157104e+09
6.067471075272747993e+09
6.038478361189679146e+09
5.963169054232612610e+09
5.911753307728739738e+09
5.874800302253148079e+09
5.814316542688457489e+09
5.769848349408516884e+09
5.726222992958526611e+09
5.669046912247240067e+09
5.631957311677641869e+09
5.594878631947914124e+09
5.549360959203752518e+09
5.535948700232701302e+09
5.561221767949112892e+09
5.618844709689100266e+09
5.626038943087604523e+09
5.446091817820616722e+09
5.285234958051501274e+09
5.346648721993294716e+09
5.353133534947319984e+09
