1.019254262379920483e+09
5.533902224962308350e+11
2.179607017275729065e+11
3.716491733817355957e+11
3.039904079027586060e+11
1.919238969528409119e+11
1.368994982263329468e+11
1.470716632757157288e+11
1.723607930469780273e+11
1.510688140964768066e+11
9.350963974531010437e+10
7.192411992406564331e+10
9.406741592353517151e+10
9.985609224968646240e+10
7.099166547685575867e+10
4.842345417378761292e+10
5.455096388913961792e+10
6.317324781482420349e+10
5.234396443311364746e+10
3.616840539834285736e+10
3.245656227407920456e+10
3.616200407978524017e+10
3.595426669993223572e+10
3.151214643795412827e+10
2.631458709431855011e+10
2.088247314215070724e+10
1.807279944484384918e+10
2.073300272284079742e+10
2.333149806935985184e+10
1.860566801000356674e+10
1.097180773542366600e+10
1.003929202517922974e+10
1.435196859703660583e+10
1.489281538811945343e+10
1.060414805878297424e+10
7.610297927769960403e+09
7.724177787411880493e+09
8.224438974224798203e+09
8.139622682623569489e+09
7.568369204090374947e+09
5.931130295343363762e+09
4.440848552861724854e+09
4.897206063220775604e+09
5.817885136357059479e+09
4.953481318791870117e+09
3.497089936435056210e+09
3.381830456380121708e+09
3.793575775903314590e+09
3.508076607761825562e+09
3.041172832077174664e+09
2.860197301894916534e+09
2.639218359831794739e+09
2.453371226470364094e+09
2.446787071528527260e+09
2.297955802834578037e+09
2.068455324798894405e+09
2.035170049095423698e+09
1.928773743651407957e+09
1.698214191043895245e+09
1.734228664735268354e+09
1.818772791100950241e+09
1.569280500151883602e+09
1.370129421760365248e+09
1.487880337732865572e+09
1.536442108267883539e+09
1.381177342853151560e+09
1.271676675975697041e+09
1.266266720910762072e+09
1.292021193519425631e+09
1.289272241441969872e+09
1.198059488964654922e+09
1.121630740205954313e+09
1.166573662537614822e+09
1.188891206010040283e+09
1.110880308842138529e+09
1.075106960656450748e+09
1.095459307754791737e+09
1.081282818181232452e+09
1.062138841602423668e+09
1.054368628281616092e+09
1.032623117058740735e+09
1.026653106665688038e+09
1.030605805108482242e+09
1.017319876124418974e+09
1.006307829812010288e+09
9.999528432049335241e+08
9.946610962183645964e+08
9.972770466554625034e+08
9.904660758720369339e+08
9.771518150949882269e+08
9.778806264607876539e+08
9.805424086956832409e+08
9.742308971008142233e+08
9.681512631889477968e+08
9.654562911903096437e+08
9.660859150359035730e+08
9.661996255038203001e+08
9.600854717714263201e+08
9.564826341001062393e+08
9.593202991858503819e+08
9.581974799462425709e+08
9.539921496785776615e+08
9.529726685773359537e+08
9.530899907658371925e+08
9.526250769059572220e+08
9.509982307982174158e+08
9.492636453748716116e+08
9.493959803958475590e+08
9.491937002468101978e+08
9.479131992114844322e+08
9.472488601560840607e+08
9.467091720407195091e+08
9.463892484270846844e+08
9.462251236935135126e+08
9.452930848771985769e+08
9.447282929293465614e+08
9.448181328891282082e+08
9.445239149347586632e+08
9.438928328437770605e+08
9.434203819315742254e+08
9.434836068966237307e+08
9.433356365533441305e+08
9.426903439662472010e+08
9.424778293086391687e+08
9.424930178993600607e+08
9.422284623107740879e+08
9.418636251437529325e+08
9.416635238604421616e+08
9.416117101457673311e+08
9.413966875632599592e+08
9.411114437120423317e+08
9.409716376741079092e+08
9.408472771746828556e+08
9.406786651541852951e+08
9.404745075744845867e+08
9.402960935776351690e+08
9.402020167515094280e+08
9.400460786187676191e+08
9.398438367378388643e+08
9.397098308401411772e+08
9.395975218853944540e+08
9.394419002732115984e+08
9.392665841997233629e+08
9.391461087990744114e+08
9.390199698902206421e+08
9.388629923640029430e+08
9.387238137058557272e+08
9.385846847304949760e+08
9.384588665033676624e+08
9.383210250733815432e+08
9.381674620617045164e+08
9.380439794853814840e+08
9.379155671261578798e+08
9.377694188432488441e+08
9.376307512328314781e+08
9.375039167781807184e+08
9.373717988763509989e+08
9.372255763483613729e+08
9.370942771921268702e+08
9.369645359290857315e+08
9.368242074585607052e+08
9.366884887991776466e+08
9.365527290461490154e+08
9.364199734042940140e+08
9.362821926708105803e+08
9.361431240742131472e+08
9.360101611586124897e+08
9.358729295312825441e+08
9.357346661280556917e+08
9.355968463156085014e+08
9.354607825516586304e+08
9.353228759443242550e+08
9.351827944215519428e+08
9.350453800699703693e+08
9.349069113314764500e+08
9.347670641550905704e+08
9.346270552936302423e+08
9.344877947798680067e+08
9.343475912599717379e+08
9.342064844023402929e+08
9.340655744802585840e+08
9.339243812216295004e+08
9.337829891250801086e+08
9.336402861764017344e+08
9.334980220714061260e+08
9.333557867232917547e+08
9.332120566503176689e+08
9.330685251382052898e+08
9.329249775534868240e+08
9.327806444882932901e+08
9.326357430656688213e+08
9.324909594306672812e+08
9.323456998790034056e+08
9.321997361603407860e+08
9.320537340291558504e+08
9.319072854540822506e+08
9.317604541493719816e+08
9.316131898644479513e+08
9.314656276222463846e+08
9.313177314439311028e+08
9.311694091509678364e+08
9.310206738235635757e+08
9.308716836675405502e+08
9.307223137157684565e+08
9.305724567586435080e+08
9.304223616456494331e+08
9.302718928434958458e+08
9.301210010353906155e+08
9.299697612493128777e+08
9.298182201797831059e+08
9.296662655448879004e+08
9.295139383180739880e+08
9.293613016525385380e+08
9.292082835558869839e+08
9.290548989911642075e+08
9.289011624451717138e+08
9.287470922715034485e+08
9.285926418594820499e+08
9.284378439464006424e+08
9.282827004648985863e+08
9.281272054752199650e+08
9.279713501844118834e+08
9.278151458486082554e+08
9.276586069737125635e+08
9.275017031110367775e+08
9.273444532175192833e+08
9.271868674816095829e+08
9.270289292408986092e+08
9.268706386829820871e+08
9.267120174476933479e+08
9.265530454866895676e+08
9.263937292739368677e+08
9.262340752003450394e+08
9.260740799703212976e+08
9.259137428696002960e+08
9.257530662789298296e+08
9.255920542274762392e+08
9.254307018987702131e+08
9.252690137421857119e+08
9.251069889813896418e+08
9.249446312421989441e+08
9.247819365266637802e+08
9.246189091913776398e+08
9.244555505066004992e+08
9.242918584845819473e+08
9.241278348545359373e+08
9.239634830241204500e+08
9.237988000817617178e+08
9.236337882388459444e+08
9.234684496913279295e+08
9.233027832626866102e+08
9.231367901115467548e+08
9.229704720296494961e+08
9.228038290017575026e+08
9.226368614224079847e+08
9.224695710497524738e+08
9.223019579914505482e+08
9.221340231246024370e+08
9.219657671008880138e+08
9.217971911162921190e+08
9.216282953628979921e+08
9.214590808812824488e+08
9.212895483673173189e+08
9.211196986839208603e+08
9.209495322056658268e+08
9.207790500344851017e+08
9.206082528522204161e+08
9.204371411051220894e+08
9.202657157908322811e+08
9.200939776712137461e+08
9.199219271368908882e+08
9.197495652286593914e+08
9.195768925622668266e+08
9.194039097508312464e+08
9.192306175901366472e+08
9.190570168263063431e+08
9.188831080304849148e+08
9.187088920062363148e+08
9.185343694160983562e+08
9.183595409490669966e+08
9.181844072846208811e+08
9.180089691349945068e+08
9.178332271803040504e+08
9.176571820757282972e+08
9.174808345220177174e+08
9.173041852230216265e+08
9.171272347756509781e+08
9.169499839360555410e+08
9.167724333243384361e+08
9.165945836174725294e+08
9.164164354784573317e+08
9.162379895838667154e+08
9.160592465671666861e+08
9.158802071036596298e+08
9.157008718480863571e+08
9.155212414390848875e+08
9.153413165363459587e+08
9.151610977904275656e+08
9.149805858343759775e+08
9.147997813211632967e+08
