6.583000641910297871e+08
5.560585448429259033e+11
2.053467035064888306e+11
3.692626771877112427e+11
2.886330845388733521e+11
1.788040895642838440e+11
1.334190030376864471e+11
1.474803582826351013e+11
1.666630696791531372e+11
1.398384027891051636e+11
8.756523479927178955e+10
7.299988637592405701e+10
9.407247341505386353e+10
9.434115828572595215e+10
6.417931338243993378e+10
4.564515120050194550e+10
5.521411297593752289e+10
6.286461680843344116e+10
4.896405863459123230e+10
3.212749487482530594e+10
3.077340971833027267e+10
3.629438258995658112e+10
3.541314526027864838e+10
2.959428549972727585e+10
2.428087459291918945e+10
1.965154253547336960e+10
1.748415127109094620e+10
2.027625167801822281e+10
2.252182724323723984e+10
1.731231790670186234e+10
9.751446441883371353e+09
9.465026782942070007e+09
1.412848873762435341e+10
1.428029789796903992e+10
9.517662717229330063e+09
6.698555284182559967e+09
7.354026627956604004e+09
7.956632278227305412e+09
7.475004028313580513e+09
6.721860607241413116e+09
5.370170702403094292e+09
4.126460534698723793e+09
4.495840516653058052e+09
5.234560476505110741e+09
4.348716968524281502e+09
3.061425069922924995e+09
3.095058608583285332e+09
3.391812983890179157e+09
2.930093701116072655e+09
2.586138902984594822e+09
2.600749039576498032e+09
2.277287763344644070e+09
1.940532338984274864e+09
2.041386402249993801e+09
2.009602247695183516e+09
1.691885356235862255e+09
1.592857438830182791e+09
1.570701814825310469e+09
1.373713082085325241e+09
1.342820832654108286e+09
1.431119812073827982e+09
1.237292513185185194e+09
1.016796537023766756e+09
1.103325388704724789e+09
1.184852586918217659e+09
1.046350054259714007e+09
9.119463932036240101e+08
9.032318220824787617e+08
9.484643578765515089e+08
9.486343048177396059e+08
8.470848468850033283e+08
7.713111031460796595e+08
8.233139021676815748e+08
8.462623761573117971e+08
7.683514127809002399e+08
7.311837708025181293e+08
7.497771332557826042e+08
7.419726983188325167e+08
7.238770506699571609e+08
7.097287607229268551e+08
6.908939311534765959e+08
6.893114282949689627e+08
6.906975531375942230e+08
6.762221001600167751e+08
6.668709003289830685e+08
6.619469554160655737e+08
6.560401665103514194e+08
6.576561059822099209e+08
6.522566102865562439e+08
6.397400653104834557e+08
6.395301474925316572e+08
6.421805941924395561e+08
6.370077185320565701e+08
6.309596465407966375e+08
6.273608105245674849e+08
6.289163378787521124e+08
6.295619659905540943e+08
6.224876075692443848e+08
6.195847995303258896e+08
6.227893428081327677e+08
6.210468662865906954e+08
6.175258686105507612e+08
6.165166438568999767e+08
6.162219781048030853e+08
6.164901321623507738e+08
6.147478892273161411e+08
6.126656043782795668e+08
6.133986658423409462e+08
6.131458104085263014e+08
6.116759146067751646e+08
6.112977128994938135e+08
6.107902701855270863e+08
6.105258268485739231e+08
6.103368121779793501e+08
6.094848615594668388e+08
6.091483935835120678e+08
6.090646739457017183e+08
6.088397015726565123e+08
6.084930001272284985e+08
6.078674995751860142e+08
6.079400524820326567e+08
6.080555274675054550e+08
6.073462033801079988e+08
6.071098036306221485e+08
6.073060910998849869e+08
6.070655950166856050e+08
6.066970791645486355e+08
6.065704012278437614e+08
6.066112721744537354e+08
6.064168717360292673e+08
6.061427467207964659e+08
6.061218275953615904e+08
6.060282897688628435e+08
6.058672326817629337e+08
6.057641785567970276e+08
6.056309008631346226e+08
6.055587680198588371e+08
6.054735129107934237e+08
6.053342547004805803e+08
6.052333660342512131e+08
6.051681273802946806e+08
6.050889885011004210e+08
6.049523512195631266e+08
6.048689767337290049e+08
6.048227600388424397e+08
6.047059757518876791e+08
6.046095597858797312e+08
6.045398080710921288e+08
6.044593797135691643e+08
6.043738189602177143e+08
6.042751280395205021e+08
6.042055773433241844e+08
6.041331219673832655e+08
6.040349591997780800e+08
6.039556196844843626e+08
6.038837619127844572e+08
6.038010947594499588e+08
6.037143992465264797e+08
6.036366375398751497e+08
6.035612040566211939e+08
6.034774260473871231e+08
6.033959202826848030e+08
6.033178496211917400e+08
6.032391103282250166e+08
6.031575827837086916e+08
6.030767434215682745e+08
6.029979505556058884e+08
6.029179653481171131e+08
6.028377185759109259e+08
6.027558171648793221e+08
6.026764867978205681e+08
6.025974706189512014e+08
6.025142193038246632e+08
6.024335997409976721e+08
6.023547441031420231e+08
6.022722058149263859e+08
6.021897994085838795e+08
6.021101829121197462e+08
6.020281462644666433e+08
6.019452667067530155e+08
6.018641496482875347e+08
6.017818759521962404e+08
6.016993160686947107e+08
6.016166791790689230e+08
6.015339519845399857e+08
6.014511534469681978e+08
6.013678530337818861e+08
6.012843714215201139e+08
6.012008863484272957e+08
6.011173559150952101e+08
6.010329997548619509e+08
6.009488929979405403e+08
6.008647842893946171e+08
6.007799244666360617e+08
6.006951006344782114e+08
6.006102451904495955e+08
6.005250130974161625e+08
6.004394303852720261e+08
6.003539221061847210e+08
6.002680844850976467e+08
6.001819609970518351e+08
6.000957313291087151e+08
6.000092432372866869e+08
5.999226103223009109e+08
5.998356599077807665e+08
5.997485669771013260e+08
5.996613070157645941e+08
5.995737584977332354e+08
5.994860085905545950e+08
5.993981231877949238e+08
5.993099761611990929e+08
5.992215931787470579e+08
5.991330756464983225e+08
5.990443094323865175e+08
5.989553340701570511e+08
5.988661610672149658e+08
5.987767958900012970e+08
5.986872078337483406e+08
5.985974148410465717e+08
5.985074312325562239e+08
5.984172375646775961e+08
5.983268369325183630e+08
5.982362321327329874e+08
5.981454388453423977e+08
5.980544296147512197e+08
5.979632187502921820e+08
5.978718180278652906e+08
5.977802103303493261e+08
5.976883963805680275e+08
5.975963940244250298e+08
5.975041871279060841e+08
5.974117800559420586e+08
5.973191763687549829e+08
5.972263767186650038e+08
5.971333784558334351e+08
5.970401797393047810e+08
5.969467915752763748e+08
5.968532031759265661e+08
5.967594182733286619e+08
5.966654419874968529e+08
5.965712696289130449e+08
5.964769016203519106e+08
5.963823425581516027e+08
5.962875890238527060e+08
5.961926431774866581e+08
5.960975046085743904e+08
5.960021750658817291e+08
5.959066541113551855e+08
5.958109414079594612e+08
5.957150393523859978e+08
5.956189471948094368e+08
5.955226649132363796e+08
5.954261939431871176e+08
5.953295349473210573e+08
5.952326866840597391e+08
5.951356513546259403e+08
5.950384289209027290e+08
5.949410190695152283e+08
5.948434230801622868e+08
5.947456413200807571e+08
5.946476736101210117e+08
5.945495210578082800e+08
5.944511836900370121e+08
5.943526621657314301e+08
5.942539566851651669e+08
5.941550678008219004e+08
5.940559960875960588e+08
5.939567415659457445e+08
5.938573050044683218e+08
5.937576867672820091e+08
5.936578870791511536e+08
5.935579065171799660e+08
5.934577455290133953e+08
5.933574043627969027e+08
5.932568835238996744e+08
5.931561834729540348e+08
5.930553044862054586e+08
5.929542470457943678e+08
5.928530115641500950e+08
5.927515984002226591e+08
5.926500079575471878e+08
5.925482406613608599e+08
5.924462968991318941e+08
5.923441770269916058e+08
5.922418814861782789e+08
5.921394106586863995e+08
5.920367648952580690e+08
5.919339446330585480e+08
5.918309502370445728e+08
5.917277820825630426e+08
5.916244405698474646e+08
5.915209260805553198e+08
5.914172389806284904e+08
5.913133796604319811e+08
5.912093485058186054e+08
5.911051458729990721e+08
5.910007721518907547e+08
5.908962277174631357e+08
5.907915129318304062e+08
5.906866281754266024e+08
