4.757284318082259297e+08
5.474599155775838623e+11
2.509321291357566833e+11
3.417905533672888184e+11
3.164736265035705566e+11
2.243296300254628296e+11
1.346179803961057739e+11
1.279623840625457458e+11
1.737306313061614990e+11
1.679644573593846436e+11
1.036095194864365692e+11
6.723991243124716949e+10
8.596153914278103638e+10
1.004509263562923737e+11
7.859493294667112732e+10
5.337785940632151794e+10
5.288539697331506348e+10
5.981879297931188202e+10
5.244357139523049927e+10
3.890298399630209351e+10
3.421316665117559814e+10
3.561990866091434479e+10
3.490758153564589691e+10
3.172776582367825317e+10
2.729398032013938904e+10
2.112369651883788681e+10
1.743697659741074371e+10
2.034738538228790283e+10
2.366108165174646759e+10
1.892929466821166611e+10
1.064900959659293747e+10
9.363133183970403671e+09
1.400984131569214249e+10
1.500857632868977737e+10
1.059607206359570694e+10
7.106276029559422493e+09
7.117851285723757744e+09
7.924195999550486565e+09
7.939544731355230331e+09
7.208296700910264015e+09
5.520080787805314064e+09
4.031586683340489864e+09
4.409957140124216080e+09
5.355896846575487137e+09
4.618135502318416595e+09
3.141824263434562206e+09
2.881273588095900059e+09
3.250348645205804348e+09
3.060085595222288132e+09
2.671119336939684868e+09
2.435743435746141434e+09
2.107607817922271967e+09
1.928885128754933357e+09
2.019980031529966354e+09
1.877491419599186182e+09
1.554131878855461836e+09
1.507066479076103687e+09
1.482412131931141853e+09
1.244321387805973768e+09
1.195227586688668251e+09
1.310051677331306934e+09
1.136877725607753277e+09
8.788612078666788340e+08
9.304754397616865635e+08
1.044871407037002206e+09
9.365969315644949675e+08
7.682845294076793194e+08
7.257455043233243227e+08
7.893619866865375042e+08
8.188072784466736317e+08
7.078194682791697979e+08
5.971774926435027122e+08
6.468500718916345835e+08
7.047365053457448483e+08
6.286925344585915804e+08
5.546284230589946508e+08
5.723240708106834888e+08
5.943612079616528749e+08
5.718404750054239035e+08
5.349841797470611334e+08
5.204329484838706255e+08
5.319783144936514497e+08
5.292575835812435746e+08
5.061302419860484600e+08
4.982713107008898258e+08
4.985285194256190658e+08
4.910050248382459879e+08
4.882568862183445692e+08
4.841494851481117606e+08
4.741689424231476188e+08
4.720346004456589818e+08
4.726623839356496334e+08
4.689989948363983631e+08
4.643860746655694842e+08
4.586302300573263168e+08
4.586720202332842350e+08
4.620273343006036282e+08
4.553223007057712078e+08
4.491644429806788564e+08
4.532430578749106526e+08
4.538037477632402182e+08
4.484224910753545165e+08
4.463763101755600572e+08
4.475499567933956385e+08
4.478555112045369744e+08
4.453311167475264072e+08
4.432204329681316614e+08
4.442795947104200721e+08
4.441634805143182874e+08
4.423001952550532222e+08
4.418758078441058397e+08
4.417264735707144737e+08
4.412667508428859711e+08
4.409474219478539824e+08
4.403129786945108771e+08
4.399107960004000664e+08
4.397418794907256961e+08
4.396067592945966125e+08
4.392999690326215625e+08
4.386298243212359548e+08
4.386576369465598464e+08
4.388712403825349808e+08
4.382170281290543079e+08
4.378735772966524363e+08
4.380957648689962626e+08
4.379792110252929330e+08
4.375868112299703360e+08
4.373959005770656466e+08
4.375128200564978123e+08
4.374025731755246520e+08
4.370729040748729706e+08
4.370483703043905497e+08
4.370513762670443654e+08
4.368984788028174043e+08
4.367772066863591075e+08
4.366868520140910149e+08
4.366583693159034848e+08
4.365876204982846975e+08
4.364523114257118702e+08
4.363948346553118825e+08
4.363650054702114463e+08
4.362875802272215486e+08
4.361892327621501684e+08
4.361370837210534811e+08
4.361045378820172548e+08
4.360255435842790604e+08
4.359527740853801370e+08
4.359053467884371877e+08
4.358593073984829783e+08
4.357992863766296506e+08
4.357266426719712019e+08
4.356847829294492602e+08
4.356437062762427926e+08
4.355732389537440538e+08
4.355179830910611153e+08
4.354795613888429403e+08
4.354256826643148065e+08
4.353640354841800928e+08
4.353183699973715544e+08
4.352724460028173327e+08
4.352155357787793875e+08
4.351655769197177291e+08
4.351168899617303014e+08
4.350658092120606303e+08
4.350168215117318630e+08
4.349647180733571649e+08
4.349143750537915230e+08
4.348671784798973203e+08
4.348158444359396696e+08
4.347634750963140130e+08
4.347158998230528831e+08
4.346669700279624462e+08
4.346139316347996593e+08
4.345643422753762007e+08
4.345163486899775863e+08
4.344645603539775014e+08
4.344132503990815878e+08
4.343644574208618402e+08
4.343139487504518628e+08
4.342622498045727015e+08
4.342121119677566290e+08
4.341617836361771822e+08
4.341105150365334749e+08
4.340594341441495419e+08
4.340085160443295240e+08
4.339574856224454641e+08
4.339060981515256763e+08
4.338544508102349043e+08
4.338031593863378167e+08
4.337517140701856017e+08
4.336995477444493175e+08
4.336477682919149399e+08
4.335960603557375073e+08
4.335436697646046877e+08
4.334913736842470169e+08
4.334391895511467457e+08
4.333866626588140130e+08
4.333339147620319724e+08
4.332812246481974721e+08
4.332284333082362413e+08
4.331753400451548100e+08
4.331221809079886079e+08
4.330690115920886993e+08
4.330155908275505900e+08
4.329620392306385636e+08
4.329084310262722373e+08
4.328546593676618934e+08
4.328007605153305531e+08
4.327467053703399301e+08
4.326925721432329416e+08
4.326383005210106373e+08
4.325838582057451606e+08
4.325293204915479422e+08
4.324746786512895226e+08
4.324198647852276564e+08
4.323649220766565204e+08
4.323099058523234129e+08
4.322547107869785428e+08
4.321993958023957610e+08
4.321439749717065692e+08
4.320884190578222871e+08
4.320327226882386804e+08
4.319769125840266943e+08
4.319209843159182072e+08
4.318649116755250096e+08
4.318087241440374851e+08
4.317524116662874818e+08
4.316959747510628104e+08
4.316394055928843617e+08
4.315827195022999644e+08
4.315259095791027546e+08
4.314689701659214497e+08
4.314119092294059992e+08
4.313547284789869189e+08
4.312974213009473085e+08
4.312399889837582111e+08
4.311824393045846820e+08
4.311247653482798934e+08
4.310669662831433415e+08
4.310090487285137773e+08
4.309510107758987546e+08
4.308928465751914382e+08
4.308345656992459297e+08
4.307761632663752437e+08
4.307176388281518817e+08
4.306589953919408917e+08
4.306002320799183846e+08
4.305413488315408826e+08
4.304823457333018780e+08
4.304232241985579729e+08
4.303639837208905816e+08
4.303046240884372592e+08
4.302451463815733194e+08
4.301855510607492924e+08
4.301258371595375538e+08
4.300660059212287664e+08
4.300060577553936243e+08
4.299459921237221360e+08
4.298858096009776592e+08
4.298255109962767363e+08
4.297650957735541463e+08
4.297045644445680976e+08
4.296439175811424851e+08
4.295831550953325033e+08
4.295222771920627356e+08
4.294612843896769285e+08
4.294001768435285091e+08
4.293389546134496927e+08
4.292776181419643760e+08
4.292161677378211617e+08
4.291546033683120012e+08
4.290929255068992972e+08
4.290311343636564016e+08
4.289692301144536734e+08
4.289072129742513895e+08
4.288450833463256359e+08
4.287828412918857932e+08
4.287204871033485532e+08
4.286580210820727944e+08
4.285954433933187127e+08
4.285327542610548735e+08
4.284699539840611815e+08
4.284070427596397996e+08
4.283440207855817080e+08
4.282808883570775390e+08
4.282176456698982716e+08
4.281542929415212870e+08
4.280908304202391505e+08
4.280272583436342478e+08
4.279635768975894451e+08
4.278997863449807167e+08
4.278358869016363621e+08
4.277718787763413191e+08
4.277077622060332894e+08
4.276435374143498540e+08
4.275792046114789248e+08
4.275147640228677392e+08
4.274502158732497692e+08
4.273855603739312887e+08
4.273207977427318096e+08
