2.676521100829625130e+09
4.918017545764525146e+11
2.282531885889803162e+11
3.694140047574138794e+11
2.627689470361889038e+11
1.656795640930430603e+11
1.376985133555997925e+11
1.503807694641336060e+11
1.657865949409766235e+11
1.392637419453381653e+11
8.198452357682589722e+10
6.125944281234709167e+10
8.986979995004231262e+10
1.047069967394852142e+11
7.529945213794081116e+10
4.193190792806458282e+10
4.120971956197811890e+10
5.631182399472042084e+10
5.723136719206377411e+10
4.401836043688081360e+10
3.218747419861681747e+10
2.775552355199816895e+10
2.948090760404451370e+10
3.376422416864698029e+10
3.255696261798876953e+10
2.243216059768894196e+10
1.420236589104127312e+10
1.804625527516783905e+10
2.515931532163524628e+10
2.147502450344617462e+10
1.149660409294853973e+10
9.531827092451837540e+09
1.517803060580991745e+10
1.645152773929031944e+10
1.122340136180588913e+10
7.847881210327811241e+09
9.124236923842712402e+09
1.029620119322915268e+10
9.233403401140319824e+09
7.812428956212202072e+09
6.807437677190576553e+09
6.252612194786566734e+09
6.727061733178635597e+09
7.093963091268504143e+09
5.790001057773998260e+09
4.438266728149919510e+09
5.036074836610935211e+09
5.841317673713871956e+09
4.904943327952319145e+09
3.824584237403606892e+09
4.147811444250790596e+09
4.595184906933388710e+09
4.150803299536677361e+09
3.636905918084600925e+09
3.582064340809164524e+09
3.673174195313812256e+09
3.680801192483580112e+09
3.454451664863798618e+09
3.138015763291294098e+09
3.185351655571597099e+09
3.379364909344250679e+09
3.172523087292783737e+09
2.888075680558603287e+09
2.980431518916768551e+09
3.089477686647328854e+09
2.935300034576454639e+09
2.804732844450757504e+09
2.829952299430690765e+09
2.858711444389153481e+09
2.815638090694029331e+09
2.734181338059968948e+09
2.705100630292070866e+09
2.742600356866365910e+09
2.725521470530084133e+09
2.654494488200174809e+09
2.647023218234667301e+09
2.669113806844919682e+09
2.642623476670464039e+09
2.612579210126583099e+09
2.610152890467782974e+09
2.607286130309610367e+09
2.598532074347122192e+09
2.585266531213412285e+09
2.573074655328828335e+09
2.575140894734202385e+09
2.573025422499336720e+09
2.556860316698328018e+09
2.552581443242255211e+09
2.557136104154198170e+09
2.549258157087769032e+09
2.540273653848535061e+09
2.540408288265174389e+09
2.540116347708477497e+09
2.535084538404741764e+09
2.529417511042311668e+09
2.529175286681193352e+09
2.529969104877199173e+09
2.524239789184850693e+09
2.521125889855726242e+09
2.523074794914304733e+09
2.520410841154626846e+09
2.517172502897256374e+09
2.517057332624308109e+09
2.515872155220021248e+09
2.514681658417458534e+09
2.513252997128364086e+09
2.511747079407053947e+09
2.511853794228712559e+09
2.510620666490835667e+09
2.508878456387547493e+09
2.508902753764250755e+09
2.508190703063804150e+09
2.506837704086039066e+09
2.506354985215433598e+09
2.505877750260761738e+09
2.505046711979497910e+09
2.504278831918973446e+09
2.503810220368930817e+09
2.503294316276310444e+09
2.502541713828432083e+09
2.502003885534668446e+09
2.501563143076334476e+09
2.500990312062133312e+09
2.500417513428647995e+09
2.499897930131578445e+09
2.499498138551717758e+09
2.498969502089728355e+09
2.498352685596601486e+09
2.498021655877950191e+09
2.497561679301692963e+09
2.496932670734138489e+09
2.496578439250116348e+09
2.496148208667525291e+09
2.495589942006756306e+09
2.495177806082605362e+09
2.494746067629704952e+09
2.494267664244436741e+09
2.493807847084911346e+09
2.493376937173784733e+09
2.492934724434151173e+09
2.492460137850210667e+09
2.492030793221933365e+09
2.491590046186220646e+09
2.491129567029790401e+09
2.490686616046348095e+09
2.490244756073444843e+09
2.489802679094834328e+09
2.489339488877850056e+09
2.488902266901944160e+09
2.488465762619167805e+09
2.487994532645321846e+09
2.487556694468726158e+09
2.487116065633341312e+09
2.486650115738533020e+09
2.486203358042951584e+09
2.485757340827888012e+09
2.485298494444763184e+09
2.484841888601817608e+09
2.484391542989666939e+09
2.483934594938288689e+09
2.483472497496961594e+09
2.483017553089393616e+09
2.482558163950634003e+09
2.482094119340007305e+09
2.481633391093772411e+09
2.481170967617784977e+09
2.480704808238501549e+09
2.480238422856290340e+09
2.479773501204658508e+09
2.479303396542260647e+09
2.478833017736459732e+09
2.478364582604557514e+09
2.477890375953098774e+09
2.477416675586040020e+09
2.476943718272993565e+09
2.476466124066038609e+09
2.475988680689103127e+09
2.475511260105250835e+09
2.475030260156518936e+09
2.474549060529018402e+09
2.474067184670944691e+09
2.473582760160656452e+09
2.473097732038975239e+09
2.472611528229716301e+09
2.472123686323507786e+09
2.471634571024145603e+09
2.471144484837414265e+09
2.470652861830012798e+09
2.470159829025958061e+09
2.469665915593186855e+09
2.469170388810584068e+09
2.468673620462476254e+09
2.468175732355785370e+09
2.467676484062178612e+09
2.467175858539190292e+09
2.466674127269899845e+09
2.466171121124837875e+09
2.465666662891784191e+09
2.465161182194972992e+09
2.464654326385650635e+09
2.464146192896391869e+09
2.463636873831484795e+09
2.463126292125681877e+09
2.462614434977141380e+09
2.462101350745886803e+09
2.461587070509794235e+09
2.461071475152971745e+09
2.460554721992580414e+09
2.460036698784323692e+09
2.459517463096836567e+09
2.458997004301438808e+09
2.458475326482143402e+09
2.457952434436208248e+09
2.457428319323471546e+09
2.456903020975380898e+09
2.456376478003446579e+09
2.455848770503099442e+09
2.455319838912066936e+09
2.454789716933091164e+09
2.454258406863300800e+09
2.453725901489300728e+09
2.453192208835974216e+09
2.452657334797872543e+09
2.452121282203861713e+09
2.451584042781158924e+09
2.451045642146376133e+09
2.450506058066228867e+09
2.449965314194730759e+09
2.449423399887989521e+09
2.448880327105167866e+09
2.448336092458850384e+09
2.447790703806284904e+09
2.447244161783946514e+09
2.446696468332578182e+09
2.446147630786631584e+09
2.445597646304484844e+09
2.445046523080603123e+09
2.444494260745310783e+09
2.443940863957849026e+09
2.443386334115183353e+09
2.442830676865695953e+09
2.442273891323778629e+09
2.441715983900028706e+09
2.441156955466186047e+09
2.440596809570185184e+09
2.440035548562520981e+09
2.439473176628508091e+09
2.438909694501578331e+09
2.438345107079051495e+09
2.437779415996534824e+09
2.437212624015918732e+09
2.436644734848944187e+09
2.436075750094218731e+09
2.435505673570625305e+09
2.434934507190982342e+09
2.434362254333125591e+09
2.433788917282885551e+09
2.433214499086781025e+09
2.432639002190556526e+09
2.432062429484735012e+09
2.431484783546603203e+09
2.430906067140128136e+09
2.430326282732280254e+09
2.429745433363814354e+09
2.429163521146455765e+09
2.428580549258873463e+09
2.427996519892259121e+09
2.427411435888448238e+09
2.426825299780999660e+09
2.426238114209194660e+09
2.425649881610424519e+09
2.425060604771616459e+09
2.424470286040589809e+09
2.423878928122935295e+09
2.423286533479012012e+09
2.422693104648808956e+09
2.422098644178560734e+09
2.421503154562849998e+09
2.420906638290944099e+09
2.420309097885708809e+09
2.419710535801806450e+09
2.419110954534046173e+09
2.418510356530633926e+09
2.417908744254848003e+09
2.417306120151192188e+09
2.416702486675284863e+09
2.416097846215600967e+09
2.415492201234303951e+09
2.414885554117651939e+09
2.414277907279887199e+09
2.413669263115154743e+09
2.413059623999310970e+09
2.412448992323249340e+09
2.411837370452284813e+09
2.411224760741119385e+09
2.410611165554106712e+09
2.409996587227101803e+09
2.409381028104793549e+09
2.408764490509460926e+09
2.408146976766808510e+09
