5.191337470486015320e+09
5.705075141529628906e+11
2.153056954227262268e+11
3.821064447949500732e+11
3.053970337052487793e+11
1.921732602773695984e+11
1.421056182924668579e+11
1.492418443472443848e+11
1.736058127276598511e+11
1.578101618533542786e+11
1.014470505028621521e+11
7.124982902711915588e+10
8.943848693212098694e+10
1.038910608005463867e+11
8.239170720800527954e+10
5.452358160952992249e+10
5.158641575320522308e+10
6.048456324021569061e+10
5.718243672383618164e+10
4.449291712636280060e+10
3.682837151982266998e+10
3.587376843709155273e+10
3.617604276953433228e+10
3.534456072899703979e+10
3.136125192358683777e+10
2.388132937816876984e+10
1.958962890194017029e+10
2.331892918269524765e+10
2.696621856049589539e+10
2.130173136503837585e+10
1.272871093921975517e+10
1.275669293496200371e+10
1.821173247179685593e+10
1.791620616279584885e+10
1.209189220445015717e+10
9.383563449887304306e+09
1.105901833963504219e+10
1.181035341354288864e+10
1.042735986686017990e+10
9.194311745820096970e+09
8.262070346829089165e+09
7.406780443983437538e+09
7.682692714123146057e+09
8.192235417053395271e+09
7.071113511381766319e+09
5.629431091059804916e+09
5.914143783618530273e+09
6.569387454619777679e+09
5.857074269917425156e+09
4.972854993483677864e+09
5.075344264488073349e+09
5.236541172970658302e+09
4.873538485345890999e+09
4.548191200603787422e+09
4.432325093859376907e+09
4.369854225722296715e+09
4.347800708759246826e+09
4.149555801428983212e+09
3.842122926311540604e+09
3.881356379748859406e+09
4.027993090808105469e+09
3.765121084556973934e+09
3.487002116956420898e+09
3.608192842447652817e+09
3.687968241159493446e+09
3.485895217217132568e+09
3.352948256202840328e+09
3.381817854963705063e+09
3.388221754433049679e+09
3.335538351760966778e+09
3.251803898794376373e+09
3.197113512153866291e+09
3.219166619147750378e+09
3.211056060960158825e+09
3.133066133054995537e+09
3.103028798273379803e+09
3.113775319084554672e+09
3.085206546982000828e+09
3.054569751881797791e+09
3.043849621675075054e+09
3.022780117933746338e+09
3.006855132223814487e+09
2.998781730139449596e+09
2.980972028673403263e+09
2.967763844796912670e+09
2.958093000167962074e+09
2.943360010991311550e+09
2.937496252757023335e+09
2.931294064849318504e+09
2.914413296162731647e+09
2.906262524286948204e+09
2.905568176873620510e+09
2.896470429478855133e+09
2.885301258806725025e+09
2.879468826243237972e+09
2.876552867860429764e+09
2.871602044485558987e+09
2.862706796002537251e+09
2.857424261052569389e+09
2.855897666511899471e+09
2.850657796824407578e+09
2.845095427180929184e+09
2.841611690497498512e+09
2.837898752611843586e+09
2.835321038724315166e+09
2.831714511441510677e+09
2.827134518689035892e+09
2.825304807655315876e+09
2.823188682876299381e+09
2.819415513246407986e+09
2.816884921276597500e+09
2.814906974502437115e+09
2.812630599737222195e+09
2.810347115854183674e+09
2.808068697486804485e+09
2.806243558227735519e+09
2.804485914921731949e+09
2.802600902070610046e+09
2.800861990269854546e+09
2.799175910540761471e+09
2.797718220961176395e+09
2.796296180500997543e+09
2.794742535789206505e+09
2.793347183265999317e+09
2.792109424330129147e+09
2.790946041871327877e+09
2.789627105870890141e+09
2.788341277448539257e+09
2.787448587956861973e+09
2.786362869138339996e+09
2.785111061018339634e+09
2.784239060108640194e+09
2.783333534480015755e+09
2.782287024009346962e+09
2.781382082967282295e+09
2.780533211494224072e+09
2.779683527205190182e+09
2.778813756589975357e+09
2.778005015349102497e+09
2.777240210948301315e+09
2.776439634088436604e+09
2.775699371897879601e+09
2.774963377973982811e+09
2.774223356085272312e+09
2.773534316517511368e+09
2.772838280950716496e+09
2.772148586248912334e+09
2.771474707949749470e+09
2.770827946170485497e+09
2.770181620306171417e+09
2.769518084328806400e+09
2.768902549056774616e+09
2.768288190845416069e+09
2.767651269245122910e+09
2.767046632647816181e+09
2.766451462708356380e+09
2.765846285300548077e+09
2.765248841908618927e+09
2.764664588642544746e+09
2.764080466529968262e+09
2.763495279112601280e+09
2.762918755004131317e+09
2.762344081996280670e+09
2.761771886752592087e+09
2.761201936888566017e+09
2.760632893574301243e+09
2.760068145063836575e+09
2.759503852970062256e+09
2.758940542778380394e+09
2.758377711796621323e+09
2.757817847252342224e+09
2.757258610665321350e+09
2.756696700925799370e+09
2.756138708895335197e+09
2.755580957429829597e+09
2.755020790813273430e+09
2.754462100639280796e+09
2.753904376209358215e+09
2.753344996781854630e+09
2.752785096893087864e+09
2.752226108784051418e+09
2.751665944562125206e+09
2.751104952412416935e+09
2.750543634771508694e+09
2.749981778453143120e+09
2.749418954163965702e+09
2.748855167607382298e+09
2.748290799251501560e+09
2.747725389082286358e+09
2.747159055385620594e+09
2.746591592410348892e+09
2.746023190222163200e+09
2.745453861009854794e+09
2.744883159991077423e+09
2.744311395745180130e+09
2.743738695618833065e+09
2.743164627342753410e+09
2.742589264467533112e+09
2.742012974815670967e+09
2.741435289608921051e+09
2.740856289895523071e+09
2.740276182162899017e+09
2.739694754334448338e+09
2.739112009772690773e+09
2.738527986979076385e+09
2.737942732520370483e+09
2.737356094997104168e+09
2.736768185496189117e+09
2.736178962173279285e+09
2.735588415559364796e+09
2.734996552892707348e+09
2.734403345774010658e+09
2.733808839270153999e+09
2.733212990395987034e+09
2.732615808026883125e+09
2.732017294523469925e+09
2.731417470034555435e+09
2.730816286464773655e+09
2.730213785812355995e+09
2.729609961607296467e+09
2.729004797077732086e+09
2.728398307340928078e+09
2.727790494169569969e+09
2.727181358993519783e+09
2.726570889857326984e+09
2.725959111026906013e+09
2.725346009006831169e+09
2.724731589822403431e+09
2.724115855813218117e+09
2.723498814460055351e+09
2.722880458976883411e+09
2.722260799622297764e+09
2.721639837070951939e+09
2.721017571250834942e+09
2.720394011021775723e+09
2.719769151498017311e+09
2.719143003266530037e+09
2.718515564748979092e+09
2.717886839079807281e+09
2.717256831063188076e+09
2.716625544606562138e+09
2.715992977804735661e+09
2.715359139675173759e+09
2.714724030817225456e+09
2.714087652525353432e+09
2.713450011038461685e+09
2.712811108463927269e+09
2.712170946296588421e+09
2.711529529894636154e+09
2.710886861604416847e+09
2.710242943521741390e+09
2.709597780557139397e+09
2.708951374311536312e+09
2.708303728822687626e+09
2.707654846683363438e+09
2.707004731058497906e+09
2.706353385421955585e+09
2.705700812339597225e+09
2.705047014941352844e+09
2.704391996797586918e+09
2.703735760289062500e+09
2.703078308721471786e+09
2.702419645342822075e+09
2.701759772821082592e+09
2.701098694190871239e+09
2.700436412800606251e+09
2.699772931160886288e+09
2.699108252511124611e+09
2.698442379797087193e+09
2.697775315921318531e+09
2.697107063734085560e+09
2.696437626344504356e+09
2.695767006535060406e+09
2.695095207242156982e+09
2.694422231354986668e+09
2.693748081790039539e+09
2.693072761355901718e+09
2.692396272962404251e+09
2.691718619454707146e+09
2.691039803642558098e+09
2.690359828370643139e+09
2.689678696485417366e+09
2.688996410739402294e+09
2.688312973970065117e+09
2.687628388957294464e+09
2.686942658483558178e+09
2.686255785280232430e+09
2.685567772160335064e+09
2.684878621834704876e+09
2.684188337046401978e+09
2.683496920536263466e+09
2.682804375009051323e+09
2.682110703177949429e+09
2.681415907756861210e+09
2.680719991412780762e+09
2.680022956843844891e+09
2.679324806718112946e+09
2.678625543699257851e+09
2.677925170438851357e+09
2.677223689584467888e+09
