1.569035876865483750e+15
1.488527975084567250e+15
1.411846490165402500e+15
1.338823893634380750e+15
1.269277914373969000e+15
1.203045498713986750e+15
1.139973624457968500e+15
1.079920299469869875e+15
1.022748515849946500e+15
9.683228133064088750e+14
9.165134284859913750e+14
8.672015765042195000e+14
8.202803691061901250e+14
7.756512411906768750e+14
7.332196543636511250e+14
6.928936191219440000e+14
6.545853304911933750e+14
6.182136926430638750e+14
5.837052141009771250e+14
5.509929592381318750e+14
5.200142788463698125e+14
4.907076409086506875e+14
4.630094892633286250e+14
4.368528587354498125e+14
4.121685459912901250e+14
3.888876768326651250e+14
3.669435666003353750e+14
3.462719722217916250e+14
3.268105367934775000e+14
3.084984758897948125e+14
2.912767132172295625e+14
2.750880891936119062e+14
2.598774206996832500e+14
2.455915023106013750e+14
2.321791487118366562e+14
2.195912716373079688e+14
2.077809319137833125e+14
1.967032714858814375e+14
1.863152973214570312e+14
1.765756483980650625e+14
1.674444945367586875e+14
1.588835874268300938e+14
1.508564269274085000e+14
1.433285367950095312e+14
1.362677913129333906e+14
1.296445746480329062e+14
1.234315853840077812e+14
1.176034321509137500e+14
1.121363590003054375e+14
1.070081535680963438e+14
1.021979887364945625e+14
9.768613176506431250e+13
9.345373058494112500e+13
8.948277945614690625e+13
8.575616339600282812e+13
8.225769812262178125e+13
7.897214844143843750e+13
7.588521698707479688e+13
7.298352643355932812e+13
7.025462649496731250e+13
6.768701231071658594e+13
6.527011815726264062e+13
6.299425481917198438e+13
6.085047424096285156e+13
5.883040852229873438e+13
5.692617380971322656e+13
5.513034806058927344e+13
5.343594538432850781e+13
5.183636950931655469e+13
5.032540721486214062e+13
4.889727145358976562e+13
4.754662898845625781e+13
4.626857720698913281e+13
4.505859938257183594e+13
4.391252421903615625e+13
4.282648715742840625e+13
4.179689218755223438e+13
4.082037456958110938e+13
3.989376661835442969e+13
3.901407733358919531e+13
3.817848671355085938e+13
3.738434389669883594e+13
3.662916014049910156e+13
3.591058991975145312e+13
3.522640752265684375e+13
3.457449943634003516e+13
3.395287291870205859e+13
3.335966269272016797e+13
3.279313118151737891e+13
3.225166633164965234e+13
3.173377473873552344e+13
3.123806936157511719e+13
3.076325442774865625e+13
3.030811130867799219e+13
2.987149120706025000e+13
2.945231557906606641e+13
2.904957771409166016e+13
2.866233940355794141e+13
2.828972252886618359e+13
2.793089953844021094e+13
2.758508774006854297e+13
2.725154884181636719e+13
2.692959004606724219e+13
2.661856389554848438e+13
2.631786717167558594e+13
2.602693874590455469e+13
2.574525614614646875e+13
2.547233122418017578e+13
2.520770577523100000e+13
2.495094908975189844e+13
2.470165744750412500e+13
2.445945285738935547e+13
2.422398046543467188e+13
2.399490611128712500e+13
2.377191486184957812e+13
2.355471031459008984e+13
2.334301360905183594e+13
2.313656191456098438e+13
2.293510722598505469e+13
2.273841558287207422e+13
2.254626632484156250e+13
2.235845137637668750e+13
2.217477457225142578e+13
2.199505097993314453e+13
2.181910620933071094e+13
2.164677560897094531e+13
2.147790339163689062e+13
2.131234188478877734e+13
2.114995101736941797e+13
2.099059805707616406e+13
2.083415740753447266e+13
2.068051027212761328e+13
2.052954429066765625e+13
2.038115315992630469e+13
2.023523622963283594e+13
2.009169820666749219e+13
1.995044890154688281e+13
1.981140292884017969e+13
1.967447939339733594e+13
1.953960158499214844e+13
1.940669670622734375e+13
1.927569563270598828e+13
1.914653270959435156e+13
1.901914559031426562e+13
1.889347508873561719e+13
1.876946503661885938e+13
1.864706212114381641e+13
1.852621569656489453e+13
1.840687762096207031e+13
1.828900211002782031e+13
1.817254556789125391e+13
1.805746643127477734e+13
1.794372504797810938e+13
1.783128357099841797e+13
1.772010587078049219e+13
1.761015745925038281e+13
1.750140541107383203e+13
1.739381828217129688e+13
1.728736603639032812e+13
1.718201997170177930e+13
1.707775263382969922e+13
1.697453774068648047e+13
1.687235012225656836e+13
1.677116566179153320e+13
1.667096124579170508e+13
1.657171472395181250e+13
1.647340486712502539e+13
1.637601131770305273e+13
1.627951453743092188e+13
1.618389576132522070e+13
1.608913696116457617e+13
1.599522081558222070e+13
1.590213068040667383e+13
1.580985055655121484e+13
1.571836505873622070e+13
1.562765938485270117e+13
1.553771928592476562e+13
1.544853103948150000e+13
1.536008142508871680e+13
1.527235770113329492e+13
1.518534758245807227e+13
1.509903921862662695e+13
1.501342117301860352e+13
1.492848240281234570e+13
1.484421224028037695e+13
1.476060037472376172e+13
1.467763683564858789e+13
1.459531197778308203e+13
1.451361646681950195e+13
1.443254126538547070e+13
1.435207761934444922e+13
1.427221704467667188e+13
1.419295131517375391e+13
1.411427245091498438e+13
1.403617270750591406e+13
1.395864456589909766e+13
1.388168072263774414e+13
1.380527408023992969e+13
1.372941773790615039e+13
1.365410498306384180e+13
1.357932928340558594e+13
1.350508427925106250e+13
1.343136377628951367e+13
1.335816173860460742e+13
1.328547228194005469e+13
1.321328966724380273e+13
1.314160829457456836e+13
1.307042269739547070e+13
1.299972753723800586e+13
1.292951759854997070e+13
1.285978778370987891e+13
1.279053310833172852e+13
1.272174869679184961e+13
1.265342977794909375e+13
1.258557168107077148e+13
1.251816983196930469e+13
1.245121974935006641e+13
1.238471704131493945e+13
1.231865740200606055e+13
1.225303660839304492e+13
1.218785051721662305e+13
1.212309506207919922e+13
1.205876625068459961e+13
1.199486016220948047e+13
1.193137294479107422e+13
1.186830081313670117e+13
1.180564004624166406e+13
1.174338698521522461e+13
1.168153803119379492e+13
1.162008964333422266e+13
1.155903833690253906e+13
1.149838068144468750e+13
1.143811329902536719e+13
1.137823286254601562e+13
1.131873609414405469e+13
1.125961976365826953e+13
1.120088068716240430e+13
1.114251572556794727e+13
1.108452178328647070e+13
1.102689580694616406e+13
1.096963478415746484e+13
1.091273574233177930e+13
1.085619574755396680e+13
1.080001190350397070e+13
1.074418135042347070e+13
1.068870126412624805e+13
1.063356885505101953e+13
1.057878136735465820e+13
1.052433607804192969e+13
1.047023029612960938e+13
1.041646136184507031e+13
1.036302664585676953e+13
1.030992354853602539e+13
1.025714949925030664e+13
1.020470195568630469e+13
1.015257840320017188e+13
1.010077635419434180e+13
1.004929334751774609e+13
9.998126947888882812e+12
9.947274745341843750e+12
9.896734354694716797e+12
9.846503415039917969e+12
9.796579589254373047e+12
9.746960563528986328e+12
9.697644046916474609e+12
9.648627770896578125e+12
9.599909488957300781e+12
9.551486976191685547e+12
9.503358028910035156e+12
9.455520464266287109e+12
9.407972119898535156e+12
9.360710853582718750e+12
9.313734542899339844e+12
9.267041084911607422e+12
9.220628395854992188e+12
9.174494410837566406e+12
9.128637083550806641e+12
9.083054385990269531e+12
9.037744308185607422e+12
8.992704857939546875e+12
8.947934060575351562e+12
8.903429958692605469e+12
8.859190611930630859e+12
8.815214096739876953e+12
8.771498506160226562e+12
8.728041949606426758e+12
8.684842552660151367e+12
8.641898456868383789e+12
8.599207819547625000e+12
8.556768813593980469e+12
8.514579627298589844e+12
8.472638464168060547e+12
8.430943542750135742e+12
8.389493096463738281e+12
8.348285373433809570e+12
8.307318636330328125e+12
8.266591162211464844e+12
8.226101242370652344e+12
8.185847182187443359e+12
8.145827300982030273e+12
