8.204533196695766449e+08
5.281703601004314575e+11
2.146776626622344666e+11
3.540802061442277832e+11
2.804285585412222290e+11
1.856088248833015137e+11
1.315141066087842560e+11
1.350097738518397217e+11
1.641460459509519958e+11
1.453280609128175659e+11
8.555285963847621155e+10
6.554491401701912689e+10
9.233565233679423523e+10
9.686965115552339172e+10
6.348273077734970093e+10
4.215544650814703369e+10
5.373122842970152283e+10
6.338812766401460266e+10
4.866798947534997559e+10
3.072923333724521637e+10
2.983586683780858612e+10
3.623515355677017975e+10
3.533957802396634674e+10
2.891797199092769241e+10
2.349038952781484604e+10
1.953162383515326309e+10
1.778361946310050583e+10
2.005293300051805878e+10
2.181365781307260132e+10
1.707729370407163048e+10
1.009741850287613487e+10
9.553029708491949081e+09
1.376134755531058693e+10
1.406375897896272469e+10
9.667189652018741608e+09
6.846668627017131805e+09
7.295730958103274345e+09
7.863582195921289444e+09
7.534744619267034531e+09
6.864042730408998489e+09
5.409201780343660355e+09
4.107127122618139744e+09
4.600104928691573143e+09
5.391624423111522675e+09
4.393080157062376976e+09
3.089905986070777416e+09
3.233381054733428001e+09
3.544651588909026623e+09
3.017674132106491089e+09
2.662712538912467957e+09
2.712321138711425781e+09
2.428643058755849838e+09
2.090120759198365927e+09
2.133925692640539646e+09
2.103172685903145552e+09
1.860709315761772633e+09
1.757069243473155975e+09
1.666110352646735430e+09
1.489445749798579454e+09
1.516464466547150612e+09
1.578033699837098598e+09
1.347260435589837551e+09
1.160246549950666428e+09
1.266824576892557383e+09
1.316548563685883522e+09
1.177178149788218260e+09
1.070535778669970512e+09
1.050035800354707599e+09
1.079643320323954344e+09
1.099572137355086327e+09
1.001965783536124587e+09
9.084896990114864111e+08
9.668974360795537233e+08
1.002549945902398109e+09
9.147629794440895319e+08
8.717713672620600462e+08
9.010844825010405779e+08
8.948955909291889668e+08
8.683226830363078117e+08
8.559057707633349895e+08
8.431236775473723412e+08
8.390889414548537731e+08
8.373067559841353893e+08
8.250349492062460184e+08
8.175825917856873274e+08
8.113872890109858513e+08
8.043423082294253111e+08
8.070594540741724968e+08
8.024146942278418541e+08
7.891253388758066893e+08
7.888142388932634592e+08
7.919849880116239786e+08
7.865930931987457275e+08
7.805800793055827618e+08
7.774559340643268824e+08
7.783548745246556997e+08
7.789893751321753263e+08
7.729406097806121111e+08
7.691598135063002110e+08
7.720886904086401463e+08
7.714154642478432655e+08
7.671624348374236822e+08
7.660278043680255413e+08
7.663729400264656544e+08
7.660454813735369444e+08
7.644425866558263302e+08
7.626596265798017979e+08
7.629506416938930750e+08
7.628401878104327917e+08
7.615474397089722157e+08
7.609005360002073050e+08
7.604236453915201426e+08
7.602965771613935232e+08
7.599377289478361607e+08
7.590850668141324520e+08
7.588099955391387939e+08
7.586357738993887901e+08
7.584200494594063759e+08
7.580205815464870930e+08
7.574184202881444693e+08
7.574735931893543005e+08
7.574762200697044134e+08
7.568521759984022379e+08
7.565661875935407877e+08
7.566768344417967796e+08
7.564830343506044149e+08
7.560698247447639704e+08
7.559064772531043291e+08
7.559324213458075523e+08
7.557083599565857649e+08
7.554241551204812527e+08
7.553609391827549934e+08
7.552397959407637119e+08
7.550785025282894373e+08
7.549235127150431871e+08
7.547685912386095524e+08
7.546905599720897675e+08
7.545527338725494146e+08
7.543997597025713921e+08
7.542788852936575413e+08
7.541733394246207476e+08
7.540745133499625921e+08
7.539125521896706820e+08
7.538007155938777924e+08
7.537238741287443638e+08
7.535838039331624508e+08
7.534620918072217703e+08
7.533579508641402721e+08
7.532554801279990673e+08
7.531418082034689188e+08
7.530122393954153061e+08
7.529186770050464869e+08
7.528145894572393894e+08
7.526914114384557009e+08
7.525824862280590534e+08
7.524810869435973167e+08
7.523734130260219574e+08
7.522543516521499157e+08
7.521508582845456600e+08
7.520457839205114841e+08
7.519320975654523373e+08
7.518242420932834148e+08
7.517147162842046022e+08
7.516080308382916451e+08
7.514977516630489826e+08
7.513865504566731453e+08
7.512792883476667404e+08
7.511694521701927185e+08
7.510598365108640194e+08
7.509481896194715500e+08
7.508391739685021639e+08
7.507305521591358185e+08
7.506170078257862329e+08
7.505068195417984724e+08
7.503977288578072786e+08
7.502848996346215010e+08
7.501725176804041862e+08
7.500624627768243551e+08
7.499498907531739473e+08
7.498366862426635027e+08
7.497249979687664509e+08
7.496118436938544512e+08
7.494987444830479622e+08
7.493852201177815199e+08
7.492714952907615900e+08
7.491577476165889502e+08
7.490433925410751104e+08
7.489286894447933435e+08
7.488139294183336496e+08
7.486991663339731693e+08
7.485832811023708582e+08
7.484677381243093014e+08
7.483520480979802608e+08
7.482354928468612432e+08
7.481189729687336683e+08
7.480022622333314419e+08
7.478851306970390081e+08
7.477675993207267523e+08
7.476499773798274994e+08
7.475320380509924889e+08
7.474136891362310648e+08
7.472951332650537491e+08
7.471763052296390533e+08
7.470571919987279177e+08
7.469377049108177423e+08
7.468180244161350727e+08
7.466980445464324951e+08
7.465777470199010372e+08
7.464571518867172003e+08
7.463363366169291735e+08
7.462151962857725620e+08
7.460937429243490696e+08
7.459720663982974291e+08
7.458500768702747822e+08
7.457278027357597351e+08
7.456052440634791851e+08
7.454824306408987045e+08
7.453593124554163218e+08
7.452359149954828024e+08
7.451122538867301941e+08
7.449883071527206898e+08
7.448640798887336254e+08
7.447395726997928619e+08
7.446148068796242476e+08
7.444897459054228067e+08
7.443644165210355520e+08
7.442388180968594551e+08
7.441129430646497011e+08
7.439867894455603361e+08
7.438603713254370689e+08
7.437336806410424709e+08
7.436067146686664820e+08
7.434794807930623293e+08
7.433519802721970081e+08
7.432242078650372028e+08
7.430961649213268757e+08
7.429678612601816654e+08
7.428392850737606287e+08
7.427104439484019279e+08
7.425813385378603935e+08
7.424519678785645962e+08
7.423223317783915997e+08
7.421924330910438299e+08
7.420622717725079060e+08
7.419318475776740313e+08
7.418011613642891645e+08
7.416702152003173828e+08
7.415390084067003727e+08
7.414075408875931501e+08
7.412758155711935759e+08
7.411438316281501055e+08
7.410115888609473705e+08
7.408790900684057474e+08
7.407463343931165934e+08
7.406133223813284636e+08
7.404800554920587540e+08
7.403465338866721392e+08
7.402127580639128685e+08
7.400787287324333191e+08
7.399444468420337439e+08
7.398099124637126923e+08
7.396751265232629776e+08
7.395400895649307966e+08
7.394048022904864550e+08
7.392692649881397486e+08
7.391334785923004150e+08
7.389974436170089245e+08
7.388611604661058187e+08
7.387246299074809551e+08
7.385878526058689356e+08
7.384508288652858734e+08
7.383135594988248348e+08
7.381760450617032051e+08
7.380382860462059975e+08
7.379002830276937485e+08
7.377620367422543764e+08
7.376235475361673832e+08
7.374848161271895170e+08
7.373458430529477596e+08
7.372066288484686613e+08
7.370671740937249660e+08
7.369274793575619459e+08
7.367875451965640783e+08
7.366473721459095478e+08
7.365069607751965523e+08
7.363663116652134657e+08
7.362254252962323427e+08
7.360843022824007273e+08
7.359429431452816725e+08
7.358013484166768789e+08
7.356595186531666517e+08
7.355174544029690027e+08
7.353751561765893698e+08
7.352326245369132757e+08
7.350898600073767900e+08
7.349468631172689199e+08
7.348036344009345770e+08
7.346601743911383152e+08
7.345164836060211658e+08
7.343725625745728016e+08
