9.146186867988603115e+08
5.379889974903408813e+11
2.296061354877118530e+11
3.609801926826008301e+11
2.947304438463641357e+11
1.942370660765512085e+11
1.369889420710902863e+11
1.423269414133812256e+11
1.689954381193025208e+11
1.503594189052781372e+11
9.346392691436778259e+10
6.964450676261865234e+10
9.087698161673779297e+10
9.885655554444828796e+10
7.188376866838795471e+10
4.796170643577120209e+10
5.194276044380771637e+10
6.098162300453218079e+10
5.228693595324037170e+10
3.695772090919047546e+10
3.207290423880519104e+10
3.446771930472101593e+10
3.456210812660401154e+10
3.145300468339196396e+10
2.675254343248397827e+10
2.054210109577102280e+10
1.710930753791133690e+10
2.012844610019147873e+10
2.325500221442833710e+10
1.851968105182588959e+10
1.064392734008534050e+10
9.649827439599550247e+09
1.408158006753680038e+10
1.475196693425253105e+10
1.038930819446457481e+10
7.244593257409870148e+09
7.505654892768781662e+09
8.236106546505800247e+09
7.963270554475755692e+09
7.134499915631134033e+09
5.720272496068037987e+09
4.494738724702451706e+09
4.764880473341436386e+09
5.488162814077918053e+09
4.771701167714133263e+09
3.449945947651896000e+09
3.253479101913647175e+09
3.604496081903954506e+09
3.365026798178282738e+09
2.931414539567451954e+09
2.739227689583458900e+09
2.501181839250734329e+09
2.318924259040365219e+09
2.342852689113895893e+09
2.201667923487283707e+09
1.928951958104642391e+09
1.888749754188340902e+09
1.845344768225836754e+09
1.621550809005494356e+09
1.587693420207070589e+09
1.674949556575691462e+09
1.492924567298945665e+09
1.286554486589884043e+09
1.353934898526377916e+09
1.410756916917563915e+09
1.290691288533441067e+09
1.180672911057939768e+09
1.152088730361696720e+09
1.174956225560233355e+09
1.191485476189266682e+09
1.104831118793902397e+09
1.015004735863439083e+09
1.056733183962980390e+09
1.089183222870939255e+09
1.016801001924260736e+09
9.716518206096493006e+08
9.866270205780271292e+08
9.852180698525960445e+08
9.679286797057167292e+08
9.474119170296585560e+08
9.290722376179112196e+08
9.326116200134193897e+08
9.321335085929027796e+08
9.129072327506525517e+08
9.054039092781990767e+08
9.044322953277643919e+08
8.961349501365405321e+08
8.941926193574042320e+08
8.911108262141674757e+08
8.809451190907830000e+08
8.786917813815447092e+08
8.795444745239748955e+08
8.754002278533051014e+08
8.711185934009944201e+08
8.666019803890938759e+08
8.658773401089526415e+08
8.679917665044358969e+08
8.626085603339420557e+08
8.574214929250652790e+08
8.601097363499153852e+08
8.602326194392621517e+08
8.560620703607807159e+08
8.540908278893105984e+08
8.544252445989464521e+08
8.548475738638888597e+08
8.528112167784633636e+08
8.504936111829969883e+08
8.513030138792480230e+08
8.513839861171991825e+08
8.494994920416237116e+08
8.488783145590338707e+08
8.488646220856550932e+08
8.484196940922000408e+08
8.478742286277146339e+08
8.472246014671124220e+08
8.469472597342032194e+08
8.467486696083387136e+08
8.463406910769414902e+08
8.460301953028348684e+08
8.456212855677990913e+08
8.453841439674249887e+08
8.453697230517965555e+08
8.449741438406813145e+08
8.445459632846505642e+08
8.445413850512719154e+08
8.444796776172231436e+08
8.440644835672453642e+08
8.437934498001744747e+08
8.438474733975671530e+08
8.436668100532180071e+08
8.433273611346938610e+08
8.432362923667556047e+08
8.431551562936576605e+08
8.429731407722287178e+08
8.427829605656604767e+08
8.426411187530462742e+08
8.425658289288678169e+08
8.424042555304986238e+08
8.422315934755164385e+08
8.421316638538188934e+08
8.420119712414203882e+08
8.418785858047802448e+08
8.417367559136095047e+08
8.416185958166470528e+08
8.415120303993653059e+08
8.413776519957050085e+08
8.412525195362160206e+08
8.411336318795200586e+08
8.410214211989589930e+08
8.409034410828770399e+08
8.407714438033794165e+08
8.406590956416074038e+08
8.405512728926174641e+08
8.404264279204683304e+08
8.403010904405211210e+08
8.401933027704272270e+08
8.400818401541808844e+08
8.399519079881229401e+08
8.398370875561078787e+08
8.397296253541147709e+08
8.396055207864141464e+08
8.394857391958514452e+08
8.393735227591061592e+08
8.392560144303280115e+08
8.391354834086658955e+08
8.390187230334218740e+08
8.389023389500465393e+08
8.387825631730209589e+08
8.386652746186627150e+08
8.385460132805896997e+08
8.384267639801957607e+08
8.383097763166220188e+08
8.381885988841569424e+08
8.380686540467104912e+08
8.379506299090079069e+08
8.378297643245828152e+08
8.377082707585562468e+08
8.375886189482334852e+08
8.374680234971480370e+08
8.373456826435010433e+08
8.372242442591390610e+08
8.371030446940712929e+08
8.369804375333155394e+08
8.368575120179420710e+08
8.367352262758008242e+08
8.366120415198477507e+08
8.364883272867951393e+08
8.363646481686614752e+08
8.362406559726765156e+08
8.361162876723760366e+08
8.359913688630104065e+08
8.358664687489843369e+08
8.357411788782953024e+08
8.356154000003091097e+08
8.354894443174968958e+08
8.353631399372504950e+08
8.352365838005151749e+08
8.351095814324918985e+08
8.349822910559480190e+08
8.348548283813434839e+08
8.347269038977965117e+08
8.345986248556028605e+08
8.344701961132177114e+08
8.343413714253017902e+08
8.342121489432570934e+08
8.340827337526580095e+08
8.339529829212023020e+08
8.338228654709588289e+08
8.336924556354391575e+08
8.335617847543071508e+08
8.334307501555809975e+08
8.332994019242850542e+08
8.331677821055592299e+08
8.330358361131658554e+08
8.329035687362827063e+08
8.327710050814750195e+08
8.326381468542554379e+08
8.325049616032134295e+08
8.323714824241278172e+08
8.322376940569609404e+08
8.321036121835229397e+08
8.319692152406202555e+08
8.318345139927966595e+08
8.316995302963941097e+08
8.315642260160679817e+08
8.314286254927322865e+08
8.312927341500698328e+08
8.311565390996723175e+08
8.310200391530535221e+08
8.308832530373407602e+08
8.307461663134037256e+08
8.306087795425114632e+08
8.304711022818497419e+08
8.303331313567535877e+08
8.301948626303303242e+08
8.300563032236539125e+08
8.299174526571933031e+08
8.297783083010792732e+08
8.296388744437505007e+08
8.294991493524945974e+08
8.293591364431540966e+08
8.292188334079763889e+08
8.290782416994438171e+08
8.289373648766666651e+08
8.287961996059192419e+08
8.286547477646720409e+08
8.285130126844753027e+08
8.283709914540562630e+08
8.282286859199322462e+08
8.280860983338595629e+08
8.279432274898201227e+08
8.278000740535072088e+08
8.276566403722350597e+08
8.275129254697396755e+08
8.273689304713207483e+08
8.272246564190009832e+08
8.270801035801168680e+08
8.269352726976317167e+08
8.267901643193506002e+08
8.266447794049370289e+08
8.264991182796967030e+08
8.263531816452878714e+08
8.262069702227448225e+08
8.260604847531878948e+08
8.259137254592771530e+08
8.257666934048857689e+08
8.256193890977611542e+08
8.254718129487848282e+08
8.253239658001862764e+08
8.251758483383048773e+08
8.250274608430823088e+08
8.248788042660216093e+08
8.247298790882698298e+08
8.245806858691715002e+08
8.244312252655929327e+08
8.242814979401386976e+08
8.241315043648363352e+08
8.239812452410963774e+08
8.238307211271257401e+08
8.236799326247677803e+08
8.235288803062074184e+08
8.233775647902916670e+08
8.232259866572562456e+08
8.230741464665659666e+08
8.229220448241455555e+08
8.227696823284604549e+08
8.226170594991627932e+08
8.224641769716159105e+08
8.223110352949317694e+08
8.221576350325473547e+08
8.220039767650190592e+08
8.218500610678007603e+08
8.216958884833343029e+08
8.215414595939314365e+08
8.213867749575922489e+08
8.212318351236904860e+08
8.210766406581352949e+08
8.209211921176767349e+08
8.207654900466949940e+08
8.206095350022523403e+08
