2.164701766843695164e+09
5.272987953736251831e+11
1.908520747365558472e+11
3.936461873942102051e+11
2.635745782410100098e+11
1.485389902495730591e+11
1.370039823844520569e+11
1.604024297620444336e+11
1.656821502467953796e+11
1.307365019859689178e+11
7.901596883811312866e+10
6.587165320134631348e+10
9.302649574023242188e+10
1.017506257169810944e+11
7.078460190082119751e+10
4.103013789275609589e+10
4.353399444058130646e+10
5.807511496014598083e+10
5.597812118231885529e+10
4.095558280192814636e+10
3.053145353287289810e+10
2.887139268582587433e+10
3.107592691979890823e+10
3.304671137004456711e+10
3.011614831149640656e+10
2.112636060337565231e+10
1.488479987715994072e+10
1.869784433318727112e+10
2.425391360111210251e+10
1.995450942340057373e+10
1.088698618602463722e+10
9.729937950532947540e+09
1.499953688438173866e+10
1.552162760300263596e+10
1.034434592239113808e+10
7.602833955316664696e+09
9.013242313372259140e+09
9.662728476480611801e+09
8.353082608744819641e+09
7.339597670775761604e+09
6.663815476967893600e+09
5.848505931801452637e+09
5.947138020245718956e+09
6.399387388083743095e+09
5.474697900304386139e+09
4.213340459906646252e+09
4.468579272046788216e+09
5.049431452480819702e+09
4.397683213672982216e+09
3.610886796078181744e+09
3.714379302020959377e+09
3.872222361539498806e+09
3.589491866531890869e+09
3.310337207739063263e+09
3.148222986012557983e+09
3.084075686486758232e+09
3.151139665719509125e+09
3.008725988845474720e+09
2.674565515700420380e+09
2.685582407976982594e+09
2.868626004405976295e+09
2.677047577390540600e+09
2.416790405398715496e+09
2.498132766355217457e+09
2.582570261565891743e+09
2.441130812731148243e+09
2.329938501713615417e+09
2.340390667584719181e+09
2.355474483106511116e+09
2.329609853881215096e+09
2.257141865014171124e+09
2.209417431455316544e+09
2.244448448894216061e+09
2.245163138938212395e+09
2.170707800274887085e+09
2.151891253891510963e+09
2.180443593056123257e+09
2.157535714082109451e+09
2.124106121569848299e+09
2.123254388447965622e+09
2.119042773207802773e+09
2.109165507147946358e+09
2.099742039974236250e+09
2.086640939449928522e+09
2.086307444749333382e+09
2.085717593815661907e+09
2.070192916218805790e+09
2.065789901777681112e+09
2.070291618516894579e+09
2.061915117889535904e+09
2.053411604690814257e+09
2.054096705906657219e+09
2.053768576642704725e+09
2.048413901924687386e+09
2.042690710027652740e+09
2.043211487690120220e+09
2.044083839905521870e+09
2.037922620715129137e+09
2.035034221655418158e+09
2.037285400771654367e+09
2.034792629358814240e+09
2.031416218174471855e+09
2.031324924946614742e+09
2.030481347363857746e+09
2.029215951652567387e+09
2.027960972422904015e+09
2.026585008324261189e+09
2.026508259513753653e+09
2.025641877439142227e+09
2.024036170320119143e+09
2.023924379957235098e+09
2.023370527452583790e+09
2.022142309391906500e+09
2.021859082436105251e+09
2.021349639503582001e+09
2.020478186576588631e+09
2.020064826743042707e+09
2.019649252560125113e+09
2.019038067744907379e+09
2.018483944027254820e+09
2.018130816130733013e+09
2.017696798113013268e+09
2.017155305456912994e+09
2.016785198682630539e+09
2.016356003614897490e+09
2.015959866681061983e+09
2.015601704754792690e+09
2.015089614066204786e+09
2.014782937698304892e+09
2.014477477991686583e+09
2.013956227932338953e+09
2.013631632010142326e+09
2.013346245006476641e+09
2.012901896488084793e+09
2.012537347953046322e+09
2.012226922429809332e+09
2.011858709311724663e+09
2.011483610262225389e+09
2.011147487656794548e+09
2.010811112126098633e+09
2.010441361152710915e+09
2.010099991750653028e+09
2.009766354465277910e+09
2.009404464577700138e+09
2.009061724984810114e+09
2.008725257390332222e+09
2.008375101006566525e+09
2.008022189564230680e+09
2.007685236894100666e+09
2.007345754889784813e+09
2.006983954640291452e+09
2.006644439090446711e+09
2.006307898267556667e+09
2.005947960502110958e+09
2.005601024923735619e+09
2.005261713553552389e+09
2.004908008951037645e+09
2.004554083095889568e+09
2.004210037979189873e+09
2.003859008812828064e+09
2.003502249318511486e+09
2.003152998718188524e+09
2.002801080957269430e+09
2.002443026968444347e+09
2.002089574605678797e+09
2.001735335595123291e+09
2.001375214101009130e+09
2.001018648116579533e+09
2.000661679379316330e+09
2.000299013873051643e+09
1.999939391667465925e+09
1.999579534713403225e+09
1.999214583365086317e+09
1.998851466246214867e+09
1.998488631452445030e+09
1.998121557774667978e+09
1.997754853504078388e+09
1.997389037457678556e+09
1.997019361789733410e+09
1.996649814869544268e+09
1.996280479398902893e+09
1.995908179393684864e+09
1.995536051361609221e+09
1.995162954183619738e+09
1.994788317265933752e+09
1.994413074361456633e+09
1.994036858879969358e+09
1.993659494141654015e+09
1.993281121658968925e+09
1.992902068266709805e+09
1.992521688267101526e+09
1.992140422656746864e+09
1.991758359770458221e+09
1.991375121968464375e+09
1.990990897747653246e+09
1.990605855826232910e+09
1.990219791155804873e+09
1.989832588527293205e+09
1.989444668567742825e+09
1.989055669357412100e+09
1.988665628970194578e+09
1.988274777930328846e+09
1.987882890213057041e+09
1.987490023008911371e+09
1.987096264585084438e+09
1.986701523008450270e+09
1.986305812568287611e+09
1.985909213035370111e+09
1.985511599967943668e+09
1.985113102516701698e+09
1.984713636151198149e+09
1.984313236186555862e+09
1.983911910284140348e+09
1.983509641208701134e+09
1.983106461663546801e+09
1.982702319191338301e+09
1.982297297775929689e+09
1.981891318928888559e+09
1.981484427986592531e+09
1.981076635044966698e+09
1.980667906397702456e+09
1.980258275108252287e+09
1.979847735222999573e+09
1.979436281282696962e+09
1.979023925117057800e+09
1.978610666681348085e+09
1.978196502190217733e+09
1.977781448052475452e+09
1.977365486233732224e+09
1.976948641339901686e+09
1.976530897735302687e+09
1.976112267409570932e+09
1.975692750727494478e+09
1.975272347626607418e+09
1.974851064076869249e+09
1.974428898464099407e+09
1.974005856810253143e+09
1.973581938368775368e+09
1.973157147403880835e+09
1.972731484178627491e+09
1.972304954152069807e+09
1.971877555169283390e+09
1.971449293222544909e+09
1.971020168821911097e+09
1.970590184209280014e+09
1.970159341319218874e+09
1.969727644037243843e+09
1.969295091807960033e+09
1.968861688908548594e+09
1.968427437158884525e+09
1.967992337440300465e+09
1.967556393480288744e+09
1.967119606464600801e+09
1.966681978648027420e+09
1.966243512257032394e+09
1.965804209507276773e+09
1.965364071893660545e+09
1.964923102439340353e+09
1.964481302159161806e+09
1.964038673952374220e+09
1.963595219408783674e+09
1.963150940700439453e+09
1.962705839808656931e+09
1.962259918921556234e+09
1.961813179733508587e+09
1.961365624575780153e+09
1.960917255318637371e+09
1.960468073804938793e+09
1.960018082285730839e+09
1.959567282561253786e+09
1.959115676574936390e+09
1.958663266434234619e+09
1.958210053937329769e+09
1.957756041100210190e+09
1.957301229858629942e+09
1.956845622107985258e+09
1.956389219788980722e+09
1.955932024820450544e+09
1.955474039082945347e+09
1.955015264494804859e+09
1.954555702938575029e+09
1.954095356292651176e+09
1.953634226460709572e+09
1.953172315261998892e+09
1.952709624608858347e+09
1.952246156335145950e+09
1.951781912280490160e+09
1.951316894312937498e+09
1.950851104243828773e+09
1.950384543915755272e+09
1.949917215148484707e+09
1.949449119756110668e+09
1.948980259549128771e+09
1.948510636335472345e+09
1.948040251905024290e+09
1.947569108051996946e+09
1.947097206561709881e+09
1.946624549212779284e+09
1.946151137777792692e+09
1.945676974019066095e+09
