1.569711231224274874e+09
5.609159986636412354e+11
1.930621492299100952e+11
3.882979442243181152e+11
2.889521769074041138e+11
1.700872427424388123e+11
1.365307978546317444e+11
1.542670559884342651e+11
1.695596653214679565e+11
1.417883148581945496e+11
8.765884857956031799e+10
7.012625035684777832e+10
9.403885067514970398e+10
1.005880682435640717e+11
7.043236645119752502e+10
4.486264843785860443e+10
5.024554432404573822e+10
6.220529711348205566e+10
5.466629621347602844e+10
3.759237853066387177e+10
3.038940325178630829e+10
3.287777581459776688e+10
3.531236546496656799e+10
3.357949538631631088e+10
2.750165922152022934e+10
1.937328417905551529e+10
1.631194771023391914e+10
2.132007971209223175e+10
2.499300175058607864e+10
1.866798928074602890e+10
9.687492228651460648e+09
9.801231945020339966e+09
1.572525621343005753e+10
1.589421706944764900e+10
1.000822457725489235e+10
6.859771082157615662e+09
8.471700544939815521e+09
9.622738190389736176e+09
8.431481639197432518e+09
7.021684456426157951e+09
6.041535919364200592e+09
5.390082392144165993e+09
5.711983836125179291e+09
6.034440085603775978e+09
4.932833812729599953e+09
3.818176665385231972e+09
4.194836914028032303e+09
4.519586553205018044e+09
3.690937495486299992e+09
3.181018937696800709e+09
3.495446694573453903e+09
3.389953159005280972e+09
2.848499837382123470e+09
2.728378892087708950e+09
2.806024183126830101e+09
2.682795731913462639e+09
2.540030969526540756e+09
2.353710097569167137e+09
2.163988607525831699e+09
2.268872478796726227e+09
2.360879362596829414e+09
2.050469143848201752e+09
1.826728294709873438e+09
2.015764075459603310e+09
2.090794166645216465e+09
1.858033364920822144e+09
1.740795669265482187e+09
1.812741523465713501e+09
1.829492838813645363e+09
1.766906080492182970e+09
1.694742736323369741e+09
1.659249907651542425e+09
1.690084250711270571e+09
1.687696282288664818e+09
1.616276794458444118e+09
1.598841839882638454e+09
1.619778311593316555e+09
1.590641979354921818e+09
1.569816472896466970e+09
1.575693394771721363e+09
1.554011332434800625e+09
1.538521241418457031e+09
1.545622751064424276e+09
1.536036768755293131e+09
1.522104258040540695e+09
1.517664986499195576e+09
1.512128899593404770e+09
1.511781547712515116e+09
1.508280572399174690e+09
1.495655353391229391e+09
1.493441219508499861e+09
1.497501940384416342e+09
1.491799034813745975e+09
1.484418747244313240e+09
1.482795513129199266e+09
1.483493274151581287e+09
1.482244248439062834e+09
1.476819346573821783e+09
1.474005470025936842e+09
1.476045629801819086e+09
1.474404427236871958e+09
1.470619945473829031e+09
1.470020438448126316e+09
1.469672032468675137e+09
1.468746825962235451e+09
1.467456042550671816e+09
1.465850347831048250e+09
1.465725763200594187e+09
1.465268399251961231e+09
1.463998667745978355e+09
1.463495718891319990e+09
1.462751867697573423e+09
1.462224510919248104e+09
1.462047114117568254e+09
1.461116621690220356e+09
1.460502631417817354e+09
1.460380857447722435e+09
1.459970522805093050e+09
1.459433856621957064e+09
1.458862873487917185e+09
1.458654637125759363e+09
1.458547642565998793e+09
1.457899960062246323e+09
1.457465037246716976e+09
1.457438932289027214e+09
1.457109895567898273e+09
1.456648845091866970e+09
1.456364854329106569e+09
1.456195666193091393e+09
1.455939655714705229e+09
1.455537984159989119e+09
1.455294651352354765e+09
1.455129942902144670e+09
1.454827956052777052e+09
1.454529650454406500e+09
1.454304100219049454e+09
1.454090670194212437e+09
1.453827826219027996e+09
1.453559910246618271e+09
1.453338984828736782e+09
1.453110592342160940e+09
1.452864576841006041e+09
1.452620858750396013e+09
1.452387534346681118e+09
1.452162244247343540e+09
1.451927577239677191e+09
1.451685514514323950e+09
1.451451734208713531e+09
1.451230482178914070e+09
1.450997961630388260e+09
1.450751809824568510e+09
1.450525543310198784e+09
1.450305651303616285e+09
1.450062323425485373e+09
1.449822966329137087e+09
1.449604133415012360e+09
1.449370324332818270e+09
1.449125381529590130e+09
1.448899982765721321e+09
1.448668912041323662e+09
1.448427320418439150e+09
1.448195929306946516e+09
1.447961128636888981e+09
1.447723438141416073e+09
1.447489182848582983e+09
1.447250963532495022e+09
1.447012652482002497e+09
1.446777036143320322e+09
1.446537797100163221e+09
1.446296676145970583e+09
1.446058782648983717e+09
1.445819290238299608e+09
1.445576334133677959e+09
1.445334894956223488e+09
1.445094557662111044e+09
1.444850629076824427e+09
1.444606049810126543e+09
1.444363805329417706e+09
1.444118577294703960e+09
1.443872298432196856e+09
1.443627210181043148e+09
1.443380363392556190e+09
1.443132851061146736e+09
1.442885006923235655e+09
1.442636367123808384e+09
1.442387142089696407e+09
1.442137313179909706e+09
1.441886539336043358e+09
1.441635392819326162e+09
1.441383805744562626e+09
1.441130906504521370e+09
1.440877854316291571e+09
1.440624248038517714e+09
1.440369574166087151e+09
1.440114467722160578e+09
1.439858820032836199e+09
1.439602417048844814e+09
1.439345259342461824e+09
1.439087669014354229e+09
1.438829342603064775e+09
1.438570339925971508e+09
1.438310739414242268e+09
1.438050501314343214e+09
1.437789650926198959e+09
1.437528089738374472e+09
1.437265956369727373e+09
1.437003203501060963e+09
1.436739773231848955e+09
1.436475721031430960e+09
1.436211084060764313e+09
1.435945784656883240e+09
1.435679858517444134e+09
1.435413326897669554e+09
1.435146175293694258e+09
1.434878394806182146e+09
1.434609981953687429e+09
1.434340995088500738e+09
1.434071353554243326e+09
1.433801112129727125e+09
1.433530264413376331e+09
1.433258803751378775e+09
1.432986730990236282e+09
1.432714048386621475e+09
1.432440775668549299e+09
1.432166882858729362e+09
1.431892391633528709e+09
1.431617306077233791e+09
1.431341617513667822e+09
1.431065325250595808e+09
1.430788446625968218e+09
1.430510969150632620e+09
1.430232895448881388e+09
1.429954234639016390e+09
1.429674982491715431e+09
1.429395140477470160e+09
1.429114711962151527e+09
1.428833698391847849e+09
1.428552100319744825e+09
1.428269919349773169e+09
1.427987156121815205e+09
1.427703816425483942e+09
1.427419894469085932e+09
1.427135397571555138e+09
1.426850326047910213e+09
1.426564678856798649e+09
1.426278459530392408e+09
1.425991670163039207e+09
1.425704309891296625e+09
1.425416381475528717e+09
1.425127886808517218e+09
1.424838826127680302e+09
1.424549201326583147e+09
1.424259014017700434e+09
1.423968265437312841e+09
1.423676956601507187e+09
1.423385089399164438e+09
1.423092664933640480e+09
1.422799684675579786e+09
1.422506149653817654e+09
1.422212061775467396e+09
1.421917421945474148e+09
1.421622231553271055e+09
1.421326492056156158e+09
1.421030204907738924e+09
1.420733370896298647e+09
1.420435991946447849e+09
1.420138069103180408e+09
1.419839603488273382e+09
1.419540596738783360e+09
1.419241049996989965e+09
1.418940964425129652e+09
1.418640341525543690e+09
1.418339182456642389e+09
1.418037488473634005e+09
1.417735260908127069e+09
1.417432500986431122e+09
1.417129209968427658e+09
1.416825389106320143e+09
1.416521039642511129e+09
1.416216162864985704e+09
1.415910759917590380e+09
1.415604832130433559e+09
1.415298380687973738e+09
1.414991406792442083e+09
1.414683911712239742e+09
1.414375896635392904e+09
1.414067362763062239e+09
1.413758311319142580e+09
1.413448743505548477e+09
1.413138660501410007e+09
1.412828063513186216e+09
1.412516953736849308e+09
1.412205332330782413e+09
1.411893200499955416e+09
1.411580559409759045e+09
1.411267410229936123e+09
1.410953754131700993e+09
1.410639592278902531e+09
1.410324925827102900e+09
1.410009755934601784e+09
