1.747692054029462576e+09
5.433866668623739624e+11
2.028320392439480896e+11
3.864068754302765503e+11
2.843061711569842529e+11
1.643042321268084106e+11
1.357526055651557465e+11
1.580761794096264954e+11
1.707099673830239258e+11
1.385867922604468384e+11
8.472836121019673157e+10
6.866837980869417572e+10
9.359295496959776306e+10
1.018995623583318024e+11
7.251944765757908630e+10
4.443598985229680634e+10
4.671681877845085144e+10
5.952618493116790771e+10
5.596715350008000946e+10
4.071311570994268799e+10
3.114225142886399078e+10
3.056212772247204971e+10
3.292139490476198578e+10
3.367915204231454086e+10
2.943365867878015900e+10
2.062029445380608749e+10
1.560562474220020676e+10
1.981116739619814301e+10
2.455627913244382858e+10
1.962258023930163193e+10
1.071312912631189537e+10
9.759124671377155304e+09
1.497036046124569130e+10
1.560659771971477699e+10
1.055571216112913704e+10
7.463104619793923378e+09
8.469473938524045944e+09
9.349089561963058472e+09
8.495108786766613960e+09
7.383611672913216591e+09
6.280652687480547905e+09
5.389374343215957642e+09
5.716714013027320862e+09
6.253105682201893806e+09
5.236387147160606384e+09
3.907298981942460537e+09
4.129515822519107819e+09
4.691912693185412407e+09
4.085837904987093925e+09
3.343774824191049099e+09
3.403275232039311886e+09
3.498833178931147099e+09
3.213746747014477253e+09
2.959512969867786407e+09
2.819876560961254597e+09
2.758189412974086761e+09
2.779120832140035152e+09
2.599515987202891827e+09
2.306240429044872284e+09
2.360196150219687462e+09
2.506704340334537506e+09
2.270371968673422337e+09
2.028783774151498556e+09
2.140454919165249586e+09
2.214313351854234695e+09
2.051799086740524054e+09
1.941716989759733677e+09
1.959126865365577698e+09
1.972525953918767929e+09
1.946060992525554419e+09
1.873554941149970531e+09
1.820094156527399540e+09
1.852183333869324446e+09
1.857316015702391863e+09
1.786964847221478224e+09
1.764483887210419655e+09
1.784467641531237841e+09
1.762939495939133883e+09
1.739504033793494463e+09
1.736614135336402893e+09
1.722151944970065117e+09
1.713234763372526646e+09
1.711450537605435133e+09
1.698696566405759335e+09
1.691747223474710941e+09
1.688681465955311775e+09
1.679258159218713522e+09
1.677231781525418997e+09
1.675531645527580500e+09
1.665618971192092896e+09
1.662137970241086483e+09
1.662987748823548079e+09
1.658928635585400820e+09
1.654173793965969801e+09
1.650511222104799747e+09
1.649888557671264887e+09
1.650238551796498775e+09
1.644868519808253050e+09
1.641427667107448578e+09
1.643708860477306128e+09
1.641794422452669859e+09
1.637936553606416702e+09
1.637743391307109833e+09
1.637259296440396070e+09
1.635920413995959997e+09
1.634643806633089304e+09
1.633428909220907927e+09
1.633204069169192076e+09
1.632305576876055002e+09
1.631174962430593729e+09
1.630900788078169346e+09
1.629986728079236984e+09
1.629286719786367178e+09
1.629134021680021286e+09
1.628301762537352085e+09
1.627596514507416010e+09
1.627362651135447979e+09
1.626987014327924252e+09
1.626388803037322760e+09
1.625812568677302122e+09
1.625622541709979057e+09
1.625341607277520895e+09
1.624709575861171722e+09
1.624383200128018856e+09
1.624183445306000948e+09
1.623782556469133377e+09
1.623419244384783745e+09
1.623066110750898123e+09
1.622813423067202568e+09
1.622552952603648424e+09
1.622130911040099859e+09
1.621863820925990582e+09
1.621640856671113729e+09
1.621301401135051012e+09
1.621000474497954369e+09
1.620733042775668383e+09
1.620473877688197613e+09
1.620181509084926844e+09
1.619891425687877893e+09
1.619639432225419044e+09
1.619364424204538107e+09
1.619089261712153435e+09
1.618824837947320700e+09
1.618552918350338221e+09
1.618285635736246347e+09
1.618027998491381884e+09
1.617756432748545885e+09
1.617479533043877125e+09
1.617230277383749485e+09
1.616967786034508944e+09
1.616682482241888762e+09
1.616427553524746895e+09
1.616174494778305769e+09
1.615892809392664433e+09
1.615626027450791359e+09
1.615373200834599972e+09
1.615101126471679449e+09
1.614826610819539309e+09
1.614568659565912724e+09
1.614301044666705847e+09
1.614025789636520386e+09
1.613762619242353916e+09
1.613493458047416449e+09
1.613220023699180365e+09
1.612952603363446951e+09
1.612681556222684145e+09
1.612407335597421646e+09
1.612137159140785217e+09
1.611864901681601524e+09
1.611588502454263687e+09
1.611315618296263933e+09
1.611041949120420933e+09
1.610764188974753380e+09
1.610487670129440784e+09
1.610212455672419548e+09
1.609933428709272385e+09
1.609653777079720736e+09
1.609376362308654547e+09
1.609095560196947336e+09
1.608813995347835302e+09
1.608533550933016062e+09
1.608250845330037832e+09
1.607967681249743223e+09
1.607684157426554680e+09
1.607399608877979040e+09
1.607114295751361609e+09
1.606828433922602892e+09
1.606541665501747847e+09
1.606254063852653503e+09
1.605966152811135769e+09
1.605676979054209232e+09
1.605387251505514145e+09
1.605097027144654036e+09
1.604805739955561638e+09
1.604513745056029320e+09
1.604221218687025070e+09
1.603927860559771538e+09
1.603633570811578512e+09
1.603338854413132191e+09
1.603043261313030958e+09
1.602746856656178474e+09
1.602449880606786966e+09
1.602152079159273863e+09
1.601853573745884418e+09
1.601554347371742249e+09
1.601254390620010614e+09
1.600953721040088415e+09
1.600652334622887850e+09
1.600350199773304462e+09
1.600047389455632448e+09
1.599743844872178793e+09
1.599439578465956688e+09
1.599134610096787691e+09
1.598828942714793205e+09
1.598522552760660887e+09
1.598215445256972075e+09
1.597907676279033899e+09
1.597599158602076530e+09
1.597289961729617357e+09
1.596980072244187355e+09
1.596669468628962278e+09
1.596358183810310841e+09
1.596046196139030933e+09
1.595733523395012856e+09
1.595420158168982029e+09
1.595106102145433903e+09
1.594791362503165245e+09
1.594475941942385435e+09
1.594159827854995251e+09
1.593843042998463154e+09
1.593525575263520479e+09
1.593207426860200882e+09
1.592888606247295618e+09
1.592569110960222244e+09
1.592248941435123444e+09
1.591928101924952984e+09
1.591606594471930742e+09
1.591284418070202827e+09
1.590961576617163897e+09
1.590638070990894556e+09
1.590313903778541088e+09
1.589989074569927692e+09
1.589663587472499371e+09
1.589337442445446253e+09
1.589010642433213711e+09
1.588683187000431299e+09
1.588355080804232597e+09
1.588026322954375982e+09
1.587696915540454865e+09
1.587366861689943790e+09
1.587036161125870228e+09
1.586704816195508242e+09
1.586372829051370144e+09
1.586040200324113846e+09
1.585706932090045929e+09
1.585373026047859430e+09
1.585038483301588297e+09
1.584703306005905628e+09
1.584367495052326441e+09
1.584031052602348328e+09
1.583693979822070122e+09
1.583356278319185257e+09
1.583017949676166058e+09
1.582678995508153915e+09
1.582339416995437860e+09
1.581999216036301136e+09
1.581658393954300404e+09
1.581316952161422014e+09
1.580974892319966316e+09
1.580632215869540930e+09
1.580288924165363789e+09
1.579945018854708910e+09
1.579600501308842897e+09
1.579255372994913816e+09
1.578909635388231754e+09
1.578563289952547550e+09
1.578216338083314657e+09
1.577868781273795128e+09
1.577520620921692133e+09
1.577171858482602358e+09
1.576822495349186420e+09
1.576472532957509756e+09
1.576121972733154297e+09
1.575770816043891430e+09
1.575419064325804234e+09
1.575066718973909378e+09
1.574713781346715689e+09
1.574360252869578838e+09
1.574006134907588959e+09
1.573651428826001883e+09
1.573296136016625404e+09
1.572940257834234476e+09
1.572583795635169506e+09
1.572226750790878296e+09
1.571869124640907526e+09
1.571510918537096024e+09
1.571152133821337938e+09
1.570792771830326319e+09
1.570432833898862362e+09
1.570072321353692293e+09
