1.945202054655931234e+09
5.259672354328267212e+11
1.962804438683804932e+11
3.915441610668395996e+11
2.701790324760829773e+11
1.533818795384333801e+11
1.393546290024243469e+11
1.617904160865552368e+11
1.654750851070932922e+11
1.311114037724086456e+11
8.181180385685079956e+10
6.983446415923205566e+10
9.425172913322538757e+10
1.000514229652383575e+11
6.979889703703190613e+10
4.257257430938652802e+10
4.602765557745216370e+10
5.953070489774792480e+10
5.584783268544940948e+10
3.971118383868331146e+10
2.973684042849651718e+10
3.006380623175885010e+10
3.323602415568067932e+10
3.346055436546088791e+10
2.850607238351635742e+10
2.012984757581978989e+10
1.585284390707697868e+10
1.993941247835665131e+10
2.413426477103813553e+10
1.912442733647711945e+10
1.062178168437144661e+10
1.003201459117700958e+10
1.517863863601663780e+10
1.541402287887882233e+10
1.020587540938988304e+10
7.468075622206866264e+09
8.815382148905227661e+09
9.557435482517135620e+09
8.401560331753288269e+09
7.270493996578762054e+09
6.367951740512907028e+09
5.629069724053532600e+09
5.936757287070926666e+09
6.314440888129141808e+09
5.199077969416551590e+09
4.007878660757524967e+09
4.414672069515429497e+09
4.900960988568800926e+09
4.107122996063013077e+09
3.413405449647661209e+09
3.640177352121188164e+09
3.710778785742984772e+09
3.312971229111987591e+09
3.088335000729195118e+09
3.021213837458100796e+09
2.932501460117292881e+09
2.919316255666474819e+09
2.773044700485727310e+09
2.496755752468052864e+09
2.522672557963902950e+09
2.669426465478719234e+09
2.456100914550371647e+09
2.207149596093750954e+09
2.312796269233735085e+09
2.400028849859993935e+09
2.228909071304795265e+09
2.109665439777603388e+09
2.148430125488554478e+09
2.166826914374920845e+09
2.116732082814238310e+09
2.044135116632632256e+09
2.013283121762097120e+09
2.045066780372011662e+09
2.032803529209671736e+09
1.962854228271656036e+09
1.953137770703686476e+09
1.975763847530416489e+09
1.945821563117331982e+09
1.917293981206657171e+09
1.922692299039953470e+09
1.914050481970761538e+09
1.896863165250366926e+09
1.892471804733670712e+09
1.886324432272670746e+09
1.879764559561427355e+09
1.873711506386358500e+09
1.864089353670020819e+09
1.863421266512292862e+09
1.862674187876577854e+09
1.851616987440487385e+09
1.847585920262351513e+09
1.849594097962468624e+09
1.845622887493716002e+09
1.839969742017196178e+09
1.836614710411619186e+09
1.836858706901867628e+09
1.836437709952919483e+09
1.830553710684545517e+09
1.828204501550593376e+09
1.830463946851684809e+09
1.827626271322247982e+09
1.824091162749950171e+09
1.824500737554837465e+09
1.823611433557667017e+09
1.821929708272830486e+09
1.820977498329815626e+09
1.819832031279242277e+09
1.819456903453261852e+09
1.818488892553976297e+09
1.817289063116037607e+09
1.817197996619106770e+09
1.816203263650931120e+09
1.815267279619668245e+09
1.815319169492644072e+09
1.814408054175953388e+09
1.813577980976910830e+09
1.813469990096469164e+09
1.812935806913924694e+09
1.812329826010447979e+09
1.811814178260735750e+09
1.811507721922548532e+09
1.811200814844673634e+09
1.810562493459028721e+09
1.810213029356935978e+09
1.809965268544984818e+09
1.809522142741086006e+09
1.809132900252458334e+09
1.808765006293594122e+09
1.808470243544295073e+09
1.808152396178820848e+09
1.807717166677573204e+09
1.807425245814883232e+09
1.807159383182278872e+09
1.806763483382193804e+09
1.806451883027740479e+09
1.806163291550449848e+09
1.805830916787953615e+09
1.805519447313587189e+09
1.805211387083855629e+09
1.804901983504009485e+09
1.804591674116984606e+09
1.804294343791190863e+09
1.803984180978024006e+09
1.803672216598123074e+09
1.803379685502917290e+09
1.803076412809798241e+09
1.802766473086428404e+09
1.802462600507802963e+09
1.802167762506819725e+09
1.801866078314073324e+09
1.801551522268978596e+09
1.801254544173329830e+09
1.800960433751574993e+09
1.800645597676373482e+09
1.800340178439538240e+09
1.800046953506588459e+09
1.799736491492162228e+09
1.799426414279866219e+09
1.799127414298362494e+09
1.798820299655830383e+09
1.798508993893995285e+09
1.798204464454490900e+09
1.797896475798902750e+09
1.797585009670011282e+09
1.797276926048282862e+09
1.796966320634186029e+09
1.796653756385489225e+09
1.796342600878587484e+09
1.796030333899264336e+09
1.795715119530703783e+09
1.795401137193703651e+09
1.795087155348694563e+09
1.794769625343518257e+09
1.794452259948125839e+09
1.794136395202139378e+09
1.793816645193281651e+09
1.793496319528532982e+09
1.793177841030492067e+09
1.792855791666899920e+09
1.792533270569782972e+09
1.792211469188791752e+09
1.791887190686438560e+09
1.791562629965907097e+09
1.791237424914345980e+09
1.790911067960110664e+09
1.790583924286085606e+09
1.790256012809036732e+09
1.789927196210714579e+09
1.789597365929455757e+09
1.789267074494093180e+09
1.788935517401616573e+09
1.788603239781762123e+09
1.788270313296803713e+09
1.787936268841436863e+09
1.787601439085225821e+09
1.787265861673159599e+09
1.786929431471806288e+09
1.786591953738784552e+09
1.786253892954860687e+09
1.785914895951878071e+09
1.785574955882983923e+09
1.785234345686274290e+09
1.784892800156191349e+09
1.784550442682656765e+09
1.784207262261530399e+09
1.783863243335800171e+09
1.783518408034947157e+09
1.783172742029171705e+09
1.782826236921941757e+09
1.782478944038910866e+09
1.782130806374871492e+09
1.781781853655737400e+09
1.781432097106300354e+09
1.781081519427717686e+09
1.780730137352565765e+09
1.780377928972201824e+09
1.780024943408425093e+09
1.779671127976625204e+09
1.779316515951213837e+09
1.778961114460180759e+09
1.778604900224634886e+09
1.778247898636411667e+09
1.777890097591989994e+09
1.777531508580609083e+09
1.777172128482182264e+09
1.776811954472920179e+09
1.776451003294992924e+09
1.776089264497444153e+09
1.775726737254838467e+09
1.775363442163547039e+09
1.774999359503661871e+09
1.774634503013984442e+09
1.774268876243865967e+09
1.773902472268756151e+09
1.773535302077374935e+09
1.773167361853600502e+09
1.772798656291252613e+09
1.772429186540153742e+09
1.772058954815219641e+09
1.771687961613301754e+09
1.771316212537264585e+09
1.770943704728702307e+09
1.770570443347254992e+09
1.770196430145090342e+09
1.769821665339891195e+09
1.769446151694601059e+09
1.769069892414851665e+09
1.768692886922547102e+09
1.768315138527427435e+09
1.767936649734056711e+09
1.767557420498828888e+09
1.767177454205785275e+09
1.766796752366226912e+09
1.766415316242963791e+09
1.766033148313959837e+09
1.765650250179632664e+09
1.765266623320113420e+09
1.764882270287245035e+09
1.764497191900647402e+09
1.764111390820071936e+09
1.763724868338690281e+09
1.763337626256858587e+09
1.762949666526658773e+09
1.762560990827380896e+09
1.762171600693247795e+09
1.761781498227018833e+09
1.761390684953213930e+09
1.760999162490843773e+09
1.760606932867401123e+09
1.760213997523714066e+09
1.759820358254021883e+09
1.759426016828767538e+09
1.759030974813962936e+09
1.758635233996160269e+09
1.758238795996604681e+09
1.757841662507905245e+09
1.757443835204279184e+09
1.757045315714718580e+09
1.756646105732632637e+09
1.756246206876026392e+09
1.755845620784891605e+09
1.755444349109078407e+09
1.755042393480732441e+09
1.754639755485210896e+09
1.754236436786708117e+09
1.753832438967302561e+09
1.753427763624707460e+09
1.753022412388089657e+09
1.752616386817636013e+09
1.752209688520876408e+09
1.751802319069633484e+09
1.751394280042262316e+09
1.750985573008621216e+09
1.750576199531764746e+09
1.750166161175847769e+09
1.749755459485716581e+09
1.749344096014396667e+09
1.748932072307994604e+09
1.748519389896545887e+09
1.748106050317924976e+09
