5.542351147430466250e+14
5.186805295591285625e+14
4.849314020891018125e+14
4.529618551256834375e+14
4.227300339470191250e+14
3.941830792673815000e+14
3.672660906335595000e+14
3.419226932632333750e+14
3.180964074891598125e+14
2.957318310602683125e+14
2.747743379955420938e+14
2.551692819555048438e+14
2.368610738305042812e+14
2.197925038547886562e+14
2.039043933767219375e+14
1.891355744262365312e+14
1.754233869711915625e+14
1.627047248143770625e+14
1.509173086309627812e+14
1.400007509944854531e+14
1.298971964606564688e+14
1.205516348295479844e+14
1.119120876623148594e+14
1.039297610794217188e+14
9.655910048389140625e+13
8.975763448954446875e+13
8.348562786211300000e+13
7.770570788772525000e+13
7.238260741298350000e+13
6.748308187330699219e+13
6.297597479325368750e+13
5.883227717820053906e+13
5.502502226433335938e+13
5.152902614701705469e+13
4.832062930187688281e+13
4.537755531310331250e+13
4.267888291829335156e+13
4.020507543760181250e+13
3.793800964263078906e+13
3.586095210969337500e+13
3.395846843700350000e+13
3.221629461644114844e+13
3.062120149377020312e+13
2.916086936401395312e+13
2.782377966639614453e+13
2.659914238267296094e+13
2.547687939568170703e+13
2.444763453963696094e+13
2.350277585072253516e+13
2.263438602042088281e+13
2.183524189633263672e+13
2.109877252708492969e+13
2.041898645266213672e+13
1.979038597507549609e+13
1.920790225376587109e+13
1.866686398198920703e+13
1.816298047465760156e+13
1.769232177306683203e+13
1.725130324549094922e+13
1.683668576417200781e+13
1.644558361751237500e+13
1.607545788159367383e+13
1.572408202937210547e+13
1.538949520874584570e+13
1.506996864883517773e+13
1.476398958478055469e+13
1.447025311408019727e+13
1.418765514310820312e+13
1.391528021721968359e+13
1.365238164054258008e+13
1.339835816986561719e+13
1.315272932757856250e+13
1.291510630165445312e+13
1.268515903542089258e+13
1.246258738183826367e+13
1.224710218826807031e+13
1.203841415633260547e+13
1.183622782696155664e+13
1.164024094647881055e+13
1.145014769474557031e+13
1.126564352250760938e+13
1.108643121995738867e+13
1.091222503868040625e+13
1.074275486670784570e+13
1.057776667214580469e+13
1.041702545851450586e+13
1.026031820352330078e+13
1.010745511660102734e+13
9.958268455610259766e+12
9.812609549828597656e+12
9.670345928386958984e+12
9.531359156013519531e+12
9.395542256861861328e+12
9.262796415644667969e+12
9.133028064686158203e+12
9.006147083819710938e+12
8.882065557560433594e+12
8.760696818359632812e+12
8.641955032139722656e+12
8.525755150123260742e+12
8.412013070542418945e+12
8.300645947324226562e+12
8.191572539255580078e+12
8.084713562417014648e+12
7.979991937435293945e+12
7.877332973849198242e+12
7.776664644678878906e+12
7.677917804614605469e+12
7.581026219734162109e+12
7.485926677139765625e+12
7.392559267682014648e+12
7.300867533227658203e+12
7.210798323698274414e+12
7.122301547173430664e+12
7.035330037103218750e+12
6.949839551276065430e+12
6.865788757389123047e+12
6.783139083988181641e+12
6.701854513965447266e+12
6.621901377276382812e+12
6.543248026457536133e+12
6.465864422645224609e+12
6.389721785376828125e+12
6.314792366652539062e+12
6.241049300745046875e+12
6.168466473541814453e+12
6.097018419559104492e+12
6.026680267256337891e+12
5.957427718989431641e+12
5.889237040024856445e+12
5.822085056176450195e+12
5.755949164042991211e+12
5.690807351594887695e+12
5.626638229828660156e+12
5.563421063219022461e+12
5.501135781530321289e+12
5.439762982620301758e+12
5.379283935860715820e+12
5.319680574960380859e+12
5.260935475317768555e+12
5.203031830086691406e+12
5.145953427928732422e+12
5.089684614770788086e+12
5.034210246142026367e+12
4.979515645987261719e+12
4.925586573161126953e+12
4.872409193852954102e+12
4.819970055839927734e+12
4.768256059878941406e+12
4.717254435000822266e+12
4.666952724860319336e+12
4.617338780713490234e+12
4.568400757257634766e+12
4.520127108363446289e+12
4.472506579549948242e+12
4.425528198304100586e+12
4.379181263059151367e+12
4.333455332090044434e+12
4.288340214900653809e+12
4.243825964959383301e+12
4.199902870675363770e+12
4.156561444880306641e+12
4.113792415838488770e+12
4.071586718815087891e+12
4.029935486604408203e+12
3.988830041373055664e+12
3.948261889190551270e+12
3.908222714851499512e+12
3.868704376140008789e+12
3.829698898160053223e+12
3.791198467946549805e+12
3.753195429591911621e+12
3.715682279757167969e+12
3.678651663581873047e+12
3.642096370748180176e+12
3.606009331356341309e+12
3.570383611783787109e+12
3.535212410452885742e+12
3.500489053557753418e+12
3.466206990995777344e+12
3.432359792496104980e+12
3.398941144107086914e+12
3.365944845189250488e+12
3.333364805639320312e+12
3.301195043169620117e+12
3.269429680478117676e+12
3.238062942454582520e+12
3.207089153576249023e+12
3.176502735299219238e+12
3.146298203436651855e+12
3.116470165654035645e+12
3.087013319058980469e+12
3.057922447894593750e+12
3.029192421377721680e+12
3.000818191676333984e+12
2.972794792031028320e+12
2.945117335007188477e+12
2.917781010819269531e+12
2.890781085692348145e+12
2.864112900271568359e+12
2.837771868039101562e+12
2.811753473734757812e+12
2.786053271827635742e+12
2.760666885017843750e+12
2.735590002752287109e+12
2.710818379793183594e+12
2.686347834866708984e+12
2.662174249359290039e+12
2.638293566032588867e+12
2.614701787776825195e+12
2.591394976414278320e+12
2.568369251548816895e+12
2.545620789467825684e+12
2.523145822091415527e+12
2.500940635959691895e+12
2.479001571252597656e+12
2.457325020841483887e+12
2.435907429364729492e+12
2.414745292320766113e+12
2.393835155185328613e+12
2.373173612557529785e+12
2.352757307331548828e+12
2.332582929890676758e+12
2.312647217316670410e+12
2.292946952611244141e+12
2.273478963938035645e+12
2.254240123889210938e+12
2.235227348772443359e+12
2.216437597918463867e+12
2.197867873005699707e+12
2.179515217397671143e+12
2.161376715494082031e+12
2.143449492097258057e+12
2.125730711795835449e+12
2.108217578364695557e+12
2.090907333328765625e+12
2.073797258902222900e+12
2.056884671998228516e+12
2.040166927404472900e+12
2.023641416292537354e+12
2.007305565695123291e+12
1.991156837994055664e+12
1.975192730417610352e+12
1.959410774547599365e+12
1.943808535836082031e+12
1.928383613131425293e+12
1.913133638213466553e+12
1.898056275337619141e+12
1.883149220787064209e+12
1.868410202432611328e+12
1.853836979300477783e+12
1.839427341147894043e+12
1.825179108046058838e+12
1.811090129970196045e+12
1.797158286396388184e+12
1.783381485904823242e+12
1.769757665789641602e+12
1.756284791675281738e+12
1.742960857138827393e+12
1.729783883337864502e+12
1.716751918643904785e+12
1.703863038281133301e+12
1.691115343970623047e+12
1.678506963579803711e+12
1.666036050777026855e+12
1.653700784691108643e+12
1.641499369575636963e+12
1.629430034477998535e+12
1.617491032912994629e+12
1.605680642540876709e+12
1.593997164849720215e+12
1.582438924842023193e+12
1.571004270725372803e+12
1.559691573607085449e+12
1.548499227192778320e+12
1.537425647488753418e+12
1.526469272508163330e+12
1.515628561980867188e+12
1.504901997066949951e+12
1.494288080073814941e+12
1.483785334176759277e+12
1.473392303142964355e+12
1.463107551058850830e+12
1.452929662060728027e+12
1.442857240068709473e+12
1.432888908523845215e+12
1.423023310128424805e+12
1.413259106589329102e+12
1.403594978364470703e+12
1.394029624412255859e+12
1.384561761943947998e+12
1.375190126179068115e+12
1.365913470103584717e+12
1.356730564231030273e+12
1.347640196366365967e+12
1.338641171372672607e+12
1.329732310940553955e+12
1.320912453360258301e+12
1.312180453296499512e+12
1.303535181565929199e+12
1.294975524917237305e+12
1.286500385813833252e+12
1.278108682219110596e+12
1.269799347384227783e+12
1.261571329638430420e+12
1.253423592181840820e+12
1.245355112880728271e+12
1.237364884065219971e+12
1.229451912329427979e+12
1.221615218333942871e+12
1.213853836610739014e+12
1.206166815370397949e+12
1.198553216311662354e+12
1.191012114433305176e+12
1.183542597848271729e+12
1.176143767600100830e+12
1.168814737481561035e+12
1.161554633855523926e+12
1.154362595478041992e+12
1.147237773323592529e+12
1.140179330412514160e+12
1.133186441640553467e+12
1.126258293610560059e+12
1.119394084466261230e+12
1.112593023728147705e+12
1.105854332131384766e+12
1.099177241465828247e+12
1.092560994418014526e+12
1.086004844415192017e+12
1.079508055471337036e+12
1.073069902035143921e+12
1.066689668839965332e+12
1.060366650755684692e+12
1.054100152642534180e+12
1.047889489206785034e+12
1.041733984858337280e+12
1.035632973570160156e+12
1.029585798739591797e+12
1.023591813051465576e+12
1.017650378343035522e+12
1.011760865470720825e+12
1.005922654178584595e+12
1.000135132968640259e+12
9.943976989728051758e+11
9.887097578266613770e+11
9.830707235448726807e+11
9.774800183983122559e+11
9.719370727928374023e+11
9.664413251497531738e+11
9.609922217878765869e+11
9.555892168072388916e+11
9.502317719743841553e+11
9.449193566092575684e+11
9.396514474736396484e+11
9.344275286611722412e+11
9.292470914888665771e+11
9.241096343901763916e+11
9.190146628095258789e+11
9.139616890983621826e+11
9.089502324126435547e+11
9.039798186117806396e+11
8.990499801590285645e+11
8.941602560232807617e+11
8.893101915822552490e+11
8.844993385270905762e+11
8.797272547682741699e+11
8.749935043429440918e+11
8.702976573235371094e+11
8.656392897277210693e+11
8.610179834296516113e+11
8.564333260725228271e+11
8.518849109823665771e+11
8.473723370831341553e+11
8.428952088129941406e+11
8.384531360418682861e+11
8.340457339901794434e+11
8.296726231487803955e+11
8.253334292000711670e+11
8.210277829402836914e+11
8.167553202029117432e+11
8.125156817832648926e+11
8.083085133641657715e+11
8.041334654427194824e+11
7.999901932582210693e+11
7.958783567210795898e+11
7.917976203428609619e+11
7.877476531673375244e+11
7.837281287026003418e+11
7.797387248541723633e+11
7.757791238591314697e+11
7.718490122212416992e+11
7.679480806470460205e+11
7.640760239829282227e+11
7.602325411531378174e+11
7.564173350987447510e+11
7.526301127175205078e+11
7.488705848047430420e+11
7.451384659948955078e+11
7.414334747042447510e+11
7.377553330743226318e+11
7.341037669162337646e+11
7.304785056558604736e+11
7.268792822798533936e+11
7.233058332824971924e+11
7.197578986133681641e+11
7.162352216257973633e+11
7.127375490261343994e+11
7.092646308237844238e+11
7.058162202820090332e+11
7.023920738695152588e+11
6.989919512127388916e+11
6.956156150489296875e+11
6.922628311799036865e+11
6.889333684265479736e+11
6.856269985840151367e+11
6.823434963776042480e+11
6.790826394193565674e+11
6.758442081652761230e+11
6.726279858732684326e+11
6.694337585616827393e+11
6.662613149685369873e+11
6.631104465113549805e+11
6.599809472476289062e+11
6.568726138359134521e+11
6.537852454975030518e+11
6.507186439787285156e+11
6.476726135138211670e+11
6.446469607883687744e+11
6.416414949033339844e+11
6.386560273396485596e+11
6.356903719233260498e+11
6.327443447911655273e+11
6.298177643569522705e+11
6.269104512782030029e+11
6.240222284234277344e+11
6.211529208399108887e+11
6.183023557219726562e+11
6.154703623797508545e+11
6.126567722084597168e+11
6.098614186581308594e+11
6.070841372038215332e+11
6.043247653162941895e+11
6.015831424331577148e+11
5.988591099304494629e+11
5.961525110946660156e+11
5.934631910952370605e+11
5.907909969574149170e+11
5.881357775356018066e+11
5.854973834870882568e+11
5.828756672461968994e+11
5.802704829988310547e+11
5.776816866574366455e+11
5.751091358363272705e+11
5.725526898274097900e+11
5.700122095763017578e+11
5.674875576587846680e+11
5.649785982576612549e+11
5.624851971399555664e+11
5.600072216344625244e+11
5.575445406096661377e+11
5.550970244519793701e+11
5.526645450443437500e+11
5.502469757451446533e+11
5.478441913674627075e+11
5.454560681586444702e+11
5.430824837801919556e+11
5.407233172879693604e+11
5.383784491127023926e+11
5.360477610407921753e+11
5.337311361954284058e+11
5.314284590179853516e+11
5.291396152497053223e+11
5.268644919136782227e+11
5.246029772970912476e+11
5.223549609337437744e+11
5.201203335868546753e+11
5.178989872321102295e+11
5.156908150409960327e+11
5.134957113643608398e+11
5.113135717162597046e+11
5.091442927580290527e+11
5.069877722826074219e+11
5.048439091990984497e+11
5.027126035175819092e+11
5.005937563341410522e+11
4.984872698161249390e+11
4.963930471876450806e+11
4.943109927152765503e+11
4.922410116939998779e+11
4.901830104333351440e+11
4.881368962437036743e+11
4.861025774229880371e+11
4.840799632433088379e+11
4.820689639379806519e+11
4.800694906886945190e+11
4.780814556128684692e+11
4.761047717512123413e+11
4.741393530554607544e+11
4.721851143763112183e+11
4.702419714515261841e+11
