1.743483287209594500e+15
1.687712702785915250e+15
1.633749066807670500e+15
1.581562254084220750e+15
1.531108932451735500e+15
1.482343548220289000e+15
1.435219421420547000e+15
1.389686651751457250e+15
1.345694095327297250e+15
1.303191433545181500e+15
1.262129582005904750e+15
1.222460183091411250e+15
1.184135035256438750e+15
1.147105617047388500e+15
1.111322928672595375e+15
1.076737791383629375e+15
1.043301506803444250e+15
1.010966701633690625e+15
9.796881098800841250e+14
9.494231354860342500e+14
9.201321403212925000e+14
8.917784898734370000e+14
8.643283945828622500e+14
8.377505726694787500e+14
8.120158164775082500e+14
7.870965804871722500e+14
7.629666484324183750e+14
7.396008680840676250e+14
7.169748924784341250e+14
6.950648880992230000e+14
6.738472526763078750e+14
6.532984273597708750e+14
6.333948389650777500e+14
6.141129513400762500e+14
5.954294031647886250e+14
5.773212290623780000e+14
5.597661517264641875e+14
5.427428887262705625e+14
5.262313937842611250e+14
5.102129720734412500e+14
4.946702694112580625e+14
4.795872803137008750e+14
4.649491437510348125e+14
4.507420284696160000e+14
4.369529789452290000e+14
4.235697813906084375e+14
4.105808702179775625e+14
3.979752438291001250e+14
3.857423699974621250e+14
3.738720929067101875e+14
3.623545601376907500e+14
3.511801664779588125e+14
3.403395058494208750e+14
3.298233364954345625e+14
3.196225834195206250e+14
3.097283709281711875e+14
3.001320541132913125e+14
2.908252242868027500e+14
2.817996858463983750e+14
2.730474531064640312e+14
2.645607492102019375e+14
2.563320200065857500e+14
2.483539458912147812e+14
2.406194465709372812e+14
2.331216731131568125e+14
2.258539950118380000e+14
2.188099854497540625e+14
2.119834016359495938e+14
2.053681755237309375e+14
1.989584013633692188e+14
1.927483231995010938e+14
1.867323231624521250e+14
1.809049145442018750e+14
1.752607404538157812e+14
1.697945775689061562e+14
1.645013398873731875e+14
1.593760775600604688e+14
1.544139707480204688e+14
1.496103224890169375e+14
1.449605527193395312e+14
1.404601918265230938e+14
1.361048738631422344e+14
1.318903310320009375e+14
1.278123912015197500e+14
1.238669766378897656e+14
1.200501022802680312e+14
1.163578761507586094e+14
1.127864977022134844e+14
1.093322596384991875e+14
1.059915480393924219e+14
1.027608429289305781e+14
9.963671881408385938e+13
9.661584459427281250e+13
9.369498264385526562e+13
9.087098869498720312e+13
8.814080897389560938e+13
8.550147895032817188e+13
8.295012079210153125e+13
8.048394110580173438e+13
7.810022835062215625e+13
7.579634984812256250e+13
7.356974888051456250e+13
7.141794208672032812e+13
6.933851695765224219e+13
6.732912941827600000e+13
6.538750189233587500e+13
6.351142186419076562e+13
6.169874075565385156e+13
5.994737293638723438e+13
5.825529468647069531e+13
5.662054292514796875e+13
5.504121374346518750e+13
5.351546097363937500e+13
5.204149491844359375e+13
5.061758115593496875e+13
4.924203927839003125e+13
4.791324150703569531e+13
4.662961124205130469e+13
4.538962162911889062e+13
4.419179412339562500e+13
4.303469701259550000e+13
4.191694398917829688e+13
4.083719288227355469e+13
3.979414451088766406e+13
3.878654156679978906e+13
3.781316751622527344e+13
3.687284551302816406e+13
3.596443726955882031e+13
3.508684188030450391e+13
3.423899465247889062e+13
3.341986596875321484e+13
3.262846018026189453e+13
3.186381453983315234e+13
3.112499817267823438e+13
3.041111106848819922e+13
2.972128310246911328e+13
2.905467309915946484e+13
2.841046792959541406e+13
2.778788163238155469e+13
2.718615456425361719e+13
2.660455258229182422e+13
2.604236625518007031e+13
2.549891010304214453e+13
2.497352185949010547e+13
2.446556174760946484e+13
2.397441177143008984e+13
2.349947502693181250e+13
2.304017503195769141e+13
2.259595507579873828e+13
2.216627758954906250e+13
2.175062353387595312e+13
2.134849180164196484e+13
2.095939863725550781e+13
2.058287707524795703e+13
2.021847639833282031e+13
1.986576161231068750e+13
1.952431293500630078e+13
1.919372530043074219e+13
1.887360787983382031e+13
1.856358361713441797e+13
1.826328877696852344e+13
1.797237250716173438e+13
1.769049641569567969e+13
1.741733416034504102e+13
1.715257105104785352e+13
1.689590363298553320e+13
1.664703943884372656e+13
1.640569643364015625e+13
1.617160278675117969e+13
1.594449649641541992e+13
1.572412505690092773e+13
1.551024513686909961e+13
1.530262226753792188e+13
1.510103053924624219e+13
1.490525230641680664e+13
1.471507790143343750e+13
1.453030535771097656e+13
1.435074014191489648e+13
1.417619489500219922e+13
1.400648918172740039e+13
1.384144924811609375e+13
1.368090778621300391e+13
1.352470370580141406e+13
1.337268191324085352e+13
1.322469309748889453e+13
1.308059352320423633e+13
1.294024483073173242e+13
1.280351384266764648e+13
1.267027237678056445e+13
1.254039706513372461e+13
1.241376917920942969e+13
1.229027446085867578e+13
1.216980295887354102e+13
1.205224887094852539e+13
1.193751039094793750e+13
1.182548956143223047e+13
1.171609213125752148e+13
1.160922741807795703e+13
1.150480817561851172e+13
1.140275046553164258e+13
1.130297353370246680e+13
1.120539969092385742e+13
1.110995419779843359e+13
1.101656515371123242e+13
1.092516338973933594e+13
1.083568236534392383e+13
1.074805806872027148e+13
1.066222892072479297e+13
1.057813568227124023e+13
1.049572136505871875e+13
1.041493114551591211e+13
1.033571228188022266e+13
1.025801403432935156e+13
1.018178758804891016e+13
1.010698597911563086e+13
1.003356402310056836e+13
9.961478246304705078e+12
9.890686792422031250e+12
9.821149467373316406e+12
9.752827514886095703e+12
9.685683666205042969e+12
9.619682056019917969e+12
9.554788167746644531e+12
9.490968780866240234e+12
9.428191920252953125e+12
9.366426807424005859e+12
9.305643813645863281e+12
9.245814414831851562e+12
9.186911148164248047e+12
9.128907570379179688e+12
9.071778217653876953e+12
9.015498567036679688e+12
8.960044999364126953e+12
8.905394763611607422e+12
8.851525942624566406e+12
8.798417427488287109e+12
8.746048856658820312e+12
8.694400629333071289e+12
8.643453847041467773e+12
8.593190292848449219e+12
8.543592404367750977e+12
8.494643247838929688e+12
8.446326493226656250e+12
8.398626390304644531e+12
8.351527745686534180e+12
8.305015900767818359e+12
8.259076710545062500e+12
8.213696523279115234e+12
8.168862160969673828e+12
8.124560900610092773e+12
8.080780456192308594e+12
8.037508961433804688e+12
7.994734953198731445e+12
7.952447355586222656e+12
7.910635464659978516e+12
7.869288933794673828e+12
7.828397759615074219e+12
7.787952268504615234e+12
7.747943110855969727e+12
7.708361219919381836e+12
7.669197842918277344e+12
7.630444500985827148e+12
7.592092985349111328e+12
7.554135346815244141e+12
7.516563885687128906e+12
7.479371142092032227e+12
7.442549886706322266e+12
7.406093111860669922e+12
7.369994023010156250e+12
7.334246030554879883e+12
7.298842741996532227e+12
7.263777954417836914e+12
7.229045647271340820e+12
7.194639975465241211e+12
7.160555262734059570e+12
7.126785995282361328e+12
7.093326815690635742e+12
7.060172517072272461e+12
7.027318037471455078e+12
6.994758454491892578e+12
6.962488980146956055e+12
6.930504955921986328e+12
6.898801848039965820e+12
6.867375242922097656e+12
6.836220842835203125e+12
6.805334461717983398e+12
6.774712021178926758e+12
6.744349546658308594e+12
6.714243163747672852e+12
6.684389094660010742e+12
6.654783654844280273e+12
6.625423249738224609e+12
6.596304371653627930e+12
6.567423596788428711e+12
6.538777582360205078e+12
6.510363063856015625e+12
6.482176852393592773e+12
6.454215832189035156e+12
6.426476958126708984e+12
6.398957253426744141e+12
6.371653807406117188e+12
6.344563773329247070e+12
6.317684366344265625e+12
6.291012861501448242e+12
6.264546591850016602e+12
6.238282946610258789e+12
6.212219369417583984e+12
6.186353356635317383e+12
6.160682455733618164e+12
6.135204263731386719e+12
6.109916425698569336e+12
6.084816633316321289e+12
6.059902623492461914e+12
6.035172177029983398e+12
6.010623117346198242e+12
5.986253309240489258e+12
5.962060657708553711e+12
5.938043106801068359e+12
5.914198638525047852e+12
5.890525271785998047e+12
5.867021061369087891e+12
5.843684096957750000e+12
5.820512502188131836e+12
5.797504433737867188e+12
5.774658080447692383e+12
5.751971662474554688e+12
5.729443430474929688e+12
5.707071664817017578e+12
5.684854674820600586e+12
5.662790798023542969e+12
5.640878399473640625e+12
5.619115871044935547e+12
5.597501630777331055e+12
5.576034122238726562e+12
5.554711813908583984e+12
5.533533198582145508e+12
5.512496792794436523e+12
5.491601136263237305e+12
5.470844791350301758e+12
5.450226342539994141e+12
5.429744395934800781e+12
5.409397578766858398e+12
5.389184538925013672e+12
5.369103944496735352e+12
5.349154483324224609e+12
5.329334862574415039e+12
5.309643808321928711e+12
5.290080065144891602e+12
5.270642395732792969e+12
5.251329580506149414e+12
5.232140417247382812e+12
5.213073720742519531e+12
5.194128322433409180e+12
5.175303070079812500e+12
5.156596827431345703e+12
5.138008473908560547e+12
5.119536904293061523e+12
5.101181028426275391e+12
5.082939770916451172e+12
5.064812070853757812e+12
5.046796881533064453e+12
5.028893170184177734e+12
5.011099917709262695e+12
4.993416118427200195e+12
4.975840779824642578e+12
4.958372922313492188e+12
4.941011578994648438e+12
4.923755795427779297e+12
4.906604629406840820e+12
4.889557150741291992e+12
4.872612441042716797e+12
4.855769593516655273e+12
4.839027712759586914e+12
4.822385914560711914e+12
4.805843325708591797e+12
4.789399083802328125e+12
4.773052337067168945e+12
4.756802244174466797e+12
4.740647974065798828e+12
4.724588705781088867e+12
4.708623628290680664e+12
4.692751940331178711e+12
4.676972850244988281e+12
4.661285575823417969e+12
4.645689344153169922e+12
4.630183391466323242e+12
4.614766962993445312e+12
4.599439312819908203e+12
4.584199703745283203e+12
4.569047407145694336e+12
4.553981702839069336e+12
4.539001878953208984e+12
4.524107231796573242e+12
4.509297065731726562e+12
4.494570693051383789e+12
4.479927433856910156e+12
4.465366615939339844e+12
4.450887574662690430e+12
4.436489652849675781e+12
4.422172200669559570e+12
4.407934575528291016e+12
4.393776141960753418e+12
4.379696271525032715e+12
4.365694342698799316e+12
4.351769740777588379e+12
4.337921857775024414e+12
4.324150092324956543e+12
4.310453849585342285e+12
4.296832541143991699e+12
4.283285584926010742e+12
4.269812405102935547e+12
4.256412432003546875e+12
4.243085102026255371e+12
4.229829857553131348e+12
4.216646146865391113e+12
4.203533424060477051e+12
4.190491148970513184e+12
4.177518787082277344e+12
4.164615809458514648e+12
4.151781692660677246e+12
4.139015918672929688e+12
4.126317974827551758e+12
4.113687353731542480e+12
4.101123553194530762e+12
4.088626076157880859e+12
4.076194430625021973e+12
4.063828129592917969e+12
4.051526690984721191e+12
4.039289637583503906e+12
4.027116496967164551e+12
4.015006801444318848e+12
4.002960087991319336e+12
3.990975898190261719e+12
3.979053778168045410e+12
3.967193278536381836e+12
3.955393954332783691e+12
3.943655364962576660e+12
3.931977074141700684e+12
3.920358649840574707e+12
3.908799664228767578e+12
3.897299693620576172e+12
3.885858318421485840e+12
3.874475123075412109e+12
3.863149696012862305e+12
3.851881629599830566e+12
3.840670520087542480e+12
3.829515967562968750e+12
3.818417575900093750e+12
3.807374952711947754e+12
3.796387709303400391e+12
3.785455460624643066e+12
3.774577825225423828e+12
3.763754425209945801e+12
3.752984886192492676e+12
3.742268837253695801e+12
3.731605910897481445e+12
3.720995743008679688e+12
3.710437972811246582e+12
3.699932242827149414e+12
3.689478198835839844e+12
3.679075489834344727e+12
3.668723767997974609e+12
3.658422688641574219e+12
3.648171910181405762e+12
3.637971094097541016e+12
3.627819904896852051e+12
3.617718010076551758e+12
3.607665080088214844e+12
3.597660788302406250e+12
3.587704810973792480e+12
3.577796827206741211e+12
3.567936518921448730e+12
3.558123570820614746e+12
3.548357670356478516e+12
3.538638507698441406e+12
3.528965775701124512e+12
3.519339169872882812e+12
3.509758388344789062e+12
3.500223131840039551e+12
3.490733103643836426e+12
3.481288009573664062e+12
3.471887557950038574e+12
3.462531459567632812e+12
3.453219427666834961e+12
3.443951177905725098e+12
3.434726428332404785e+12
3.425544899357798828e+12
3.416406313728752930e+12
3.407310396501588867e+12
3.398256875015989258e+12
3.389245478869259766e+12
3.380275939890967285e+12
3.371347992117939453e+12
3.362461371769579102e+12
3.353615817223569824e+12
3.344811068991890625e+12
3.336046869697188477e+12
3.327322964049471191e+12
3.318639098823105469e+12
3.309995022834181152e+12
