7.851097350127739000e+15
7.716994801200972000e+15
7.584736658112022000e+15
7.454342158163993000e+15
7.325825471050959000e+15
7.199197492102013000e+15
7.074467471647452000e+15
6.951643630465851000e+15
6.830732525336332000e+15
6.711738627794735000e+15
6.594664083392119000e+15
6.479508550105482000e+15
6.366269113935085000e+15
6.254940297447457000e+15
6.145514086153746000e+15
6.037979943105973000e+15
5.932324802631210000e+15
5.828533096933514000e+15
5.726586838770188000e+15
5.626465827950707000e+15
5.528147930029290000e+15
5.431609377578591000e+15
5.336825040835726000e+15
5.243768667394824000e+15
5.152413104460407000e+15
5.062730495277892000e+15
4.974692451548415000e+15
4.888270218189203000e+15
4.803434851649304000e+15
4.720157391332208000e+15
4.638409002561025000e+15
4.558161094442552000e+15
4.479385420930285500e+15
4.402054156931420000e+15
4.326139939629137500e+15
4.251615876994776000e+15
4.178455529591389500e+15
4.106632887412033000e+15
4.036122341190029000e+15
3.966898630937536500e+15
3.898936966376950000e+15
3.832212961534469000e+15
3.766702583335420500e+15
3.702382273332742500e+15
3.639228920987319000e+15
3.577219863496999000e+15
3.516332884436536000e+15
3.456546215798578000e+15
3.397838546447460500e+15
3.340189034868245000e+15
3.283577319202403500e+15
3.227983564186651000e+15
3.173388288680946000e+15
3.119772603898483500e+15
3.067118048926573000e+15
3.015406622615837000e+15
2.964620777147549500e+15
2.914743399011159500e+15
2.865757795312327000e+15
2.817647666109263500e+15
2.770397083186514500e+15
2.723990468218107000e+15
2.678412587939295000e+15
2.633648529883113000e+15
2.589683699230187000e+15
2.546503800421022000e+15
2.504094821522371500e+15
2.462443017020316000e+15
2.421534894613691000e+15
2.381357204988246000e+15
2.341896933867390000e+15
2.303141292868965000e+15
2.265077711663763000e+15
2.227693828893718250e+15
2.190977484523848750e+15
2.154916713446457250e+15
2.119499741200546250e+15
2.084714980065007500e+15
2.050551030724776000e+15
2.016996673806485750e+15
1.984040873315280250e+15
1.951672774492390500e+15
1.919881703855737750e+15
1.888657167984652000e+15
1.857988857266177500e+15
1.827866639201666250e+15
1.798280561486623500e+15
1.769220850123980500e+15
1.740677908259282750e+15
1.712642314769755500e+15
1.685104822648160000e+15
1.658056357073084750e+15
1.631488013366039000e+15
1.605391053894179750e+15
1.579756906077613500e+15
1.554577159135663000e+15
1.529843561126698000e+15
1.505548015898575000e+15
1.481682580048032500e+15
1.458239459781680750e+15
1.435211007677581750e+15
1.412589719383202500e+15
1.390368230400873250e+15
1.368539313074505500e+15
1.347095873776057250e+15
1.326030950357058750e+15
1.305337709040403500e+15
1.285009442338314500e+15
1.265039566338596500e+15
1.245421617655443250e+15
1.226149251571041750e+15
1.207216239361203000e+15
1.188616465957453000e+15
1.170343927597838750e+15
1.152392729571677750e+15
1.134757084087399750e+15
1.117431308231579875e+15
1.100409821989378000e+15
1.083687146129153375e+15
1.067257900960860875e+15
1.051116803511223250e+15
1.035258666402274875e+15
1.019678396164964000e+15
1.004370990911503875e+15
9.893315394667838750e+14
9.745552192237372500e+14
9.600372947818036250e+14
9.457731156424593750e+14
9.317581162349092500e+14
9.179878127742141250e+14
9.044578026975433750e+14
8.911637630282682500e+14
8.781014489624075000e+14
8.652666924791746250e+14
8.526554009738515000e+14
8.402635559107117500e+14
8.280872114985750000e+14
8.161224933899825000e+14
8.043655974054130000e+14
7.928127882802317500e+14
7.814603984317245000e+14
7.703048267488622500e+14
7.593425374051170000e+14
7.485700586934547500e+14
7.379839818824233750e+14
7.275809600933448750e+14
7.173577074321385000e+14
7.073109970395998750e+14
6.974376612261578750e+14
6.877345896741366250e+14
6.781987285798577500e+14
6.688270796384130000e+14
6.596166990464652500e+14
6.505646965220510000e+14
6.416682343401252500e+14
6.329245263833835000e+14
6.243308372094293750e+14
6.158844811346151250e+14
6.075828209719506250e+14
5.994232685809111250e+14
5.914032818631140000e+14
5.835203653166077500e+14
5.757720688454130000e+14
5.681559869328572500e+14
5.606697578284945625e+14
5.533110627482419375e+14
5.460776250877907500e+14
5.389672097565864375e+14
5.319776220617431875e+14
5.251067074241624375e+14
5.183523503748831875e+14
5.117124738941306875e+14
5.051850387029127500e+14
4.987680425670797500e+14
4.924595196136065625e+14
4.862575396586810000e+14
4.801602075474787500e+14
4.741656625055933750e+14
4.682720775020616875e+14
4.624776586237775000e+14
4.567806444610686875e+14
4.511793055042861875e+14
4.456719435513067500e+14
4.402568911257771250e+14
4.349325109059503750e+14
4.296971951639276250e+14
4.245493652151307500e+14
4.194874708778758750e+14
4.145099899429064375e+14
4.096154276527155000e+14
4.048023161905034375e+14
4.000692141786295000e+14
3.954147062986668125e+14
3.908374023980148125e+14
3.863359375844256875e+14
3.819089714084860000e+14
3.775551874898194375e+14
3.732732930694580625e+14
3.690620185706830000e+14
3.649201171681921875e+14
3.608463643654643750e+14
3.568395580050870000e+14
3.528985162315460000e+14
3.490220794434543750e+14
3.452091083931132500e+14
3.414584841666292500e+14
3.377691078076056250e+14
3.341398998718676875e+14
3.305698003689088750e+14
3.270577679542051875e+14
3.236027798813953125e+14
3.202038315863136250e+14
3.168599363771451875e+14
3.135701250515757500e+14
3.103334456037999375e+14
3.071489629193754375e+14
3.040157584570337500e+14
3.009329299453656250e+14
2.978995910854168125e+14
2.949148712590840625e+14
2.919779152431981875e+14
2.890878829291860625e+14
2.862439490482017500e+14
2.834453029016155625e+14
2.806911480967622812e+14
2.779807022878419375e+14
2.753131969218737500e+14
2.726878774747005000e+14
2.701040013348304375e+14
2.675608399397916875e+14
2.650576781367234062e+14
2.625938123624966250e+14
2.601685517572487812e+14
2.577812176088805938e+14
2.554311431359499688e+14
2.531176732747724062e+14
2.508401644706453125e+14
2.485979844731094062e+14
2.463905121351675000e+14
2.442171372163789688e+14
2.420772647784847812e+14
2.399702971254678750e+14
2.378956597346564062e+14
2.358527840998629688e+14
2.338411116923411875e+14
2.318600937855146250e+14
2.299091912830566875e+14
2.279878745502535938e+14
2.260956232485818750e+14
2.242319261734340938e+14
2.223962810949286250e+14
2.205881946017385000e+14
2.188071819478787500e+14
2.170527669023894062e+14
2.153244817102267500e+14
2.136218665334432188e+14
2.119444699040748750e+14
2.102918528695740000e+14
2.086635707312465938e+14
2.070592003344048750e+14
2.054783196891021562e+14
2.039205162621931250e+14
2.023853841454162812e+14
2.008725245890742812e+14
1.993815458798717812e+14
1.979120632210038750e+14
1.964636986144492188e+14
1.950360807454205625e+14
1.936288448689284375e+14
1.922416326984131250e+14
1.908740922964009688e+14
1.895258779671433125e+14
1.881966501511951875e+14
1.868860753218932500e+14
1.855938258836921250e+14
1.843195800723195938e+14
1.830630260238061875e+14
1.818238453613373438e+14
1.806017370685636562e+14
1.793964017438555625e+14
1.782075453435500625e+14
1.770348790922251562e+14
1.758781193945340000e+14
1.747369877485659375e+14
1.736112106606989688e+14
1.725005195619116250e+14
1.714046507255215938e+14
1.703233451863183750e+14
1.692563486610584375e+14
1.682034114702930000e+14
1.671642883358570000e+14
1.661387388074515000e+14
1.651265264356760312e+14
1.641274192001007812e+14
1.631411893121539062e+14
1.621676131443175000e+14
1.612064711604503125e+14
1.602575514421318438e+14
1.593206355053916250e+14
1.583955211363229688e+14
1.574820004344744375e+14
1.565798752656994375e+14
1.556889492396842188e+14
1.548090295991241562e+14
1.539399271581491562e+14
1.530814562416523750e+14
1.522334346255019062e+14
1.513956834776121250e+14
1.505680272998546250e+14
1.497502938707875625e+14
1.489423141891846250e+14
1.481439224183427812e+14
1.473549558311520625e+14
1.465752547559078750e+14
1.458046625228495938e+14
1.450430254114088438e+14
1.442901925981506250e+14
1.435460161053943750e+14
1.428103507504974375e+14
1.420830540957909062e+14
1.413639863991520938e+14
1.406530105652030938e+14
1.399499920971242969e+14
1.392547990490709688e+14
1.385673019791853281e+14
1.378873739031932812e+14
1.372148902485795156e+14
1.365497288093321406e+14
1.358917697012516875e+14
1.352408953178182344e+14
1.345969902866120156e+14
1.339599414262831719e+14
1.333296404605283281e+14
1.327059730988682344e+14
1.320888350920962656e+14
1.314781216038988281e+14
1.308737297820128281e+14
1.302755587184488281e+14
1.296835094102542500e+14
1.290974847208185469e+14
1.285173893417221875e+14
1.279431297551317344e+14
1.273746141967433594e+14
1.268117526192776875e+14
1.262544566565304688e+14
1.257026395879806562e+14
1.251562163039619219e+14
1.246151032713991875e+14
1.240792185001167031e+14
1.235484815097195312e+14
1.230228132970538438e+14
1.225021363042491562e+14
1.219863743873470938e+14
1.214754527855193281e+14
1.209692980908786406e+14
1.204678382188864844e+14
1.199710023793583281e+14
1.194787210480709531e+14
1.189909259389716094e+14
1.185075499769917188e+14
1.180285272714654531e+14
1.175537930901528594e+14
1.170832838338682344e+14
1.166169370117115469e+14
1.161546912169020156e+14
1.156964861032109062e+14
1.152422623619915938e+14
1.147919616998011719e+14
1.143455268166114219e+14
1.139029013846022500e+14
1.134640300275325469e+14
1.130288583006819844e+14
1.125973326713561719e+14
1.121694004999473594e+14
1.117450100215423906e+14
1.113241103280687188e+14
1.109066513509684688e+14
1.104925838443904688e+14
1.100818593688897656e+14
1.096744302756224688e+14
1.092702496910251406e+14
1.088692715019661406e+14
1.084714503413557656e+14
1.080767415742037656e+14
1.076851012841099375e+14
1.072964862601745938e+14
1.069108539843158438e+14
1.065281626189794531e+14
1.061483709952280312e+14
1.057714386011947500e+14
1.053973255708889219e+14
1.050259926733387969e+14
1.046574013020576406e+14
1.042915134648204219e+14
1.039282917737363125e+14
1.035676994356048906e+14
1.032097002435099375e+14
1.028542585638038906e+14
1.025013393331195000e+14
1.021509080457843125e+14
1.018029307463920312e+14
1.014573740215909219e+14
1.011142049920697031e+14
1.007733913047300000e+14
1.004349011250346250e+14
1.000987031295219844e+14
9.976476649847654688e+13
9.943306090874684375e+13
9.910355652670135938e+13
9.877622400131456250e+13
9.845103445737506250e+13
9.812795948880837500e+13
9.780697115210704688e+13
9.748804195986179688e+13
9.717114487438789062e+13
9.685625330143939062e+13
9.654334114845765625e+13
9.623238256149731250e+13
9.592335230331432812e+13
9.561622549217073438e+13
9.531097765950239062e+13
9.500758474406890625e+13
9.470602308616181250e+13
9.440626942187031250e+13
9.410830087739978125e+13
9.381209496344281250e+13
9.351762956959896875e+13
9.322488295884292188e+13
9.293383376203882812e+13
9.264446097249939062e+13
9.235674394058942188e+13
9.207066236837200000e+13
9.178619630429740625e+13
9.150332613793356250e+13
9.122203259473845312e+13
9.094229673087325000e+13
9.066409992805710938e+13
9.038742388846268750e+13
9.011225062965339062e+13
8.983856247956156250e+13
8.956634207150892188e+13
8.929557233926885938e+13
8.902623651217100000e+13
8.875852783006873438e+13
8.849224992122168750e+13
8.822735614549306250e+13
8.796383084624164062e+13
8.770165864026068750e+13
8.744082441300753125e+13
8.718131331389739062e+13
8.692311075165865625e+13
8.666620238974898438e+13
8.641057414182953125e+13
8.615635782625271875e+13
8.590340469035100000e+13
8.565169038445201562e+13
8.540120176973759375e+13
8.515192593589965625e+13
8.490385019697076562e+13
8.465696208720637500e+13
8.441124935701989062e+13
8.416671591122535938e+13
8.392338186117614062e+13
8.368118728150823438e+13
8.344012073947801562e+13
8.320017099994267188e+13
8.296144438800185938e+13
8.272386141381229688e+13
8.248744661941904688e+13
8.225210483270479688e+13
8.201782573247362500e+13
8.178459917358012500e+13
8.155245619005331250e+13
8.132149934022835938e+13
8.109156486174015625e+13
8.086264326395371875e+13
8.063472521687789062e+13
8.040780154786015625e+13
8.018186323834845312e+13
7.995690142071600000e+13
7.973290737514992188e+13
7.950987252660092188e+13
7.928778844179350000e+13
7.906664682629506250e+13
7.884643952164357812e+13
7.862715850253196875e+13
7.840879587404873438e+13
7.819134768848189062e+13
7.797485051433585938e+13
7.775924847964251562e+13
7.754489315113662500e+13
7.733166857361612500e+13
7.711931463478409375e+13
7.690782423677660938e+13
7.669719039348887500e+13
7.648740622824057812e+13
7.627860790678429688e+13
7.607072901748431250e+13
7.586367837676221875e+13
7.565744949454976562e+13
