4.508930704271586239e+07
4.508930704271586239e+07
4.001153994924551249e+07
3.914061175656562299e+07
4.010436103412873298e+07
4.047281645893906057e+07
3.976385306666871160e+07
3.861278063890063018e+07
3.769892875805928558e+07
3.733558917227797955e+07
3.740821104956781119e+07
3.755394313038170338e+07
3.747275472908177972e+07
3.710713149294954538e+07
3.659997859938590229e+07
3.615592144992953539e+07
3.591495224389412254e+07
3.588265668172827363e+07
3.594255868337176740e+07
3.594707128603084385e+07
3.582170715288659930e+07
3.560163111775843054e+07
3.538667717557822168e+07
3.526382144503611326e+07
3.525207168384955823e+07
3.529984394285476953e+07
3.533014571798747778e+07
3.529665356983268261e+07
3.520956219633860141e+07
3.511863419040141255e+07
3.507224463514909148e+07
3.508282860861077905e+07
3.512167271904154867e+07
3.514493974068452418e+07
3.512865362742960453e+07
3.508389040244076401e+07
3.504260652679204941e+07
3.502947758551275730e+07
3.504358947740659118e+07
3.506287127427710593e+07
3.506478638152458519e+07
3.504448077731994539e+07
3.501602109267514944e+07
3.499805225936827064e+07
3.499762105666807294e+07
3.500584141825614870e+07
3.500783856169080734e+07
3.499668742472223938e+07
3.497840706747828424e+07
3.496466888965194672e+07
3.496148138158176839e+07
3.496464634756826609e+07
3.496518226258353144e+07
3.495834213669506460e+07
3.494736417714339495e+07
3.493919203306064755e+07
3.493729976878488064e+07
3.493884651358047873e+07
3.493835596945326775e+07
3.493346028195615858e+07
3.492672091796964407e+07
3.492225210704664886e+07
3.492130013471704721e+07
3.492140930890607834e+07
3.491949333758792281e+07
3.491508269656220078e+07
3.491037148448090255e+07
3.490748749702496082e+07
3.490625278138110787e+07
3.490473507865785807e+07
3.490159975293619931e+07
3.489745913303399086e+07
3.489389901623598486e+07
3.489159743505524099e+07
3.488974362300930917e+07
3.488719729904608428e+07
3.488382774045490474e+07
3.488050504230019450e+07
3.487796053467316926e+07
3.487598239198964089e+07
3.487381615497842431e+07
3.487112660461919010e+07
3.486831867587787658e+07
3.486594169222934544e+07
3.486402014380900562e+07
3.486211227908797562e+07
3.485991091289366037e+07
3.485758276651369035e+07
3.485548031477488577e+07
3.485367381313202530e+07
3.485190221712402999e+07
3.484993943918107450e+07
3.484786021206492186e+07
3.484589254285095632e+07
3.484410578971881419e+07
3.484235069877578318e+07
3.484048502982077748e+07
3.483855245010313392e+07
3.483669375060186535e+07
3.483494751761638373e+07
3.483321514341743290e+07
3.483141086560569704e+07
3.482957206093043089e+07
3.482779208771479130e+07
3.482609200233250856e+07
3.482440965889520198e+07
3.482270059994734824e+07
3.482099655239858478e+07
3.481934988395421207e+07
3.481775783570686728e+07
3.481617372788410634e+07
3.481457688461468369e+07
3.481299629979415238e+07
3.481146305498734862e+07
3.480996851170818508e+07
3.480848461425268650e+07
3.480700680743503571e+07
3.480555524131136388e+07
3.480413940889055282e+07
3.480274335759168863e+07
3.480134982368423790e+07
3.479996340808843821e+07
3.479859944582358003e+07
3.479726038291624188e+07
3.479593508772483468e+07
3.479461764002923667e+07
3.479331427283582836e+07
3.479203021284318715e+07
3.479075973790590465e+07
3.478949432795348763e+07
3.478823439838346839e+07
3.478698673091478646e+07
3.478575364289226383e+07
3.478453104601575434e+07
3.478331633057034761e+07
3.478211180000806600e+07
3.478091932617487013e+07
3.477973614610473067e+07
3.477855865165173262e+07
3.477738754845117778e+07
3.477622623870234191e+07
3.477507587703371048e+07
3.477393517229885608e+07
3.477280355014083534e+07
3.477168230504730344e+07
3.477057180137179792e+07
3.476947046769443154e+07
3.476837725923691690e+07
3.476729323772212118e+07
3.476622025657271594e+07
3.476515877131696045e+07
3.476410846391558647e+07
3.476306946904686838e+07
3.476204224077175558e+07
3.476102642651558667e+07
3.476002110662874579e+07
3.475902616925299168e+07
3.475804245216505975e+07
3.475707062645181268e+07
3.475611072568794340e+07
3.475516257197616249e+07
3.475422614247921109e+07
3.475330117428880185e+07
3.475238700264465064e+07
3.475148314587514102e+07
3.475058972996617109e+07
3.474970708791811019e+07
3.474883525505588949e+07
3.474797405169437826e+07
3.474712323003117740e+07
3.474628246163432300e+07
3.474545123997005075e+07
3.474462907824415714e+07
3.474381582900126278e+07
3.474301157574436069e+07
3.474221636958101392e+07
3.474143007095776498e+07
3.474065245874226093e+07
3.473988322456645221e+07
3.473912201828975976e+07
3.473836847270846367e+07
3.473762245753239840e+07
3.473688404257360846e+07
3.473615322102792561e+07
3.473542997724235058e+07
3.473471420393566042e+07
3.473400568956347555e+07
3.473330421289197356e+07
3.473260954467067868e+07
3.473192166836042702e+07
3.473124059786912799e+07
3.473056645456846803e+07
3.472989921868020296e+07
3.472923882347749174e+07
3.472858517386871576e+07
3.472793809552410245e+07
3.472729750748969615e+07
3.472666333735397458e+07
3.472603574512759596e+07
3.472541468191054463e+07
3.472480020000386983e+07
3.472419223124840111e+07
3.472359066015714407e+07
3.472299540014356375e+07
3.472240633184764534e+07
3.472182349741546065e+07
3.472124684712155163e+07
3.472067645120575279e+07
3.472011224553315341e+07
3.471955415619297326e+07
3.471900206557498127e+07
3.471845587872799486e+07
3.471791552311792970e+07
3.471738098567331582e+07
3.471685224015223980e+07
3.471632928088357300e+07
3.471581199398078024e+07
3.471530034472160041e+07
3.471479421995490044e+07
3.471429348874756694e+07
3.471379816656713933e+07
3.471330819669155031e+07
3.471282353405063599e+07
3.471234415572307259e+07
3.471186998935264349e+07
3.471140094833911955e+07
3.471093697972281277e+07
3.471047799799884111e+07
3.471002397984232008e+07
3.470957489466275275e+07
3.470913070553210378e+07
3.470869141420913488e+07
3.470825690559460968e+07
3.470782713824566454e+07
3.470740206870719790e+07
3.470698166227365285e+07
3.470656586841059476e+07
3.470615470680291951e+07
3.470574812113282084e+07
3.470534606309911609e+07
3.470494851003175229e+07
3.470455538987822086e+07
3.470416667439119518e+07
3.470378234307271987e+07
3.470340239085597545e+07
3.470302677098180354e+07
3.470265544845279306e+07
3.470228840914898366e+07
3.470192557618717104e+07
3.470156693184299022e+07
3.470121244459417462e+07
3.470086212524889410e+07
3.470051591757972538e+07
3.470017379966273159e+07
3.469983571560057998e+07
3.469950166714806855e+07
3.469917159538981318e+07
3.469884547018217295e+07
3.469852330509334058e+07
3.469820503824833035e+07
3.469789065909007192e+07
3.469758015671461076e+07
3.469727343979763240e+07
3.469697051920529455e+07
3.469667136325638741e+07
3.469637594340373576e+07
3.469608427376141399e+07
3.469579627899940312e+07
3.469551195569142699e+07
3.469523126950453967e+07
3.469495419340260327e+07
3.469468070430573076e+07
3.469441078220501542e+07
3.469414441160981357e+07
3.469388159230590612e+07
3.469362222922641784e+07
3.469336635064821690e+07
3.469311390795326978e+07
3.469286490950939804e+07
3.469261930509120226e+07
3.469237709925851971e+07
3.469213826608279347e+07
3.469190276382859796e+07
3.469167058099175990e+07
3.469144170308919996e+07
3.469121609423211962e+07
3.469099373223072290e+07
3.469077464085359871e+07
3.469055874099134654e+07
3.469034606692547351e+07
3.469013656682611257e+07
3.468993019616089016e+07
3.468972697613780200e+07
3.468952692065670341e+07
3.468932995120754093e+07
3.468913604870463163e+07
3.468894521308322996e+07
3.468875744625934958e+07
3.468857269592864811e+07
3.468839098012808710e+07
3.468821225095321238e+07
