0.0
1.717731332778930664e+01
3.541670346260070801e+01
5.309256720542907715e+01
7.109198498725891113e+01
8.821255922317504883e+01
1.053727824687957764e+02
1.225287446975708008e+02
1.397095975875854492e+02
1.569207277297973633e+02
1.740955057144165039e+02
1.912428042888641357e+02
2.084273517131805420e+02
2.256429700851440430e+02
2.429120137691497803e+02
2.601733999252319336e+02
2.774855902194976807e+02
2.947825562953948975e+02
3.121879792213439941e+02
3.296882243156433105e+02
3.471838595867156982e+02
3.646854031085968018e+02
3.822102267742156982e+02
3.997372484207153320e+02
4.172244460582733154e+02
4.347583205699920654e+02
4.522759914398193359e+02
4.697842917442321777e+02
4.873102653026580811e+02
5.048660018444061279e+02
5.224197614192962646e+02
5.399291882514953613e+02
5.574821977615356445e+02
5.750303180217742920e+02
5.926012985706329346e+02
6.101485977172851562e+02
6.276644175052642822e+02
6.451706964969635010e+02
6.627772228717803955e+02
6.804021656513214111e+02
6.979844257831573486e+02
7.156342177391052246e+02
7.332074563503265381e+02
7.507842316627502441e+02
7.683735830783843994e+02
7.860009379386901855e+02
8.035718166828155518e+02
8.212785108089447021e+02
8.389067935943603516e+02
8.567592434883117676e+02
8.774776360988616943e+02
8.988560245037078857e+02
9.165575525760650635e+02
9.341927673816680908e+02
9.537957820892333984e+02
9.714219527244567871e+02
9.891481773853302002e+02
1.006785812616348267e+03
1.024577695608139038e+03
1.043612401962280273e+03
1.061414280891418457e+03
1.079082322835922241e+03
1.097181890010833740e+03
1.116981171369552612e+03
1.134826368570327759e+03
1.152486767530441284e+03
1.170272665262222290e+03
1.188051319599151611e+03
1.205790044307708740e+03
1.223418805599212646e+03
1.241069844484329224e+03
1.258717211008071899e+03
1.276365326404571533e+03
1.294134410619735718e+03
1.311878906011581421e+03
1.329560964584350586e+03
1.347271274089813232e+03
1.365023453235626221e+03
1.384001862287521362e+03
1.404219610214233398e+03
1.424441689491271973e+03
1.443443876266479492e+03
1.461484076976776123e+03
1.482172087192535400e+03
1.499931707859039307e+03
1.518320270061492920e+03
1.536071951866149902e+03
1.553777622938156128e+03
1.571424723386764526e+03
1.589196814775466919e+03
1.606939821720123291e+03
1.624622852563858032e+03
1.642328980445861816e+03
1.660026808023452759e+03
1.677774304151535034e+03
1.695429508924484253e+03
1.713152367115020752e+03
1.730855797052383423e+03
1.749150353193283081e+03
1.767238068103790283e+03
1.785047777891159058e+03
1.802722806215286255e+03
1.820380365610122681e+03
1.838023688077926636e+03
1.855796787500381470e+03
1.875834907770156860e+03
1.893839520215988159e+03
1.911538791418075562e+03
1.929337957382202148e+03
1.947017013549804688e+03
1.964732460021972656e+03
1.982523284196853638e+03
2.000290292978286743e+03
2.018023701667785645e+03
2.035722285270690918e+03
2.053545343875885010e+03
2.071952433586120605e+03
2.090212730884552002e+03
2.108035161495208740e+03
2.125763769149780273e+03
2.143589331150054932e+03
2.162535717725753784e+03
2.180830174446105957e+03
2.199474394559860229e+03
2.217232110738754272e+03
2.234990130662918091e+03
2.252759374856948853e+03
2.271218748092651367e+03
2.290876260042190552e+03
2.310036723613739014e+03
2.328907515525817871e+03
2.349030125617980957e+03
2.368299660444259644e+03
2.387734584331512451e+03
2.406499935388565063e+03
2.427474868297576904e+03
2.446796518564224243e+03
2.467071085214614868e+03
2.486373064041137695e+03
2.504188495874404907e+03
2.522078476667404175e+03
2.539969496726989746e+03
2.561665499448776245e+03
2.579569018602371216e+03
2.598841213226318359e+03
2.617124838113784790e+03
2.634884107589721680e+03
2.652654309511184692e+03
2.670469827175140381e+03
2.688254782676696777e+03
2.707055730581283569e+03
2.724890985250473022e+03
2.742647176742553711e+03
2.760413193702697754e+03
2.778190786361694336e+03
2.795909254074096680e+03
2.813688682794570923e+03
2.831578975915908813e+03
2.849501334667205811e+03
2.867310749769210815e+03
2.885218303680419922e+03
2.903135989665985107e+03
2.921004228353500366e+03
2.938865767478942871e+03
2.956763881921768188e+03
2.974630301475524902e+03
2.993025932788848877e+03
3.013785003662109375e+03
3.036269655704498291e+03
3.059137464046478271e+03
3.077748226165771484e+03
3.095524072885513306e+03
3.114075940132141113e+03
3.132739602088928223e+03
3.150939350843429565e+03
3.168785111904144287e+03
3.186674628973007202e+03
3.204507064104080200e+03
3.222315674543380737e+03
3.240199699640274048e+03
3.258052058696746826e+03
3.275885813713073730e+03
3.293702548265457153e+03
3.311525447130203247e+03
3.329358406305313110e+03
3.347192674875259399e+03
3.365022292613983154e+03
3.382889617443084717e+03
3.400697251081466675e+03
3.418502151012420654e+03
3.436405675172805786e+03
3.454226074695587158e+03
3.472473826885223389e+03
3.498162075519561768e+03
3.523866263389587402e+03
3.549531748533248901e+03
3.575169385671615601e+03
3.600835307359695435e+03
3.626499866008758545e+03
3.652176666498184204e+03
3.677836776018142700e+03
3.703512449741363525e+03
3.729207765579223633e+03
3.754887486696243286e+03
3.780557452440261841e+03
3.806232590675354004e+03
3.831925780534744263e+03
3.857610832214355469e+03
3.883292049884796143e+03
3.909006942033767700e+03
3.934730235338211060e+03
3.960446123838424683e+03
3.986133710622787476e+03
4.011852995634078979e+03
4.037574301958084106e+03
4.063284687519073486e+03
4.088980074644088745e+03
4.114668083190917969e+03
4.140381549835205078e+03
4.166098980665206909e+03
4.191800813198089600e+03
4.217496678590774536e+03
4.243183788537979126e+03
4.262322533607482910e+03
4.280232841014862061e+03
4.298175031900405884e+03
4.316095677375793457e+03
4.334035127401351929e+03
4.351920884609222412e+03
4.369803277730941772e+03
4.387724149465560913e+03
4.405621990203857422e+03
4.423495934009552002e+03
4.441403304576873779e+03
4.459284896373748779e+03
4.477163384199142456e+03
4.495079307079315186e+03
4.512952533245086670e+03
4.530806506872177124e+03
4.548702830553054810e+03
4.566606293678283691e+03
4.584513274192810059e+03
4.602375835180282593e+03
4.620288312196731567e+03
4.638168788433074951e+03
4.656047691106796265e+03
4.673910014390945435e+03
4.691804181098937988e+03
4.709713656663894653e+03
4.727587108612060547e+03
4.745454378366470337e+03
4.763321271657943726e+03
4.781208139657974243e+03
4.799106167078018188e+03
4.817003431081771851e+03
4.834904079914093018e+03
4.852837069034576416e+03
4.870721410274505615e+03
4.888699285507202148e+03
4.906615013599395752e+03
4.924555292129516602e+03
4.942511301517486572e+03
4.960452610254287720e+03
4.978413642883300781e+03
4.996364003658294678e+03
5.014362382411956787e+03
5.032322163581848145e+03
5.050280534029006958e+03
5.068196622371673584e+03
5.086183605670928955e+03
5.104130658388137817e+03
5.122097836017608643e+03
5.140005529642105103e+03
5.157884387731552124e+03
5.175824959993362427e+03
5.193772892713546753e+03
5.211693857431411743e+03
5.229606740236282349e+03
5.247498786926269531e+03
5.265415794849395752e+03
5.283304573774337769e+03
5.301239745855331421e+03
5.319160548448562622e+03
5.337059206485748291e+03
5.354994250059127808e+03
5.372908678293228149e+03
5.390801425218582153e+03
5.408707187891006470e+03
5.426612456560134888e+03
5.444527281045913696e+03
5.462474471330642700e+03
5.480397017955780029e+03
5.498399198293685913e+03
5.516298230648040771e+03
5.534203679084777832e+03
5.552099250793457031e+03
5.569993587970733643e+03
5.587900869369506836e+03
5.605784186601638794e+03
5.623722745418548584e+03
5.641632579565048218e+03
