2.451126762167546749e+09
1.008082781174239258e+12
1.721390915313634949e+11
3.701087983000380249e+11
5.513244845337181396e+11
4.026105456999882812e+11
1.597637982768989258e+11
8.401120347075154114e+10
1.898104507803779602e+11
2.730866047917894897e+11
2.236280511552080078e+11
1.259588591092220154e+11
7.491190319447778320e+10
7.529928471853541565e+10
9.919411726320487976e+10
1.223128919262521515e+11
1.201553803289956665e+11
8.286000684187155151e+10
3.859110475147968292e+10
2.922091506943627548e+10
5.532796595370522308e+10
7.582925336863676453e+10
6.574610035549292755e+10
4.021717145760578918e+10
2.303066410167234421e+10
2.125879081552723694e+10
3.042895884119443130e+10
4.099667739202661896e+10
4.001964796400124359e+10
2.399536546957701492e+10
8.778477097261020660e+09
1.094154319326063347e+10
2.383763502227191162e+10
2.793341804658060837e+10
1.872707815368609238e+10
8.605922412174139023e+09
6.912130811567137718e+09
1.153944509537258911e+10
1.582450255784540939e+10
1.487824333750707436e+10
8.937116211730350494e+09
4.261145097509672642e+09
5.967578711772754669e+09
1.035083002056422806e+10
1.049661076951666451e+10
6.584397689989633560e+09
3.937139341369731903e+09
4.612197915642065048e+09
6.433227645437866211e+09
6.993198572706466675e+09
5.564063689291253090e+09
3.569415331451208115e+09
3.339068113524311543e+09
4.753579399127640724e+09
5.290535373230107307e+09
4.152445506150450706e+09
3.077786863947693348e+09
3.138048733382925034e+09
3.715676363149343967e+09
3.955672979393043995e+09
3.512620854093461514e+09
2.809535065874996185e+09
2.721016679142397881e+09
3.223048749917672157e+09
3.372025281588933468e+09
2.926333001304260731e+09
2.559771489197383881e+09
2.642323589012259007e+09
2.902268124969972134e+09
2.929647124361681938e+09
2.639152234717256546e+09
2.418225897597184181e+09
2.557774928606859684e+09
2.744870505719156265e+09
2.637004730256278038e+09
2.423161516596093178e+09
2.401180034272655010e+09
2.526199344673466682e+09
2.568886608175571918e+09
2.452585880314654827e+09
2.349628073488612652e+09
2.399723545822095871e+09
2.476486738117856026e+09
2.435441187951032162e+09
2.352620116789763451e+09
2.345982890985732555e+09
2.393541975744134903e+09
2.404201516855102062e+09
2.356851711475616932e+09
2.324385238842168331e+09
2.347147390873798370e+09
2.368946552250408649e+09
2.348866824603954315e+09
2.320943107022716999e+09
2.321904029518337727e+09
2.339740774749422550e+09
2.338738035022833347e+09
2.317435353436520100e+09
2.309828547364061356e+09
2.321754202827149391e+09
2.325944318691550732e+09
2.314122520958490849e+09
2.304515931461347103e+09
2.309547869593943596e+09
2.316502522780706882e+09
2.309861158833638191e+09
2.300606434175304413e+09
2.303376755013302803e+09
2.308851639955085278e+09
2.305049476362531185e+09
2.298395235699379444e+09
2.299267807659675121e+09
2.303134464370446205e+09
2.300805037448749065e+09
2.296369137195815563e+09
2.296605850182345867e+09
2.298456636756753922e+09
2.297468981938386440e+09
2.294644206558265209e+09
2.293929975752202034e+09
2.295323668524795532e+09
2.294679462628895283e+09
2.292537641197477341e+09
2.292081329995264530e+09
2.292594408246278763e+09
2.292218358668142319e+09
2.290799402080424786e+09
2.290030162517814636e+09
2.290479769251202583e+09
2.290087568032335758e+09
2.288818273809573650e+09
2.288378648878949165e+09
2.288476809670244694e+09
2.288021269143689156e+09
2.287082412957564354e+09
2.286645683132942677e+09
2.286633598443049431e+09
2.286092308829206944e+09
2.285345613479822159e+09
2.285001347478331089e+09
2.284780856196659088e+09
2.284286029900542259e+09
2.283647515381274223e+09
2.283299463943868160e+09
2.283024599413489342e+09
2.282488237353338718e+09
2.281963350593729496e+09
2.281605579555062771e+09
2.281249866429703712e+09
2.280751291215085506e+09
2.280251077506143093e+09
2.279898526389749050e+09
2.279499466559757710e+09
2.278995776631387234e+09
2.278549227899406910e+09
2.278169619361365795e+09
2.277737592063240528e+09
2.277251863817706108e+09
2.276825587406235218e+09
2.276421865485645771e+09
2.275967322362977982e+09
2.275505796179422855e+09
2.275076637387880802e+09
2.274653544234464169e+09
2.274194516540002823e+09
2.273738336249937534e+09
2.273309570363504410e+09
2.272867041554103851e+09
2.272407359595579624e+09
2.271955700784885406e+09
2.271517890766382217e+09
2.271066028776808739e+09
2.270602526927620411e+09
2.270154466066555977e+09
2.269706111868092060e+09
2.269244426542873859e+09
2.268783782805406094e+09
2.268331122870860100e+09
2.267872695958045006e+09
2.267406890100996971e+09
2.266945878153813839e+09
2.266485786906850338e+09
2.266020188795095921e+09
2.265551996087982178e+09
2.265086839462810516e+09
2.264620458116878510e+09
2.264148865329680443e+09
2.263677858076738834e+09
2.263207948371874332e+09
2.262734817577393055e+09
2.262258971191959381e+09
2.261784393629533291e+09
2.261308735742925167e+09
2.260829771061062813e+09
2.260350477712351799e+09
2.259871073670759678e+09
2.259389579415874004e+09
2.258906159649341106e+09
2.258422672731709957e+09
2.257938033420912266e+09
