2.078150164845209122e+09
1.060913864894947021e+12
1.707744554894944153e+11
3.726553603499238892e+11
5.853527722898616943e+11
4.298880244201801758e+11
1.672109518259901428e+11
7.919988088363291931e+10
1.901938309246987305e+11
2.884279871500094604e+11
2.436199590714261475e+11
1.347830842920403290e+11
7.104021035008210754e+10
7.176383499107562256e+10
1.049122791214596100e+11
1.327384844470125580e+11
1.271462589203863831e+11
8.476728288825535583e+10
3.833919193108801270e+10
2.916852846437607956e+10
5.694860649636910248e+10
7.986232631332591248e+10
7.033991205256604004e+10
4.204999378822129059e+10
2.172722054751596451e+10
2.025077566166233063e+10
3.213914426441600037e+10
4.390325256301190186e+10
4.158043772758723450e+10
2.392415975452804184e+10
8.288430835458710670e+09
1.089548791939388847e+10
2.454473753879004288e+10
2.915724510406675720e+10
1.948529116548163605e+10
8.241546533375081062e+09
6.222227920991971016e+09
1.165751907681682014e+10
1.653721534031666565e+10
1.522012760720236778e+10
8.697261648035629272e+09
3.889625931890877247e+09
5.756324647412396431e+09
1.037282212222797585e+10
1.066025179983999062e+10
6.531105463106381416e+09
3.513194401677899361e+09
4.217392184550321579e+09
6.363270051982645988e+09
6.970660354246905327e+09
5.319895427224453926e+09
3.226394738108308792e+09
3.032757995336129665e+09
4.482960090529822350e+09
5.084446918154278755e+09
3.957346188650751114e+09
2.749877841637127876e+09
2.736133961693159580e+09
3.424346246820984840e+09
3.745182210601972103e+09
3.229115130118319988e+09
2.443042735700995445e+09
2.359722375052772045e+09
2.917562326775944710e+09
3.102176187141805649e+09
2.613349416688319683e+09
2.180576516498108387e+09
2.286612672896518230e+09
2.608073309249464512e+09
2.618231329133619308e+09
2.278689498429512024e+09
2.061508776436645031e+09
2.225625243007079601e+09
2.415600248472755432e+09
2.297161203963244438e+09
2.071752632000138521e+09
2.049884755482191086e+09
2.185124094992628098e+09
2.228841596351262569e+09
2.105961018645524025e+09
1.998844310347950697e+09
2.047380408737663269e+09
2.130322631869496107e+09
2.094096834335394382e+09
2.001120270180330276e+09
1.988989616698893547e+09
2.046371505442245007e+09
2.059427185635331869e+09
2.004757843288251877e+09
1.970911963360280037e+09
1.996166329743580580e+09
2.019709314977994442e+09
1.999634609346745968e+09
1.968039069127599001e+09
1.968379989764249325e+09
1.990159302400517941e+09
1.988877513275950432e+09
1.964563138352206707e+09
1.957213398524557352e+09
1.970644725773222208e+09
1.975213003611760378e+09
1.962389787430555344e+09
1.951765663209681988e+09
1.957868890677030563e+09
1.965677053478727579e+09
1.958004692704878092e+09
1.948367518597496748e+09
1.951701075349050522e+09
1.957434274059704542e+09
1.953585764201887608e+09
1.946533530003358841e+09
1.947408890122869730e+09
1.951849952485842228e+09
1.949465655435936451e+09
1.944670454051140070e+09
1.945060473894170284e+09
1.947172489764795780e+09
1.946252126708131313e+09
1.943299103133416653e+09
1.942524363524080992e+09
1.944207647183009863e+09
1.943698884828372002e+09
1.941361070569544554e+09
1.940959121247505903e+09
1.941724471368396997e+09
1.941374148634077311e+09
1.939896025048817158e+09
1.939214827313222170e+09
1.939804365821689844e+09
1.939469340766629934e+09
1.938206625109703302e+09
1.937829830791324139e+09
1.938044188783091068e+09
1.937664843395259380e+09
1.936747138796242476e+09
1.936369353738442898e+09
1.936477099638936281e+09
1.936003625884347677e+09
1.935280582112519979e+09
1.935024857176676035e+09
1.934903567519471407e+09
1.934462186467115402e+09
1.933883539535487890e+09
1.933616270375095606e+09
1.933426905035576582e+09
1.932957945884310722e+09
1.932494303447132349e+09
1.932221196047862053e+09
1.931946291797896862e+09
1.931515943133221149e+09
1.931087563264461994e+09
1.930814216686578989e+09
1.930498135288270712e+09
1.930064467304785013e+09
1.929690365513664484e+09
1.929396111991710424e+09
1.929041708818789244e+09
1.928628216838028431e+09
1.928280686858252764e+09
1.927960317953708172e+09
1.927582435295140266e+09
1.927196362459983110e+09
1.926850118606952190e+09
1.926506822435516119e+09
1.926126326181918621e+09
1.925750035300878525e+09
1.925401920317909718e+09
1.925041852853764057e+09
1.924661044587694168e+09
1.924290406194171429e+09
1.923935917930980682e+09
1.923564719356613874e+09
1.923182914036401749e+09
1.922817314430794477e+09
1.922451823967832565e+09
1.922072813739211798e+09
1.921694454533964396e+09
1.921325505425919056e+09
1.920950983440526962e+09
1.920568213313540459e+09
1.920191046310665607e+09
1.919815863172752142e+09
1.919434299650337219e+09
1.919050482954262495e+09
1.918670622383227348e+09
1.918289329129233122e+09
1.917902957916068316e+09
1.917517488112876892e+09
1.917133597680260897e+09
1.916746449742400646e+09
1.916356767216246843e+09
1.915968781268367767e+09
1.915579867549624443e+09
1.915187869264067650e+09
1.914795626683958292e+09
1.914403740696373940e+09
1.914009898455057621e+09
1.913614192888449907e+09
1.913218841054758787e+09
1.912822517994140863e+09
