1.357932928342502734e+13
1.317248023634874609e+13
1.226971314681914453e+13
1.176050192085846875e+13
1.120046560328238867e+13
1.052091224124328516e+13
9.906825335035785156e+12
9.456886027657759766e+12
9.034864161951017578e+12
8.538612847475408203e+12
8.034197588227101562e+12
7.611370212294432617e+12
7.258005288091275391e+12
6.903435138851621094e+12
6.526519531972346680e+12
6.163165724352942383e+12
5.842470420315001953e+12
5.555424673356289062e+12
5.277057045903166016e+12
4.997710772093940430e+12
4.727871567664057617e+12
4.480620670685290039e+12
4.256360418755355957e+12
4.044406030771769043e+12
3.836390787121383789e+12
3.635192999537095703e+12
3.449306488772700684e+12
3.280641623834326172e+12
3.122020829845842285e+12
2.967148453594333496e+12
2.817989262147155273e+12
2.680254488691768066e+12
2.553881500934159668e+12
2.433907340835875488e+12
2.317828075912436035e+12
2.206998808509854980e+12
2.103297517486743896e+12
2.006744484178868652e+12
1.915372778900668701e+12
1.827314172049529785e+12
1.742831872787575684e+12
1.663513643540013672e+12
1.589389918044748779e+12
1.518755156880434814e+12
1.450566710633698730e+12
1.385532239726698486e+12
1.324569662991514404e+12
1.267041588069920410e+12
1.211883581445464844e+12
1.159013045377727051e+12
1.108929171976805176e+12
1.061677651925293945e+12
1.016756085919312134e+12
9.737471365695853271e+11
9.326441335628360596e+11
8.937244978265966797e+11
8.568909398936232910e+11
8.216598285553126221e+11
7.878480306947264404e+11
7.557299893935695801e+11
7.253336123333739014e+11
6.962775649025875244e+11
6.683858488132944336e+11
6.418158820729342041e+11
6.166130032090812988e+11
5.925636427984595947e+11
5.694877006424056396e+11
5.474254419675818481e+11
5.264585548186402588e+11
5.064518500964738159e+11
4.872488813740639648e+11
4.688543148421909180e+11
4.513182154974196777e+11
4.345762173968760986e+11
4.185066700908683472e+11
4.030932376354137573e+11
3.883691698639362183e+11
3.742831612966279297e+11
3.607676149666799927e+11
3.478045654873873901e+11
3.353847274549992065e+11
3.234899658891237793e+11
3.120862273897487793e+11
3.011332290050119629e+11
2.906265076291510620e+11
2.805585436983082275e+11
2.708932472341952820e+11
2.616107539113465881e+11
2.527011023456420288e+11
2.441496805324488525e+11
2.359394514968464355e+11
2.280502570373645325e+11
2.204734461392028198e+11
2.131975397182800903e+11
2.062048227085299988e+11
1.994848581900350342e+11
1.930298336310231628e+11
1.868255521315523071e+11
1.808594430815242920e+11
1.751275572141894531e+11
1.696206017195377502e+11
1.643284884375534363e+11
1.592496779616115723e+11
1.543771640533970947e+11
1.496738281829382324e+11
1.450985694301289368e+11
1.406960666710635681e+11
1.365175305357420349e+11
1.325011980400572510e+11
1.285850291377350311e+11
1.248212397650898895e+11
1.212400095700108795e+11
1.177724774616874390e+11
1.144062916263143921e+11
1.111922866687461853e+11
1.081055722858665771e+11
1.051047958663541107e+11
1.022195078943018188e+11
9.945786567457083130e+10
9.678123276325798035e+10
9.419319565127253723e+10
9.171412968376200867e+10
8.932100383396716309e+10
8.700069271813981628e+10
8.477057696626466370e+10
8.262428956991345215e+10
8.054344325965562439e+10
7.853492358177059937e+10
7.660346150176484680e+10
7.473478723037219238e+10
7.292511508753556824e+10
7.118168728801065063e+10
6.949900275007557678e+10
6.786803170421562195e+10
6.629145502650566101e+10
6.477084908684342194e+10
6.329901537904553986e+10
6.187256318642111969e+10
6.049414019349134064e+10
5.916193467492984009e+10
5.787064143384425354e+10
5.661931563480914307e+10
5.540909936123176575e+10
5.423753692898847198e+10
5.310112738397250366e+10
5.199944602872734833e+10
5.093283551909698486e+10
4.989940872012549591e+10
4.889721887797737122e+10
4.792694796351425934e+10
4.699145665216312408e+10
4.609539284729035950e+10
4.524471643963713074e+10
4.442871101919599152e+10
4.358886802956387329e+10
4.269488215446472931e+10
4.186217622189537811e+10
4.114311229355890656e+10
4.041475100278473663e+10
3.963232820921949768e+10
3.891682123851671600e+10
3.826912193372663879e+10
3.758171058644512939e+10
3.689971368613076782e+10
3.629077499542273712e+10
3.567876453823273468e+10
3.504913769669174957e+10
3.447226971661501312e+10
3.391515001373210526e+10
3.333959305906225586e+10
3.279623864282084274e+10
3.228186443149724960e+10
3.175590252487886429e+10
3.124682452058502960e+10
3.076793318741202927e+10
3.028671326632661819e+10
2.981403876688249207e+10
2.937129231677050018e+10
2.894169735395136261e+10
2.852791908969282532e+10
2.813622919938972092e+10
2.771155346337954712e+10
2.724683097662134171e+10
2.684216949244338226e+10
2.649635932074929047e+10
2.611070102746471024e+10
2.570314819058886719e+10
2.535572255426030731e+10
2.502128258816490936e+10
2.465045380047506332e+10
2.430708961710468292e+10
2.400056994757037354e+10
2.367715792610880280e+10
2.337329218251108170e+10
2.313295702833654404e+10
2.289728303203583908e+10
2.257253480104997253e+10
2.216994108553183746e+10
2.185656331817973328e+10
2.164675651417601013e+10
