2.136741965738083649e+10
7.802915155428122559e+11
2.466653735627235718e+11
3.528955357974841309e+11
4.544687419792954102e+11
3.532535403525480347e+11
1.624996265600462952e+11
1.018062902094336853e+11
1.971090330526577759e+11
2.544418545037998962e+11
1.869974257191394348e+11
1.013935445232956543e+11
8.438916246596572876e+10
1.048189746769393921e+11
1.127198405135686340e+11
1.063546351929209595e+11
9.644566078048333740e+10
7.839292462272874451e+10
5.650464673555638885e+10
5.060944786760567474e+10
6.240281238997889709e+10
6.853959209377789307e+10
5.779338330283856201e+10
4.404728591236959839e+10
3.838048798245126343e+10
3.646203587622576141e+10
3.552634534188072968e+10
3.858325860141844177e+10
4.052936067509332275e+10
3.258407882135280609e+10
2.100213926764622498e+10
2.000929217942231369e+10
2.795735903735423279e+10
3.031389968823860168e+10
2.335329667369189072e+10
1.672351845506147003e+10
1.614006809106304932e+10
1.837404867006729126e+10
1.962947413754184723e+10
1.855071895868276215e+10
1.507448666778240395e+10
1.200762345595299339e+10
1.262693075035128593e+10
1.491680416780685806e+10
1.437705621754715347e+10
1.151911433905072212e+10
1.010618055576902962e+10
1.061784056581038475e+10
1.102062536563031197e+10
1.067695656742890167e+10
9.866523082206310272e+09
8.818638475425691605e+09
8.382031532255431175e+09
8.787095479737682343e+09
8.827832819853116989e+09
8.070163763612939835e+09
7.453472513683528900e+09
7.299984504620094299e+09
7.234754958904541016e+09
7.207015924218950272e+09
7.026287410283349037e+09
6.480426691388397217e+09
6.113601446948574066e+09
6.280119605951963425e+09
6.353360204966437340e+09
5.957928892193054199e+09
5.574225694837521553e+09
5.523150023050312042e+09
5.581538003396736145e+09
5.493215147065225601e+09
5.228056885307362556e+09
4.996633090627417564e+09
4.987186436801095009e+09
5.018554793544550896e+09
4.864220906697783470e+09
4.658349323753926277e+09
4.579356603589722633e+09
4.571312207576606750e+09
4.520566244586949348e+09
4.394312477744031906e+09
4.268198121820302486e+09
4.231373937111109257e+09
4.219789733482796192e+09
4.136996791766052246e+09
4.034272834305248737e+09
3.982285744475996017e+09
3.956098226488255024e+09
3.912824949580508709e+09
3.844497071264628410e+09
3.779879242655312061e+09
3.749097897645513535e+09
3.725006862154295921e+09
3.673622501139064312e+09
3.619691340847037792e+09
3.587981453855098724e+09
3.563822040692761898e+09
3.530326429130343437e+09
3.489068735191375256e+09
3.455564321630322933e+09
3.434681004676764965e+09
3.410794785605250835e+09
3.378569845945807457e+09
3.349913599735725403e+09
3.330116173760876179e+09
3.311769217569929123e+09
3.287816512198218822e+09
3.263217602981057644e+09
3.245943445207669258e+09
3.231423916381737709e+09
3.212415266632895947e+09
3.192823082943949223e+09
3.178160029713269711e+09
3.165815090393971443e+09
3.151084589407505989e+09
3.135439616210069180e+09
3.123275876883345604e+09
3.113031270024332523e+09
3.101087205660900593e+09
3.089007972419587135e+09
3.079106738689168930e+09
3.070288778157496452e+09
3.060932326552906990e+09
3.051562945967421532e+09
3.043352171617818832e+09
3.036066508133940220e+09
3.028757620767456532e+09
3.021305557274100780e+09
3.014581471009125233e+09
3.008769275730517387e+09
3.002909626124706745e+09
2.996911648884582996e+09
2.991607433333683968e+09
2.986891909172087669e+09
2.982137774386436462e+09
2.977416718970768929e+09
2.973166082075472355e+09
2.969349441392981052e+09
2.965533581822871208e+09
2.961756206692001343e+09
2.958374183051206589e+09
2.955293822111696243e+09
2.952188460291226387e+09
2.949174147084208488e+09
2.946490359563755989e+09
2.943957349531959534e+09
2.941434006048182487e+09
2.939041941511305809e+09
2.936852233842674732e+09
2.934779633253165722e+09
2.932727800345194817e+09
2.930783706947585583e+09
2.929004788640231609e+09
2.927280213362229347e+09
2.925595646923897743e+09
2.924009927435960770e+09
2.922524740695465088e+09
2.921089076120367527e+09
2.919684507537667751e+09
2.918364202703896046e+09
2.917114719886702061e+09
2.915892374077824593e+09
2.914708228629119873e+09
2.913586857015799999e+09
2.912514004212516308e+09
2.911457817590739250e+09
2.910438252758523464e+09
2.909469428016314983e+09
2.908524203234171391e+09
2.907597139236325264e+09
2.906703108878119946e+09
2.905841900813525200e+09
2.904995139698730469e+09
2.904165175770242691e+09
2.903363301851233006e+09
2.902579599253086090e+09
2.901806604354293823e+09
2.901049927159180641e+09
2.900312462326406002e+09
2.899585448917212486e+09
2.898867502088068485e+09
2.898163534213027000e+09
2.897470771469448566e+09
2.896785340435586452e+09
2.896107351203189373e+09
2.895439419604259491e+09
2.894778659035042286e+09
2.894122115676935196e+09
2.893472332543573856e+09
2.892829028664682388e+09
2.892189523639601707e+09
2.891553404056022644e+09
2.890922384568681717e+09
2.890294988442728043e+09
2.889669473976313114e+09
2.889046999947005749e+09
2.888427627856823921e+09
2.887809784083943367e+09
2.887193262805707932e+09
2.886578965800330639e+09
2.885965930716970444e+09
