1.912424275330955029e+09
1.073946696473942871e+12
1.719040820999053955e+11
3.726330009164343262e+11
5.938957080608352051e+11
4.373449638033323975e+11
1.711731979444336548e+11
8.034891373011138916e+10
1.888937184620476685e+11
2.885629458131579590e+11
2.485970005128097839e+11
1.419643834235766907e+11
7.321388755966064453e+10
6.776436668571238708e+10
1.017541444426768494e+11
1.358584236788336182e+11
1.334265437890126190e+11
8.751511422095132446e+10
3.599678625167053986e+10
2.620171045179256058e+10
5.746032253961289215e+10
8.312494414297056580e+10
7.279256471505168152e+10
4.175721516090785980e+10
2.004610448203079987e+10
1.966819588654873657e+10
3.334888565416643143e+10
4.537359486522055054e+10
4.180457003948755646e+10
2.324568278378765869e+10
7.974835229218304634e+09
1.125268949069591331e+10
2.491088470650017166e+10
2.920994760927627182e+10
1.949162187664444351e+10
8.272309590277057648e+09
6.097580813985419273e+09
1.150110210949899673e+10
1.660576434933390999e+10
1.537991992350275421e+10
8.649884589058374405e+09
3.675159416750510216e+09
5.609073058921836853e+09
1.034628724741868019e+10
1.065937791549063301e+10
6.477147039555590630e+09
3.370863980591346741e+09
4.036846905557954788e+09
6.250637941863414764e+09
6.922158248727091789e+09
5.232722127968894958e+09
3.080255011397462845e+09
2.880416727042845726e+09
4.339688649396595001e+09
4.962064969216547012e+09
3.867027485745600224e+09
2.631623163583196640e+09
2.552210268942713261e+09
3.254331853858269215e+09
3.641894951061585903e+09
3.124565998722169399e+09
2.284564112914391041e+09
2.182961303637323380e+09
2.767129923760437965e+09
2.982408624376743317e+09
2.487978438816987038e+09
2.012737930278385639e+09
2.109316498548053741e+09
2.474302788136749268e+09
2.495344472454166889e+09
2.116434130527099609e+09
1.890495379943811893e+09
2.081247352681849718e+09
2.275210518203935623e+09
2.142550483501571178e+09
1.913333906861540794e+09
1.895227786638665915e+09
2.035185586704073906e+09
2.078362163032473326e+09
1.949252050805689335e+09
1.843355897608161926e+09
1.896123851341843128e+09
1.975190417022055864e+09
1.938239056071813822e+09
1.849421711237171650e+09
1.834307420611263990e+09
1.888814694088584423e+09
1.905737422693370342e+09
1.852079154271304369e+09
1.815348246732183456e+09
1.839736105284326315e+09
1.864602594111963272e+09
1.846283834654784441e+09
1.813686481351534367e+09
1.811434221978801250e+09
1.834646244795967579e+09
1.835724013267296076e+09
1.809740350676904917e+09
1.800770311651938438e+09
1.815492708278646231e+09
1.821299210210369587e+09
1.807658441466889381e+09
1.795863476450232029e+09
1.802831683256534338e+09
1.811620828921331644e+09
1.802985557232586145e+09
1.793048156603172064e+09
1.797153646955069542e+09
1.802749950843972206e+09
1.798782137850455284e+09
1.791914151286441565e+09
1.792628519005185127e+09
1.797250668587532520e+09
1.795027396855111361e+09
1.790075410533039808e+09
1.790555557098571777e+09
1.792726974760753632e+09
1.791872098180269003e+09
1.789048294229404449e+09
1.788139646710810900e+09
1.789892552798400640e+09
1.789624145838461161e+09
1.787208280768777609e+09
1.786770803614811897e+09
1.787692661859364271e+09
1.787419742033227921e+09
1.785937661968744040e+09
1.785274550825340509e+09
1.785965677572193623e+09
1.785703284450691938e+09
1.784446239831020117e+09
1.784127872511831522e+09
1.784407888480410099e+09
1.784082482534131289e+09
1.783224219247757673e+09
1.782874773134284496e+09
1.783043180175828218e+09
1.782649792336322546e+09
1.781961088465193748e+09
1.781745959848785162e+09
1.781696411086522818e+09
1.781318054882071733e+09
1.780778723532737970e+09
1.780560983497038841e+09
1.780443200630999327e+09
1.780028058754698038e+09
1.779607944752137899e+09
1.779396251731410980e+09
1.779182516985648155e+09
1.778803734913750648e+09
1.778430141609427691e+09
1.778214887298668385e+09
1.777955686033697844e+09
1.777579730083102942e+09
1.777260570000352144e+09
1.777021717167937994e+09
1.776728762424872160e+09
1.776371719812824965e+09
1.776077983217058182e+09
1.775817971811456680e+09
1.775499535648022413e+09
1.775169242310552120e+09
1.774880058787455797e+09
1.774597408089149952e+09
1.774275856030085564e+09
1.773955357453676462e+09
1.773667430134768248e+09
1.773367690906559467e+09
1.773044095963987112e+09
1.772733086272206306e+09
1.772438579278902531e+09
1.772126711413628817e+09
1.771804600436976910e+09
1.771498576323611736e+09
1.771193609514787436e+09
1.770874770528232098e+09
1.770556410961276770e+09
1.770248211802648783e+09
1.769934393919057846e+09
1.769612506604618311e+09
1.769296138960296631e+09
1.768982121872258902e+09
1.768662139500085831e+09
1.768339529995766163e+09
1.768021240068314552e+09
1.767701895374875307e+09
1.767377424271012068e+09
1.767053931105178833e+09
1.766732263926085234e+09
1.766407665725262403e+09
1.766080429678819895e+09
1.765755037523909092e+09
1.765429128110205889e+09
1.765100110011888504e+09
1.764770927967525721e+09
1.764442394280014277e+09
1.764112063811851978e+09
1.763779909348929882e+09
1.763448288305097580e+09
1.763115944769171000e+09
