2.885353472798313618e+09
9.531501595262611084e+11
1.702861250063331299e+11
3.787217614730539551e+11
5.154695659633544922e+11
3.683343014683908691e+11
1.588240618544765625e+11
9.601909748831365967e+10
1.865475632928941650e+11
2.552733015537155457e+11
2.067531131128308411e+11
1.191703459229744873e+11
7.704016430320794678e+10
7.924874955347692871e+10
9.705897518716387939e+10
1.129811494879728546e+11
1.105411858511130524e+11
7.981036259577821350e+10
4.144120965593750763e+10
3.163086517341400909e+10
5.305399946485249329e+10
7.048907338169818115e+10
6.150113207471989441e+10
3.933770088490190125e+10
2.454614072463085175e+10
2.242739909922537613e+10
2.922750258301490402e+10
3.808539345109942627e+10
3.795957253046949768e+10
2.424740250151612854e+10
1.013867631647505951e+10
1.129510089138020897e+10
2.270757846914520264e+10
2.660103092880997467e+10
1.841079873713893509e+10
9.256764815892532349e+09
7.583114935898374557e+09
1.150129581016773224e+10
1.527745470086135483e+10
1.458793082535308266e+10
9.257252923447113037e+09
4.812676321461883545e+09
6.274154431795672417e+09
1.037178071580909920e+10
1.046967958039159966e+10
6.727170748910670280e+09
4.337622882809630394e+09
5.120273506577922821e+09
6.740618738894406319e+09
7.045856127371884346e+09
5.696318034137858391e+09
4.025219762588430405e+09
3.899879894903167248e+09
5.073248358310873985e+09
5.411684705587533951e+09
4.417017769107473373e+09
3.590782316665138721e+09
3.627424772583156109e+09
3.995123532210584641e+09
4.201230885987738132e+09
3.916371863439712048e+09
3.280011957028865814e+09
3.109903149517724991e+09
3.559644513414978504e+09
3.738955112118968487e+09
3.329483865060046196e+09
2.974512183124218464e+09
3.047521302507494450e+09
3.284654681613476753e+09
3.308799542951417923e+09
3.042760415283677578e+09
2.838000443856711388e+09
2.965934915888813496e+09
3.133924570396355629e+09
3.028909328124860287e+09
2.837320884279813766e+09
2.820876939386212349e+09
2.928319335844787121e+09
2.964645401259204865e+09
2.859928386003602505e+09
2.764943763299012661e+09
2.813369305205480099e+09
2.881646096893959045e+09
2.836074455212107658e+09
2.764679638301582336e+09
2.765774221857164860e+09
2.801333786949090958e+09
2.805741196166883945e+09
2.769127909948596954e+09
2.741318889619665146e+09
2.757144871305760384e+09
2.775224557568127632e+09
2.759171759218682766e+09
2.735354955049620152e+09
2.733774613475094318e+09
2.747951114532804966e+09
2.749181352044694424e+09
2.730175742858627319e+09
2.721187564323221684e+09
2.732240814827969551e+09
2.736421933817724705e+09
2.725080448494862556e+09
2.716363864306243420e+09
2.720573588567950249e+09
2.726661143987042427e+09
2.720707166376898289e+09
2.711880527786489964e+09
2.714445264097423553e+09
2.719258481684820652e+09
2.715257776112120152e+09
2.709524701272647858e+09
2.710192429577148438e+09
2.713129398922200680e+09
2.711169179437069416e+09
2.707025255442149639e+09
2.706984782836899281e+09
2.708661961260085583e+09
2.707439327138828278e+09
2.704835730571009159e+09
2.704234471280271530e+09
2.705113754188062191e+09
2.704427493735053539e+09
2.702514089104634762e+09
2.701893162511937141e+09
2.702184894688066006e+09
2.701727835547914982e+09
2.700380512207688808e+09
2.699538282565645218e+09
2.699749771094382763e+09
2.699333925406992912e+09
2.698060552790384769e+09
2.697507441329393387e+09
2.697490871248303890e+09
2.696930959949257851e+09
2.695980616835947990e+09
2.695462551950946808e+09
2.695291938112291336e+09
2.694704278580591202e+09
2.693904038116994858e+09
2.693453100915510654e+09
2.693132434928890705e+09
2.692556635059242249e+09
2.691859131849721432e+09
2.691410600954367161e+09
2.691033124988366604e+09
2.690426343471023083e+09
2.689819474283809185e+09
2.689370651456553459e+09
2.688917550047066212e+09
2.688337278458160877e+09
2.687760518146929264e+09
2.687308923939711094e+09
2.686816485674046993e+09
2.686232809121200085e+09
2.685701418042763233e+09
2.685222652552501202e+09
2.684700190223094463e+09
2.684135169902519226e+09
2.683613123931375980e+09
2.683115260992033958e+09
2.682574550617076397e+09
2.682022408181066513e+09
2.681501031235063553e+09
2.680984506764046192e+09
2.680435726129642010e+09
2.679888565424741268e+09
2.679365619199378014e+09
2.678830314995818615e+09
2.678278796576275349e+09
2.677734951688993454e+09
2.677201755020533562e+09
2.676656560813474655e+09
2.676100756220163822e+09
2.675557410683300972e+09
2.675014171620377064e+09
2.674458291792418480e+09
2.673903321616367340e+09
2.673354556070607662e+09
2.672800416390381813e+09
2.672239822790484905e+09
2.671682330683322906e+09
2.671125639000115395e+09
2.670563777598497391e+09
2.669999003158909798e+09
2.669436509044233322e+09
2.668872685947375774e+09
2.668303792937780380e+09
2.667734918205268383e+09
2.667166764032682896e+09
2.666595252061465263e+09
2.666021035369410515e+09
2.665447457024354935e+09
2.664872565513255596e+09
2.664294402597444057e+09
2.663715465889412403e+09
2.663136113507367134e+09
2.662554474995716572e+09
2.661970785675869942e+09
2.661386610552373409e+09
2.660801038335277081e+09
