2.660213269519533157e+09
9.904772992368743896e+11
1.781518270088189087e+11
3.656616563736605835e+11
5.402518475357518921e+11
3.999411215837962646e+11
1.630038856706351624e+11
8.288725067433789062e+10
1.846455647783177795e+11
2.701814087207174988e+11
2.234819067512883301e+11
1.252551097892740936e+11
7.327754593267486572e+10
7.460835896320927429e+10
9.900070582754675293e+10
1.210099405256564941e+11
1.183895317969306946e+11
8.245690332917007446e+10
3.924885744209822083e+10
2.907765036562196732e+10
5.409388182018306732e+10
7.499024025487153625e+10
6.590993266761822510e+10
4.041479276774538422e+10
2.263425107926620865e+10
2.084267282333453751e+10
3.045921104321136856e+10
4.111207097404819489e+10
3.984487053573995972e+10
2.376121313820964813e+10
8.804342742049777985e+09
1.114959378675859642e+10
2.396672423889264297e+10
2.786424151805960464e+10
1.858674800395917892e+10
8.661733147891117096e+09
7.223094243153349876e+09
1.178309516000805664e+10
1.576325576864553261e+10
1.478512011099034882e+10
9.142207670627264023e+09
4.588843308211361885e+09
6.095486411491005898e+09
1.036105211685096550e+10
1.062131560690273285e+10
6.789120306681538582e+09
4.111520994757282257e+09
4.787282762962908745e+09
6.607829166263089180e+09
7.110205364276230812e+09
5.696895443241621971e+09
3.803845248852790833e+09
3.572097267343145370e+09
4.882202672970467567e+09
5.410735663358813286e+09
4.366504939453004837e+09
3.316819021778887749e+09
3.311996214035166740e+09
3.859542279419215679e+09
4.141981307103997231e+09
3.734569379591701031e+09
3.010083561091001034e+09
2.888953477976996899e+09
3.403061237839410782e+09
3.581907552088315964e+09
3.130368367816582680e+09
2.740619317642794609e+09
2.828341939965475082e+09
3.107612450231502533e+09
3.131133556244842529e+09
2.824849339229726791e+09
2.608940340240299225e+09
2.764073588236193657e+09
2.945012696261333466e+09
2.822556065946064472e+09
2.618034101107828140e+09
2.609191173840746880e+09
2.723060571877161026e+09
2.756747749762364864e+09
2.651918342042728424e+09
2.553792230033600807e+09
2.595253585521565914e+09
2.670408886031511784e+09
2.634264266055465698e+09
2.552459000611465931e+09
2.544075791605802059e+09
2.590035234427141666e+09
2.601333068178221703e+09
2.555990089166416168e+09
2.523015963696319103e+09
2.544500578639034271e+09
2.566408295834348202e+09
2.546731250443900108e+09
2.519862120167985916e+09
2.520344251140765667e+09
2.536238736677403450e+09
2.536738538644598007e+09
2.516990736563625336e+09
2.507088491965734959e+09
2.518758967994714737e+09
2.524818181753044128e+09
2.512188414719760418e+09
2.501823671319078445e+09
2.507625483535360813e+09
2.514453981223240376e+09
2.507536061738577366e+09
2.498446518836074829e+09
2.501135079961512089e+09
2.506558374638871193e+09
2.502703978679969311e+09
2.496071261627315998e+09
2.496979045519632816e+09
2.500629927186188221e+09
2.498332107978373528e+09
2.493999423892394066e+09
2.494061376998862267e+09
2.495881313623854637e+09
2.494896525571579456e+09
2.492022726718369007e+09
2.491323745187411785e+09
2.492594508681184292e+09
2.491907282248131752e+09
2.489833445880081177e+09
2.489274583286318302e+09
2.489707683626375198e+09
2.489339818344396114e+09
2.487893007167809963e+09
2.487073849212101460e+09
2.487449845275686264e+09
2.487037680496820927e+09
2.485763188797986031e+09
2.485244728557567120e+09
2.485291437093124866e+09
2.484824875595616341e+09
2.483844311643164158e+09
2.483347069728094578e+09
2.483295644930563450e+09
2.482727014933988571e+09
2.481930403644675732e+09
2.481540556582275391e+09
2.481280703443884850e+09
2.480740335359254360e+09
2.480067362161110401e+09
2.479669243106205463e+09
2.479345963577697754e+09
2.478779250432060242e+09
2.478204415916675091e+09
2.477798886077738762e+09
2.477406112470510960e+09
2.476859939910600185e+09
2.476316638308173656e+09
2.475921129648803234e+09
2.475472963568061829e+09
2.474928874920433044e+09
2.474439584419424057e+09
2.474007944469410896e+09
2.473534563498670578e+09
2.473007769379314899e+09
2.472529224618573189e+09
2.472081985906287670e+09
2.471585243627952576e+09
2.471074053679275990e+09
2.470599667718192577e+09
2.470131714507689476e+09
2.469625502330419064e+09
2.469122993221161842e+09
2.468647892745299816e+09
2.468158540214475155e+09
2.467652011539687157e+09
2.467153776263453007e+09
2.466668285852604866e+09
2.466169345887712955e+09
2.465658942167027950e+09
2.465162821783850670e+09
2.464666842830939293e+09
2.464157629498503685e+09
2.463649098181630611e+09
2.463148009921370983e+09
2.462641564212325573e+09
2.462127706810603142e+09
2.461617834036176682e+09
2.461109284721119881e+09
2.460595031076462269e+09
2.460077942339081287e+09
2.459563773108088493e+09
2.459048172654199600e+09
2.458527523491759300e+09
2.458007039985774994e+09
2.457487481975362778e+09
2.456964886189088821e+09
2.456439245434570312e+09
2.455914620034770966e+09
2.455389049656097412e+09
2.454859930896913052e+09
2.454330267702576160e+09
2.453800498597693920e+09
2.453268453154419899e+09
2.452734365086666107e+09
2.452200067709523678e+09
2.451664513897723198e+09
