2.257451321370629311e+09
1.046573187508793579e+12
1.748782414547304688e+11
3.634365673006538086e+11
5.739933222631358643e+11
4.290270339860191650e+11
1.647947839576288757e+11
7.506008383207997131e+10
1.882172043133104553e+11
2.850901188354885864e+11
2.380189249246121216e+11
1.329269590611533203e+11
7.362156092148231506e+10
7.143051497415303040e+10
9.934197838575486755e+10
1.284992109349913635e+11
1.285250791636127777e+11
8.727862446556587219e+10
3.682650754863142395e+10
2.544172038091996002e+10
5.550835447385125732e+10
8.091833160127037048e+10
7.097324454966203308e+10
4.110458725727290344e+10
2.044493227244886780e+10
1.966846668838496017e+10
3.220400452468576050e+10
4.414852566895996094e+10
4.146146608156136322e+10
2.329744265650738907e+10
7.823209984449063301e+09
1.111552051120124435e+10
2.485002382838106918e+10
2.885682074519177246e+10
1.906932438037628174e+10
8.387766752437995911e+09
6.517279192728202820e+09
1.152564386897280502e+10
1.633938873101688957e+10
1.537787038354501534e+10
8.873344599370260239e+09
3.831797634441055298e+09
5.782399934900094032e+09
1.057203640550284386e+10
1.072933186581666946e+10
6.506237140366849899e+09
3.670396026690370083e+09
4.444724299880597115e+09
6.425137203909584045e+09
6.993625130770450592e+09
5.480752290208749771e+09
3.430807915466662884e+09
3.166228348309294224e+09
4.575369740413256645e+09
5.194421773639629364e+09
4.123641460602775097e+09
2.948174865670606136e+09
2.874370617369363785e+09
3.514955671837887764e+09
3.901441600430949688e+09
3.433628634032982349e+09
2.594255392222655296e+09
2.481973985332024574e+09
3.076459575519947052e+09
3.275702889013226032e+09
2.777032858965999603e+09
2.340215876945227623e+09
2.437390620192247391e+09
2.766910363015555382e+09
2.797399496047672749e+09
2.443631947331181526e+09
2.210182513357059956e+09
2.394990963919437408e+09
2.591776684809985161e+09
2.455343099924922943e+09
2.233994234179337502e+09
2.223156139077847481e+09
2.351250462969114304e+09
2.392480102642686844e+09
2.274435162777637959e+09
2.167010931745678902e+09
2.215923558333353996e+09
2.297631261976304054e+09
2.259419612452025890e+09
2.171390631171620369e+09
2.159775883189185143e+09
2.211665501833388805e+09
2.227027482940617561e+09
2.175724996390658379e+09
2.139574461985472679e+09
2.164383169884963036e+09
2.187996937488758087e+09
2.168041058824208260e+09
2.138848754809994936e+09
2.137381776409052134e+09
2.156671219382950306e+09
2.158951349353884697e+09
2.135461544015081167e+09
2.124671770899240255e+09
2.138922882567728043e+09
2.145570860498988152e+09
2.131615356676163197e+09
2.120128608990143538e+09
2.126939460998733521e+09
2.135200359135225773e+09
2.127072090054069996e+09
2.117119390940903664e+09
2.120930780513671160e+09
2.126629950223551035e+09
2.122409675823116064e+09
2.115660100089896679e+09
2.116522974370159626e+09
2.120681204727100611e+09
2.118481019709935427e+09
2.113704370329542875e+09
2.113952089220467806e+09
2.116062098897194862e+09
2.115114981974234819e+09
2.112212877210727930e+09
2.111390678073644876e+09
2.112930299837632656e+09
2.112489428318219185e+09
2.110190664159033775e+09
2.109660358232214212e+09
2.110370887083812952e+09
2.110069887375247955e+09
2.108576271837549925e+09
2.107790495748772860e+09
2.108357389488756180e+09
2.108045510221703768e+09
2.106725906546235323e+09
2.106294770188112736e+09
2.106486595173601389e+09
2.106087484506739140e+09
2.105136963354952335e+09
2.104704500363146782e+09
2.104785709206018448e+09
2.104290016479699373e+09
2.103523670992992401e+09
2.103230030994226694e+09
2.103071564926874876e+09
2.102602762695336819e+09
2.101988400177669764e+09
2.101674056233320713e+09
2.101454581535120726e+09
2.100952732015976906e+09
2.100448418413631201e+09
2.100135974746880293e+09
2.099825026063758373e+09
2.099360808243649006e+09
2.098891314036412239e+09
2.098579169168109894e+09
2.098225828950040102e+09
2.097755251131217003e+09
2.097343395984178782e+09
2.097004908981023788e+09
2.096616007325390816e+09
2.096166254133557081e+09
2.095772878326076031e+09
2.095415850406156540e+09
2.095001174298071146e+09
2.094572511020755529e+09
2.094186008727570295e+09
2.093804396512405634e+09
2.093383821187554121e+09
2.092965846456244469e+09
2.092578108601045132e+09
2.092177604561613560e+09
2.091755912166077137e+09
2.091344540496559620e+09
2.090948485598812342e+09
2.090537042085342407e+09
2.090113659272718191e+09
2.089706265297448635e+09
2.089299807309495211e+09
2.088878912526279211e+09
2.088458918601568937e+09
2.088047891319235086e+09
2.087631356224396467e+09
2.087206745732270479e+09
2.086787020177513838e+09
2.086369393099862099e+09
2.085945539862291574e+09
2.085519086839189768e+09
2.085096239495989561e+09
2.084672185130264521e+09
2.084242985881367922e+09
2.083814212055294037e+09
2.083387048302917719e+09
2.082956742423885584e+09
2.082523546460689306e+09
2.082091834409698963e+09
2.081659383445185423e+09
2.081223578964371443e+09
2.080787319039191961e+09
2.080351457999744892e+09
2.079913478668224096e+09
2.079473507174461365e+09
2.079033762311477661e+09
2.078592973062827826e+09
