1.762781739545568705e+09
1.105881009603190186e+12
1.613182728047947083e+11
3.783771732970313110e+11
6.097719827258984375e+11
4.447923297372872314e+11
1.691500336395301514e+11
7.756704222432153320e+10
1.927907616968693848e+11
2.970931809564600220e+11
2.539763911871995239e+11
1.410914491169408569e+11
7.089067667916850281e+10
6.914182063862026978e+10
1.060025382159044189e+11
1.388375396248360596e+11
1.337696748804157562e+11
8.720366003995072937e+10
3.659577993893471527e+10
2.731588896695029449e+10
5.843488384821070862e+10
8.401274531022157288e+10
7.353023856242341614e+10
4.203669801766984558e+10
2.004229506165635681e+10
1.996134973975614929e+10
3.397301642674744415e+10
4.580739354644087982e+10
4.191713678050746155e+10
2.336493159434712601e+10
8.174129593283483505e+09
1.132243327841633987e+10
2.490498046702195740e+10
2.937128525805204391e+10
1.973545981955331421e+10
8.315446778214583397e+09
5.943145002250251770e+09
1.139144671203532410e+10
1.665746852068310738e+10
1.551229310010040283e+10
8.701767772580732346e+09
3.520744006149738312e+09
5.357184680212370872e+09
1.029098539205170059e+10
1.082103942239591980e+10
6.493837793335445404e+09
3.087839477518769264e+09
3.785729891328670502e+09
6.279054521004431725e+09
6.997775460554315567e+09
5.081812571805765152e+09
2.816530152421323776e+09
2.752210246852897167e+09
4.338402064782671928e+09
4.893839569561875343e+09
3.671345128694965363e+09
2.447028138006390572e+09
2.471263836766054153e+09
3.182056568729376316e+09
3.486338716394164085e+09
2.953608070844323158e+09
2.170334990760138035e+09
2.075068077172949076e+09
2.620987023785914898e+09
2.834876237155700684e+09
2.360744292318249702e+09
1.883151555948354721e+09
1.967789284141605854e+09
2.330411351018282413e+09
2.359172328241986275e+09
1.987182587483675718e+09
1.750064378163761377e+09
1.929128269767771006e+09
2.138083253852602005e+09
2.016290976821783781e+09
1.768564838164045334e+09
1.742390832852734804e+09
1.899286098127328634e+09
1.946199830076974392e+09
1.804298085989069939e+09
1.696334647337676048e+09
1.756151735676611423e+09
1.837355382290574312e+09
1.797052823365687132e+09
1.704706285193674803e+09
1.691127039669107914e+09
1.749426044311569214e+09
1.765098601548714876e+09
1.708365622697501898e+09
1.672275176430387735e+09
1.698453026844833136e+09
1.723596163417335033e+09
1.704025302224317074e+09
1.670232779999326229e+09
1.669287223109749794e+09
1.693790322124968529e+09
1.693329648206449986e+09
1.666507059693544626e+09
1.658856267483129263e+09
1.673854627396066189e+09
1.678837430716902733e+09
1.665168902488161802e+09
1.653702933291463375e+09
1.660668281500377893e+09
1.669434930999630928e+09
1.660754039545049906e+09
1.650671826417640924e+09
1.654897124657153606e+09
1.660698117102555513e+09
1.656548411551734686e+09
1.649527295806917667e+09
1.650419560174346447e+09
1.655141370563519478e+09
1.652826662897826195e+09
1.647766236683717251e+09
1.648307363583185196e+09
1.650639116082644463e+09
1.649692322003075600e+09
1.646747356844147921e+09
1.645962581935109854e+09
1.647776493833751202e+09
1.647442998747128725e+09
1.644988360998601437e+09
1.644590690145718813e+09
1.645588986364040375e+09
1.645259153660697222e+09
1.643736563735034466e+09
1.643154190548649788e+09
1.643839503642497540e+09
1.643559313028058529e+09
1.642317197210127592e+09
1.641986251882697582e+09
1.642310368485073328e+09
1.641983098004610538e+09
1.641083766827396631e+09
1.640782812094800472e+09
1.640968692396833420e+09
1.640545092402013063e+09
1.639870014684068441e+09
1.639677466493685007e+09
1.639627661847879171e+09
1.639243601220901966e+09
1.638718473986026287e+09
1.638509957020528555e+09
1.638390654836339474e+09
1.637987694436893463e+09
1.637568082978414297e+09
1.637361616816797018e+09
1.637163430314155817e+09
1.636780946718946934e+09
1.636412208498089075e+09
1.636211020024208307e+09
1.635954586966673136e+09
1.635581050688512325e+09
1.635269757392780304e+09
1.635040693522935629e+09
1.634750715759158611e+09
1.634397363664707899e+09
1.634113916545655251e+09
1.633859593751832247e+09
1.633544936376154900e+09
1.633221815501831293e+09
1.632940056637734413e+09
1.632662790905966759e+09
1.632346925265238047e+09
1.632033393118051529e+09
1.631751764768512249e+09
1.631458567830426216e+09
1.631140651742652178e+09
1.630836191022851944e+09
1.630549070928256512e+09
1.630242540337131739e+09
1.629927040099640608e+09
1.629628126983565807e+09
1.629329209820313215e+09
1.629016995778338671e+09
1.628705146965937614e+09
1.628403641812460184e+09
1.628096583051971674e+09
1.627781015664348841e+09
1.627471362521329641e+09
1.627164384871071577e+09
1.626850865131725788e+09
1.626534772454709291e+09
1.626223681829126835e+09
1.625911040469633102e+09
1.625593073566511393e+09
1.625276701859540701e+09
1.624961967435775280e+09
1.624644030288738489e+09
1.624323782706926107e+09
1.624005458038251400e+09
1.623686407828964710e+09
1.623364341667356014e+09
1.623042271514199734e+09
1.622720750546776056e+09
1.622397442651907682e+09
1.622072418767473221e+09
1.621747896968381166e+09
1.621422705496208429e+09
