1.569035876865509500e+15
1.488527975084481500e+15
1.411846490165215500e+15
1.338823893634102750e+15
1.269277914373608000e+15
1.203045498713551750e+15
1.139973624457466250e+15
1.079920299469308375e+15
1.022748515849331625e+15
9.683228133057465000e+14
9.165134284852872500e+14
8.672015765034781250e+14
8.202803691054162500e+14
7.756512411898748750e+14
7.332196543628250000e+14
6.928936191210973750e+14
6.545853304903298750e+14
6.182136926421863750e+14
5.837052141000883750e+14
5.509929592372348125e+14
5.200142788454666250e+14
4.907076409077438125e+14
4.630094892624197500e+14
4.368528587345405000e+14
4.121685459903819375e+14
3.888876768317591250e+14
3.669435665994324375e+14
3.462719722208926250e+14
3.268105367925833750e+14
3.084984758889051875e+14
2.912767132163451250e+14
2.750880891927325625e+14
2.598774206988091562e+14
2.455915023097322812e+14
2.321791487109727812e+14
2.195912716364489375e+14
2.077809319129289688e+14
1.967032714850319375e+14
1.863152973206120000e+14
1.765756483972247188e+14
1.674444945359227188e+14
1.588835874259987500e+14
1.508564269265817188e+14
1.433285367941873438e+14
1.362677913121161562e+14
1.296445746472205938e+14
1.234315853832005781e+14
1.176034321501120625e+14
1.121363589995090938e+14
1.070081535673057500e+14
1.021979887357097969e+14
9.768613176428568750e+13
9.345373058416853125e+13
8.948277945538056250e+13
8.575616339524292188e+13
8.225769812186835938e+13
7.897214844069170312e+13
7.588521698633470312e+13
7.298352643282615625e+13
7.025462649424124219e+13
6.768701230999750781e+13
6.527011815655085938e+13
6.299425481846759375e+13
6.085047424026590625e+13
5.883040852160941406e+13
5.692617380903150000e+13
5.513034805991529688e+13
5.343594538366242188e+13
5.183636950865842969e+13
5.032540721421193750e+13
4.889727145294767188e+13
4.754662898782216406e+13
4.626857720636318750e+13
4.505859938195413281e+13
4.391252421842661719e+13
4.282648715682705469e+13
4.179689218695910156e+13
4.082037456899617969e+13
3.989376661777771094e+13
3.901407733302076562e+13
3.817848671299085156e+13
3.738434389614722656e+13
3.662916013995588281e+13
3.591058991921671094e+13
3.522640752213065625e+13
3.457449943582238281e+13
3.395287291819308984e+13
3.335966269221974609e+13
3.279313118102562500e+13
3.225166633116647266e+13
3.173377473826083984e+13
3.123806936110896875e+13
3.076325442729102734e+13
3.030811130822886328e+13
2.987149120661966797e+13
2.945231557863389062e+13
2.904957771366794922e+13
2.866233940314269922e+13
2.828972252845932812e+13
2.793089953804175000e+13
2.758508773967840625e+13
2.725154884143454688e+13
2.692959004569363672e+13
2.661856389518311328e+13
2.631786717131840234e+13
2.602693874555545703e+13
2.574525614580538672e+13
2.547233122384703906e+13
2.520770577490573047e+13
2.495094908943450391e+13
2.470165744719442969e+13
2.445945285708737109e+13
2.422398046514032031e+13
2.399490611100028125e+13
2.377191486157020312e+13
2.355471031431809375e+13
2.334301360878709766e+13
2.313656191430346484e+13
2.293510722573465234e+13
2.273841558262867969e+13
2.254626632460504297e+13
2.235845137614703516e+13
2.217477457202849609e+13
2.199505097971684375e+13
2.181910620912091016e+13
2.164677560876758203e+13
2.147790339143982812e+13
2.131234188459792578e+13
2.114995101718469922e+13
2.099059805689745312e+13
2.083415740736170312e+13
2.068051027196064844e+13
2.052954429050637109e+13
2.038115315977061328e+13
2.023523622948262891e+13
2.009169820652264844e+13
1.995044890140730469e+13
1.981140292870573047e+13
1.967447939326794141e+13
1.953960158486772266e+13
1.940669670610773438e+13
1.927569563259111328e+13
1.914653270948404688e+13
1.901914559020849609e+13
1.889347508863425781e+13
1.876946503652174609e+13
1.864706212105090234e+13
1.852621569647609766e+13
1.840687762087722266e+13
1.828900210994684375e+13
1.817254556781404688e+13
1.805746643120118750e+13
1.794372504790806250e+13
1.783128357093185547e+13
1.772010587071726562e+13
1.761015745919040625e+13
1.750140541101702734e+13
1.739381828211750391e+13
1.728736603633948242e+13
1.718201997165379492e+13
1.707775263378449023e+13
1.697453774064391406e+13
1.687235012221657617e+13
1.677116566175403906e+13
1.667096124575658008e+13
1.657171472391898438e+13
1.647340486709441602e+13
1.637601131767455664e+13
1.627951453740445117e+13
1.618389576130072461e+13
1.608913696114194922e+13
1.599522081556138867e+13
1.590213068038754883e+13
1.580985055653373242e+13
1.571836505872030469e+13
1.562765938483827734e+13
1.553771928591176172e+13
1.544853103946986133e+13
1.536008142507836133e+13
1.527235770112415430e+13
1.518534758245009375e+13
1.509903921861970703e+13
1.501342117301269336e+13
1.492848240280743945e+13
1.484421224027637695e+13
1.476060037472059766e+13
1.467763683564623828e+13
1.459531197778148633e+13
1.451361646681860352e+13
1.443254126538523047e+13
1.435207761934482812e+13
1.427221704467760156e+13
1.419295131517521484e+13
1.411427245091694336e+13
1.403617270750826758e+13
1.395864456590187891e+13
1.388168072264090430e+13
1.380527408024341016e+13
1.372941773790993750e+13
1.365410498306785742e+13
