1.282271952930689156e+08
1.116697033283670247e+08
9.677781375746147335e+07
8.355738066464485228e+07
7.200067183666014671e+07
6.208402937378775328e+07
5.376549409588962793e+07
4.698258060546006262e+07
4.165047818246357888e+07
3.766104284053204954e+07
3.488301177663882822e+07
3.316387416898454353e+07
3.233372809882053733e+07
3.221121321021958441e+07
3.261124518120955676e+07
3.335386526597780734e+07
3.427318286337817460e+07
3.522526271204965562e+07
3.609395881198843569e+07
3.679408499381765723e+07
3.727180587107486278e+07
3.750257592938006669e+07
3.748723945372001827e+07
3.724700186318466067e+07
3.681793080699151754e+07
3.624551004809872806e+07
3.557961209025189281e+07
3.487011657156872004e+07
3.416329740092523396e+07
3.349903266043739021e+07
3.290884896132925153e+07
3.241478518240274861e+07
3.202903909818469360e+07
3.175433780209556222e+07
3.158494508914550394e+07
3.150818756724441797e+07
3.150634984063324332e+07
3.155876414408298582e+07
3.164390786927124858e+07
3.174132844671171159e+07
3.183324059991102666e+07
3.190568358024128154e+07
3.194917957451386750e+07
3.195889099369173869e+07
3.193432572404943779e+07
3.187867931023380533e+07
3.179792784963313863e+07
3.169979439657495171e+07
3.159270651887474954e+07
3.148484638385051861e+07
3.138337102845953405e+07
3.129385288760566711e+07
3.121996240487955511e+07
3.116338819352102280e+07
3.112396803744828328e+07
3.109998691855139285e+07
3.108858798025415838e+07
3.108623830041859299e+07
3.108919379499301314e+07
3.109391533088380098e+07
3.109739985201609135e+07
3.109740430583681911e+07
3.109255461929555982e+07
3.108234528444351628e+07
3.106704598018581793e+07
3.104753923426702619e+07
3.102511705938492715e+07
3.100126487132342532e+07
3.097745827463519946e+07
3.095499320153309405e+07
3.093486327714563906e+07
3.091769106429200992e+07
3.090371286686903983e+07
3.089281076887933910e+07
3.088458109688460082e+07
3.087842583502398804e+07
3.087365277373718098e+07
3.086957118901800364e+07
3.086557229051239043e+07
3.086118707266334072e+07
3.085611801831111312e+07
3.085024482573167607e+07
3.084360747366132587e+07
3.083637227513729781e+07
3.082878779761200026e+07
3.082113776491090283e+07
3.081369733936205134e+07
3.080669777126920596e+07
3.080030256988717616e+07
3.079459639141971245e+07
3.078958602423205972e+07
3.078521139126770198e+07
3.078136352011372149e+07
3.077790600483286381e+07
3.077469657510432228e+07
3.077160590824474767e+07
3.076853163614063337e+07
3.076540646023257077e+07
3.076220024479165673e+07
3.075891678544595465e+07
3.075558655568153411e+07
3.075225707099347189e+07
3.074898257359289378e+07
3.074581456267376989e+07
3.074279433658554032e+07
3.073994824994855374e+07
3.073728590010355785e+07
3.073480101457433775e+07
3.073247446903090179e+07
3.073027865625986457e+07
3.072818236018554866e+07
3.072615535292219743e+07
3.072417209834659845e+07
3.072221417367568240e+07
3.072027126871930808e+07
3.071834085190434754e+07
3.071642677239275351e+07
3.071453717992314324e+07
3.071268218242868781e+07
3.071087163182500750e+07
3.070911334559775144e+07
3.070741195652254671e+07
3.070576845729425550e+07
3.070418039142139256e+07
3.070264255219929665e+07
3.070114799733366445e+07
3.069968917048651353e+07
3.069825893913690746e+07
3.069685140248250589e+07
3.069546238271489367e+07
3.069408957630401850e+07
3.069273239857501164e+07
3.069139159714297950e+07
3.069006873340155557e+07
3.068876563552106917e+07
3.068748391372129321e+07
3.068622460364002734e+07
3.068498797231694683e+07
3.068377348963063210e+07
3.068257994106994569e+07
3.068140563904109597e+07
3.068024868118146062e+07
3.067910720517943054e+07
3.067797959865323082e+07
3.067686463695846871e+07
3.067576153819159791e+07
3.067466994011527300e+07
3.067358981586268544e+07
3.067252135261964053e+07
3.067146481959503889e+07
3.067042044897123426e+07
3.066938834737849236e+07
3.066836844736593962e+07
3.066736050001173839e+07
3.066636410267318785e+07
3.066537875093578175e+07
3.066440390155735239e+07
3.066343903356683254e+07
3.066248369717475772e+07
3.066153754400802404e+07
3.066060033650958166e+07
3.065967193832246959e+07
3.065875229047529772e+07
3.065784137984614074e+07
3.065693920663373172e+07
3.065604575659808889e+07
3.065516098201643303e+07
3.065428479309459403e+07
3.065341705943175033e+07
3.065255761942572147e+07
3.065170629445963353e+07
3.065086290440417826e+07
3.065002728133580089e+07
3.064919927923175693e+07
3.064837877852210402e+07
3.064756568551083654e+07
3.064675992761656269e+07
3.064596144598924741e+07
3.064517018727887794e+07
3.064438609618772566e+07
3.064360911001848802e+07
3.064283915585765615e+07
3.064207615043928474e+07
3.064132000223121047e+07
3.064057061495289952e+07
3.063982789160406590e+07
3.063909173814687133e+07
3.063836206619743258e+07
3.063763879438026622e+07
3.063692184831077605e+07
3.063621115943694860e+07
3.063550666314754263e+07
3.063480829662347585e+07
3.063411599687576294e+07
3.063342969930142909e+07
3.063274933693260327e+07
3.063207484039109945e+07
3.063140613842348009e+07
3.063074315880238265e+07
3.063008582934687287e+07
3.062943407883635163e+07
3.062878783765332028e+07
3.062814703807386756e+07
3.062751161420904100e+07
3.062688150166973844e+07
3.062625663707062975e+07
3.062563695750142634e+07
3.062502240007850528e+07
3.062441290165482461e+07
3.062380839872119203e+07
3.062320882748819515e+07
3.062261412410356104e+07
3.062202422494034469e+07
3.062143906688806415e+07
3.062085858758964390e+07
3.062028272558781505e+07
3.061971142036860436e+07
3.061914461231246963e+07
3.061858224258015677e+07
3.061802425296851620e+07
3.061747058577145636e+07
3.061692118367356434e+07
3.061637598969242722e+07
3.061583494717270136e+07
3.061529799982373789e+07
3.061476509178503975e+07
3.061423616770097986e+07
3.061371117278755829e+07
3.061319005287902802e+07
3.061267275444845855e+07
3.061215922460329905e+07
3.061164941106205061e+07
3.061114326212109625e+07
3.061064072662159055e+07
3.061014175392436236e+07
3.060964629389770329e+07
3.060915429691943154e+07
3.060866571389105171e+07
3.060818049625968933e+07
3.060769859604226798e+07
3.060721996584690735e+07
3.060674455888769031e+07
3.060627232899101451e+07
3.060580323059362546e+07
3.060533721873405576e+07
3.060487424904034287e+07
3.060441427771686018e+07
3.060395726153283566e+07
3.060350315781424195e+07
3.060305192443953082e+07
3.060260351983888820e+07
3.060215790299578011e+07
3.060171503344945610e+07
3.060127487129688263e+07
3.060083737719328701e+07
3.060040251235061511e+07
3.059997023853418231e+07
3.059954051805783808e+07
3.059911331377847493e+07
3.059868858909065649e+07
3.059826630792189389e+07
3.059784643472893536e+07
3.059742893449511006e+07
3.059701377272842452e+07
3.059660091545998305e+07
3.059619032924239710e+07
3.059578198114751279e+07
3.059537583876350522e+07
3.059497187019094825e+07
3.059457004403822124e+07
3.059417032941624895e+07
3.059377269593298063e+07
3.059337711368776113e+07
3.059298355326589569e+07
3.059259198573349416e+07
3.059220238263251632e+07
3.059181471597614139e+07
3.059142895824416354e+07
3.059104508237848431e+07
3.059066306177844852e+07
3.059028287029610202e+07
3.058990448223125562e+07
3.058952787232650444e+07
3.058915301576217264e+07
3.058877988815124705e+07
3.058840846553443000e+07
3.058803872437516972e+07
3.058767064155494422e+07
3.058730419436840340e+07
3.058693936051865667e+07
3.058657611811247095e+07
3.058621444565543905e+07
3.058585432204700634e+07
3.058549572657543421e+07
3.058513863891266659e+07
3.058478303910920769e+07
3.058442890758882463e+07
3.058407622514341027e+07
3.058372497292778268e+07
3.058337513245454431e+07
