2.310350642320634797e+07
2.254749898117125034e+07
2.256118986042009667e+07
2.256374945117873698e+07
2.240674469066875428e+07
2.220871117739000171e+07
2.208346803973323852e+07
2.204637046167955920e+07
2.203296087503146008e+07
2.198364894252419472e+07
2.189588016120193899e+07
2.180529516547603533e+07
2.174615429176219553e+07
2.172528915347925574e+07
2.172106872132781520e+07
2.170643126467464119e+07
2.167327916580209881e+07
2.163481110486550257e+07
2.160929553405600041e+07
2.160333487782564014e+07
2.160773734477994591e+07
2.160759627800159156e+07
2.159589522884781659e+07
2.157780066473849118e+07
2.156368342456812412e+07
2.155899451172619313e+07
2.156004053464873880e+07
2.155862062492449209e+07
2.155020550179844350e+07
2.153746044553701207e+07
2.152659188272381574e+07
2.152108722408264875e+07
2.151894706667051837e+07
2.151549483136722445e+07
2.150836431887817755e+07
2.149951595839494467e+07
2.149273193706617132e+07
2.148968389159899950e+07
2.148863229436776787e+07
2.148672135625937581e+07
2.148306610768850148e+07
2.147933504729655758e+07
2.147757971055901051e+07
2.147796730934360623e+07
2.147882158702585101e+07
2.147862506329045072e+07
2.147755474000834674e+07
2.147694436902854219e+07
2.147756242083298415e+07
2.147877937261135504e+07
2.147943285724084079e+07
2.147917825776612759e+07
2.147871574716017768e+07
2.147879566631375998e+07
2.147932941900702193e+07
2.147962443093489856e+07
2.147930114598186687e+07
2.147870379506868497e+07
2.147838865752082691e+07
2.147843920612189919e+07
2.147845964782715589e+07
2.147815282877127826e+07
2.147768418441998214e+07
2.147741264090139046e+07
2.147741924876615405e+07
2.147745526123095304e+07
2.147731156928881258e+07
2.147707606770714372e+07
2.147696762900060415e+07
2.147702632059870660e+07
2.147708431080013141e+07
2.147701307027558610e+07
2.147687994724977762e+07
2.147682147989165783e+07
2.147684642246403173e+07
2.147684324279303849e+07
2.147674994361562654e+07
2.147663050931677967e+07
2.147656822974080220e+07
2.147655065624228865e+07
2.147650581910454482e+07
2.147641521987070888e+07
2.147633343053328246e+07
2.147630140779270977e+07
2.147629264983837306e+07
2.147626325766808167e+07
2.147621782488538325e+07
2.147619417258754745e+07
2.147620210530129075e+07
2.147621251580025628e+07
2.147620475244645029e+07
2.147619360227346048e+07
2.147619962483708933e+07
2.147621607572855055e+07
2.147622224473184347e+07
2.147621575093429536e+07
2.147621223624203727e+07
2.147621825771661848e+07
2.147622281749542058e+07
2.147621729720199853e+07
2.147620855526429415e+07
2.147620612432383746e+07
2.147620748797700554e+07
2.147620451652168483e+07
2.147619748110733181e+07
2.147619344802737981e+07
2.147619416639192775e+07
2.147619430231943727e+07
2.147619109915985167e+07
2.147618821240063384e+07
2.147618859922491759e+07
2.147618972584799305e+07
2.147618844083307683e+07
2.147618603208358586e+07
2.147618524699943140e+07
2.147618549280908704e+07
2.147618437324203551e+07
2.147618196307783574e+07
2.147618030496725440e+07
2.147617975959257782e+07
2.147617879070328176e+07
2.147617694804507121e+07
2.147617550535232574e+07
2.147617507439963520e+07
2.147617472610975057e+07
2.147617384668441117e+07
2.147617311346834898e+07
2.147617308279512823e+07
2.147617321709049493e+07
2.147617295045542717e+07
2.147617261529579386e+07
2.147617265880682319e+07
2.147617280462428182e+07
2.147617262927699834e+07
2.147617230561409146e+07
2.147617218302778900e+07
2.147617214079358801e+07
2.147617189090256020e+07
2.147617152871457860e+07
2.147617130958955362e+07
2.147617118031867594e+07
2.147617094209468365e+07
2.147617064260919765e+07
2.147617045273962989e+07
2.147617033926208317e+07
2.147617016081186384e+07
2.147616994042026997e+07
2.147616978940925002e+07
2.147616968304376304e+07
2.147616952496984974e+07
2.147616933264094219e+07
2.147616918192768097e+07
2.147616905529257655e+07
2.147616889127275348e+07
2.147616870801633969e+07
2.147616855758727342e+07
2.147616842546525970e+07
2.147616827252066135e+07
2.147616811534999311e+07
2.147616798674208671e+07
2.147616787176265568e+07
2.147616774470273405e+07
2.147616761914590374e+07
2.147616751372238621e+07
2.147616741393655166e+07
2.147616730404147506e+07
2.147616719569902122e+07
2.147616709902618453e+07
2.147616700213946402e+07
2.147616689732057229e+07
2.147616679485003278e+07
2.147616669973881170e+07
2.147616660317048430e+07
2.147616650267818570e+07
2.147616640635059029e+07
2.147616631553494930e+07
2.147616622382307053e+07
2.147616613139810786e+07
2.147616604361923784e+07
2.147616595944861323e+07
2.147616587455755472e+07
2.147616579035738111e+07
2.147616570990173519e+07
2.147616563123495132e+07
2.147616555202583969e+07
2.147616547417952120e+07
2.147616539913677424e+07
2.147616532501715422e+07
2.147616525105690956e+07
2.147616517901257798e+07
2.147616510919271410e+07
2.147616504015362263e+07
2.147616497201458365e+07
2.147616490594176576e+07
2.147616484153970703e+07
2.147616477789627761e+07
2.147616471547895297e+07
2.147616465481676161e+07
2.147616459528392553e+07
2.147616453650393710e+07
2.147616447899088264e+07
2.147616442283156514e+07
2.147616436751717329e+07
2.147616431307172030e+07
2.147616425987315923e+07
2.147616420777355134e+07
2.147616415649471059e+07
2.147616410623019934e+07
2.147616405713767558e+07
2.147616400899481401e+07
2.147616396171961725e+07
2.147616391549097002e+07
2.147616387028440461e+07
2.147616382592292875e+07
2.147616378244343773e+07
2.147616373993679881e+07
2.147616369830197841e+07
2.147616365746122599e+07
2.147616361748893559e+07
2.147616357839066535e+07
2.147616354007427394e+07
2.147616350254065543e+07
2.147616346583819017e+07
2.147616342992196605e+07
2.147616339474207908e+07
2.147616336032583565e+07
2.147616332667434216e+07
2.147616329373442382e+07
2.147616326149458438e+07
2.147616322997114062e+07
2.147616319913557172e+07
2.147616316895503551e+07
2.147616313943606615e+07
2.147616311057386547e+07
2.147616308233729377e+07
2.147616305471654609e+07
2.147616302771541476e+07
2.147616300131524727e+07
2.147616297549637035e+07
2.147616295025819540e+07
2.147616292559280246e+07
2.147616290147990733e+07
2.147616287791072577e+07
2.147616285488149151e+07
2.147616283237688616e+07
2.147616281038296968e+07
2.147616278889492899e+07
2.147616276790297404e+07
2.147616274739265442e+07
2.147616272735625505e+07
2.147616270778715611e+07
2.147616268867316842e+07
2.147616267000429705e+07
2.147616265177439898e+07
2.147616263397395238e+07
2.147616261659224331e+07
2.147616259962218255e+07
2.147616258305608854e+07
2.147616256688389555e+07
2.147616255109750107e+07
2.147616253569006175e+07
2.147616252065279335e+07
2.147616250597723573e+07
2.147616249165671319e+07
2.147616247768367827e+07
2.147616246404995024e+07
2.147616245074873418e+07
2.147616243777333200e+07
2.147616242511615530e+07
2.147616241277033463e+07
2.147616240072959661e+07
2.147616238898703456e+07
2.147616237753587216e+07
2.147616236637004465e+07
2.147616235548324883e+07
2.147616234486901015e+07
2.147616233452142403e+07
2.147616232443466783e+07
2.147616231460268423e+07
2.147616230501975492e+07
2.147616229568043351e+07
2.147616228657909483e+07
2.147616227771026269e+07
2.147616226906877011e+07
2.147616226064939052e+07
2.147616225244693458e+07
2.147616224445646256e+07
2.147616223667310178e+07
2.147616222909196466e+07
2.147616222170835733e+07
2.147616221451770514e+07
2.147616220751543343e+07
2.147616220069709420e+07
2.147616219405838847e+07
2.147616218759503216e+07
2.147616218130283803e+07
2.147616217517775670e+07
2.147616216921577603e+07
2.147616216341296583e+07
2.147616215776550025e+07
