2.833476140375522897e+07
2.611299244238508865e+07
2.431210569822709262e+07
2.292162375184299797e+07
2.191067041478894278e+07
2.122109774109570682e+07
2.077387197555562109e+07
2.048967529837761447e+07
2.030297617628955469e+07
2.016257796749788895e+07
2.002914798929396644e+07
1.987451336785044894e+07
1.968154294078262150e+07
1.944333197391856462e+07
1.916151854959303886e+07
1.884408041266492382e+07
1.850300086908471584e+07
1.815204941622204334e+07
1.780487738667547703e+07
1.747343985820059478e+07
1.716684071569923311e+07
1.689061610887788981e+07
1.664648684643589705e+07
1.643258581951152906e+07
1.624412503556880355e+07
1.607440825255812705e+07
1.591603465703560598e+07
1.576209858487096615e+07
1.560718892339767143e+07
1.544803524720689096e+07
1.528372456239352375e+07
1.511549988834781200e+07
1.494622638730636612e+07
1.477965758845615387e+07
1.461964993032897636e+07
1.446946286706245877e+07
1.433125158254895359e+07
1.420581691616467200e+07
1.409262842208344676e+07
1.399008778137502447e+07
1.389595849860005267e+07
1.380786187583770044e+07
1.372373458307897672e+07
1.364216079559864849e+07
1.356252681111393869e+07
1.348498887086407654e+07
1.341028476939454675e+07
1.333944847422078624e+07
1.327349984616632015e+07
1.321317828183935210e+07
1.315877226829690114e+07
1.311007098540920578e+07
1.306643492535197362e+07
1.302695620807054080e+07
1.299066152429519594e+07
1.295670524865676649e+07
1.292450797997322679e+07
1.289381384266542085e+07
1.286466287259351835e+07
1.283729629471556284e+07
1.281202706404043362e+07
1.278911270453073084e+07
1.276866219393616542e+07
1.275059591023156233e+07
1.273466158448909782e+07
1.272049431126434542e+07
1.270769870521059260e+07
1.269592834736702032e+07
1.268494172714020684e+07
1.267462303235352412e+07
1.266496725621898100e+07
1.265603888480159268e+07
1.264791938082187623e+07
1.264065964463273063e+07
1.263424998064896464e+07
1.262861342373337969e+07
1.262362083138621040e+07
1.261912013255725056e+07
1.261496909639207646e+07
1.261106145863879099e+07
1.260733964333583973e+07
1.260379225922656059e+07
1.260043935247814842e+07
1.259731163106850721e+07
1.259443077524961531e+07
1.259179656068164669e+07
1.258938358774384856e+07
1.258714704807564430e+07
1.258503426430741325e+07
1.258299745149570890e+07
1.258100346916435473e+07
1.257903793001377210e+07
1.257710321850021370e+07
1.257521197270942107e+07
1.257337878838460147e+07
1.257161304612693563e+07
1.256991495153753832e+07
1.256827551439235173e+07
1.256667979987934604e+07
1.256511182128817961e+07
1.256355916259928234e+07
1.256201581329914555e+07
1.256048253561217710e+07
1.255896502018988878e+07
1.255747079132416844e+07
1.255600609399650991e+07
1.255457380638045073e+07
1.255317290693809092e+07
1.255179941045143828e+07
1.255044819839272648e+07
1.254911495495392382e+07
1.254779751247178763e+07
1.254649622948445380e+07
1.254521342475947365e+07
1.254395221886114776e+07
1.254271528703422658e+07
1.254150397705380991e+07
1.254031804250194132e+07
1.253915598186682910e+07
1.253801575878482312e+07
1.253689557887725718e+07
1.253579443197120912e+07
1.253471224206346832e+07
1.253364963682688028e+07
1.253260748619434983e+07
1.253158642005125061e+07
1.253058650825348496e+07
1.252960719581984356e+07
1.252864747586365044e+07
1.252770619689394906e+07
1.252678236780180968e+07
1.252587534728028253e+07
1.252498486673597433e+07
1.252411090717812628e+07
1.252325350256326422e+07
1.252241255794397742e+07
1.252158775024315342e+07
1.252077853626653552e+07
1.251998424696340412e+07
1.251920421696600318e+07
1.251843789320564456e+07
1.251768488396725804e+07
1.251694493955599144e+07
1.251621788412382640e+07
1.251550353418952972e+07
1.251480163866117783e+07
1.251411186072898656e+07
1.251343380181179196e+07
1.251276705081301183e+07
1.251211123453245312e+07
1.251146604862666503e+07
1.251083125980175100e+07
1.251020668312680721e+07
1.250959214779660106e+07
1.250898746711376309e+07
1.250839242404657230e+07
1.250780677538101375e+07
1.250723026930035651e+07
1.250666266655058786e+07
1.250610375554769486e+07
1.250555335597078875e+07
1.250501131115649268e+07
1.250447747428474948e+07
1.250395169513639808e+07
1.250343381282641552e+07
1.250292365647633187e+07
1.250242105208541639e+07
1.250192583151419088e+07
1.250143783928536251e+07
1.250095693457409739e+07
1.250048298827675357e+07
1.250001587719008327e+07
1.249955547823709622e+07
1.249910166515461355e+07
1.249865430857454240e+07
1.249821327879276499e+07
1.249777844946937822e+07
1.249734970040519908e+07
1.249692691827638447e+07
1.249650999531635270e+07
1.249609882685824111e+07
1.249569330901052803e+07
1.249529333746663108e+07
1.249489880777247436e+07
1.249450961666589603e+07
1.249412566368350387e+07
1.249374685224527866e+07
1.249337308979594894e+07
1.249300428707961366e+07
1.249264035700243153e+07
1.249228121364525706e+07
1.249192677182070911e+07
1.249157694725016132e+07
1.249123165713802911e+07
1.249089082077736780e+07
1.249055435987250134e+07
1.249022219845353626e+07
1.248989426247322187e+07
1.248957047931240685e+07
1.248925077742642537e+07
1.248893508625959605e+07
1.248862333640699089e+07
1.248831545988893323e+07
1.248801139037255943e+07
1.248771106322722137e+07
1.248741441539809480e+07
1.248712138517040014e+07
1.248683191193585470e+07
1.248654593605188280e+07
1.248626339882396534e+07
1.248598424257744849e+07
1.248570841074895486e+07
1.248543584793177806e+07
1.248516649984536320e+07
1.248490031324299239e+07
1.248463723580137454e+07
1.248437721603835747e+07
1.248412020328412205e+07
1.248386614770098776e+07
1.248361500032395869e+07
1.248336671308868006e+07
1.248312123882527091e+07
1.248287853121700510e+07
1.248263854474025778e+07
1.248240123460854590e+07
1.248216655673756637e+07
1.248193446773484722e+07
1.248170492490513250e+07
1.248147788625690900e+07
1.248125331049820781e+07
1.248103115701823309e+07
1.248081138585988432e+07
1.248059395769281313e+07
1.248037883379510418e+07
1.248016597604626790e+07
1.247995534692810662e+07
1.247974690952665545e+07
1.247954062752893195e+07
1.247933646521198563e+07
1.247913438742603734e+07
1.247893435957619920e+07
1.247873634760723449e+07
1.247854031799351797e+07
1.247834623773341812e+07
1.247815407434540614e+07
1.247796379586306028e+07
1.247777537082751468e+07
1.247758876827787608e+07
1.247740395774136111e+07
1.247722090922500938e+07
1.247703959320979193e+07
1.247685998064667359e+07
1.247668204295316339e+07
1.247650575200896524e+07
1.247633108015001751e+07
1.247615800016107783e+07
1.247598648526788875e+07
1.247581650912988745e+07
1.247564804583400488e+07
1.247548106988954172e+07
1.247531555622353405e+07
1.247515148017605580e+07
1.247498881749511324e+07
1.247482754433120415e+07
1.247466763723195717e+07
1.247450907313713059e+07
1.247435182937419228e+07
1.247419588365428708e+07
1.247404121406824142e+07
1.247388779908236489e+07
1.247373561753383465e+07
1.247358464862580225e+07
1.247343487192242220e+07
1.247328626734401099e+07
1.247313881516250409e+07
1.247299249599711783e+07
1.247284729081016034e+07
1.247270318090281077e+07
1.247256014791090228e+07
1.247241817380066216e+07
1.247227724086452462e+07
1.247213733171710931e+07
1.247199842929126322e+07
1.247186051683422178e+07
1.247172357790371962e+07
1.247158759636403434e+07
1.247145255638193898e+07
1.247131844242260978e+07
1.247118523924554139e+07
1.247105293190051988e+07
1.247092150572367571e+07
1.247079094633358903e+07
1.247066123962745070e+07
1.247053237177722156e+07
1.247040432922585309e+07
1.247027709868348949e+07
1.247015066712376103e+07
1.247002502178009599e+07
1.246990015014209226e+07
1.246977603995188139e+07
