7.925024023306423426e+07
7.010843246183443069e+07
6.193806533317101747e+07
5.474046636982549727e+07
4.850806761128921807e+07
4.322279575841585547e+07
3.885445980017159134e+07
3.535930425140260905e+07
3.267897266671491414e+07
3.074019330036154389e+07
2.945552411960472912e+07
2.872543779733031243e+07
2.844185971372604743e+07
2.849300196225153282e+07
2.876902771786182746e+07
2.916783858723805100e+07
2.960020118115139008e+07
2.999355401276170462e+07
3.029411407693397254e+07
3.046723135801071301e+07
3.049621641703172401e+07
3.038003145033615455e+07
3.013028236600404605e+07
2.976790896210402995e+07
2.931988485138568282e+07
2.881614461680107564e+07
2.828687492990559340e+07
2.776024755705765262e+07
2.726063448805509508e+07
2.680732317710185423e+07
2.641373593487606198e+07
2.608714530229243264e+07
2.582886202193958312e+07
2.563485174784867093e+07
2.549671146228324249e+07
2.540290994800192118e+07
2.534017378405924886e+07
2.529488695064192265e+07
2.525437284434694424e+07
2.520794421085318550e+07
2.514763758752611279e+07
2.506858951301445067e+07
2.496905531248228997e+07
2.485011089744251966e+07
2.471510838784840703e+07
2.456897450317847356e+07
2.441744607462128997e+07
2.426633113769195601e+07
2.412086946262409166e+07
2.398524608230292797e+07
2.386228832550410181e+07
2.375335367744698748e+07
2.365839468876018003e+07
2.357616993069371581e+07
2.350455797274472937e+07
2.344092531132783741e+07
2.338249923551570624e+07
2.332670222609470785e+07
2.327141446708734706e+07
2.321514378406403214e+07
2.315709590725166351e+07
2.309715077358047664e+07
2.303576095745621622e+07
2.297379551406703144e+07
2.291235594383848459e+07
2.285259078133286536e+07
2.279553194805237651e+07
2.274197027375905216e+07
2.269238044320517033e+07
2.264689807686160132e+07
2.260534466340088844e+07
2.256729043512460589e+07
2.253214158902038261e+07
2.249923678857211769e+07
2.246793860337054357e+07
2.243770812852104381e+07
2.240815491533201933e+07
2.237905884597016126e+07
2.235036498548748717e+07
2.232215612386336178e+07
2.229461023493773863e+07
2.226795121089713648e+07
2.224240099550684541e+07
2.221813985317651555e+07
2.219527933359397203e+07
2.217384995249596238e+07
2.215380313405905664e+07
2.213502490852507204e+07
2.211735747746970505e+07
2.210062416191923618e+07
2.208465341511033475e+07
2.206929837897755951e+07
2.205444968064390123e+07
2.204004055634018034e+07
2.202604471663931012e+07
2.201246843304626644e+07
2.199933900361977518e+07
2.198669199432371929e+07
2.197455947848775238e+07
2.196296099569771811e+07
2.195189824986844137e+07
2.194135380494267121e+07
2.193129334669382125e+07
2.192167056217537075e+07
2.191243340412992239e+07
2.190353046950383484e+07
2.189491639996017143e+07
2.188655554668926448e+07
2.187842355303590745e+07
2.187050691574934125e+07
2.186280092038411275e+07
2.185530656213109195e+07
2.184802714087594673e+07
2.184096516597435623e+07
2.183412005110511929e+07
2.182748686506445706e+07
2.182105617701799795e+07
2.181481483636559173e+07
2.180874738845643401e+07
2.180283776329871640e+07
2.179707088493416086e+07
2.179143392084865272e+07
2.178591700134359300e+07
2.178051336230719090e+07
2.177521897702480108e+07
2.177003182501650602e+07
2.176495098809414357e+07
2.175997576447009295e+07
2.175510495722077787e+07
2.175033643558105454e+07
2.174566700077060983e+07
2.174109252613805979e+07
2.173660829513846710e+07
2.173220943623761088e+07
2.172789135240776092e+07
2.172365006107496470e+07
2.171948239163001627e+07
2.171538602389024571e+07
2.171135938445084542e+07
2.170740144267757982e+07
2.170351146077446267e+07
2.169968875239637494e+07
2.169593249368846789e+07
2.169224161319439486e+07
2.168861476730027795e+07
2.168505039003198966e+07
2.168154679330605268e+07
2.167810228783458471e+07
2.167471529586859792e+07
2.167138443352111429e+07
2.166810855032803863e+07
2.166488672444993630e+07
2.166171822119794786e+07
2.165860242875091732e+07
2.165553878727339953e+07
2.165252672629816830e+07
2.164956562108031660e+07
2.164665477297309786e+07
2.164379341312497854e+07
2.164098072415209934e+07
2.163821587167795002e+07
2.163549803701558337e+07
2.163282644357136637e+07
2.163020037218399346e+07
2.162761916380643845e+07
2.162508221092784405e+07
2.162258894131949171e+07
2.162013879874452204e+07
2.161773122515731305e+07
2.161536564785359427e+07
2.161304147340156883e+07
2.161075808843053877e+07
2.160851486587503552e+07
2.160631117434169725e+07
2.160414638799475878e+07
2.160201989469268918e+07
2.159993110088079423e+07
2.159787943271129578e+07
2.159586433378051221e+07
2.159388526055044308e+07
2.159194167684943601e+07
2.159003304881167039e+07
2.158815884128537774e+07
2.158631851623803377e+07
2.158451153315348923e+07
2.158273735097489506e+07
2.158099543088201433e+07
2.157928523913104087e+07
2.157760624930940568e+07
2.157595794360661879e+07
2.157433981299900636e+07
2.157275135651433095e+07
2.157119207992640883e+07
2.156966149430130795e+07
2.156815911477859691e+07
2.156668445985045284e+07
2.156523705123989284e+07
2.156381641432173923e+07
2.156242207891134545e+07
2.156105358018860221e+07
2.155971045953051746e+07
2.155839226508378237e+07
2.155709855199606344e+07
2.155582888231658190e+07
2.155458282465026528e+07
2.155335995369128883e+07
2.155215984976666421e+07
2.155098209849420190e+07
2.154982629061245546e+07
2.154869202198870480e+07
2.154757889376657829e+07
2.154648651258812845e+07
2.154541449081841856e+07
2.154436244671267271e+07
2.154333000449053198e+07
2.154231679431071505e+07
2.154132245216473565e+07
2.154034661972475424e+07
2.153938894418546557e+07
2.153844907813400403e+07
2.153752667946874350e+07
2.153662141137124971e+07
2.153573294232154265e+07
2.153486094613670930e+07
2.153400510201012343e+07
2.153316509453147650e+07
2.153234061367537081e+07
2.153153135475558043e+07
2.153073701835044473e+07
2.152995731021083519e+07
2.152919194116383046e+07
2.152844062702379003e+07
2.152770308851833642e+07
2.152697905123133957e+07
2.152626824556040019e+07
2.152557040668284148e+07
2.152488527452321351e+07
2.152421259371608496e+07
2.152355211356040090e+07
2.152290358796431869e+07
2.152226677538238466e+07
2.152164143874833360e+07
2.152102734540761262e+07
2.152042426705279574e+07
2.151983197966394946e+07
2.151925026345414296e+07
2.151867890281889588e+07
2.151811768628749251e+07
2.151756640647379681e+07
2.151702486002475023e+07
2.151649284756556153e+07
2.151597017433030158e+07
2.151545664735067636e+07
2.151495207951266319e+07
2.151445628675466776e+07
2.151396908869083971e+07
2.151349030855273083e+07
2.151301977313301712e+07
2.151255731273066252e+07
2.151210276109708846e+07
2.151165595538250729e+07
2.151121673608197272e+07
2.151078494698094949e+07
2.151036043510045856e+07
2.150994305064211041e+07
2.150953264693345502e+07
2.150912908037396893e+07
2.150873221038201451e+07
2.150834189934271947e+07
2.150795801255673915e+07
2.150758041818971932e+07
2.150720898722211272e+07
2.150684359339925647e+07
2.150648411318148673e+07
2.150613042569444329e+07
2.150578241267947108e+07
2.150543995844442397e+07
2.150510294981501997e+07
2.150477127608676255e+07
2.150444482897766680e+07
2.150412350258168206e+07
2.150380719332283735e+07
2.150349579991002381e+07
2.150318922329230979e+07
2.150288736661483347e+07
2.150259013517516479e+07
2.150229743638021499e+07
2.150200917970366031e+07
2.150172527664404362e+07
2.150144564068340510e+07
2.150117018724666536e+07
2.150089883366155624e+07
2.150063149911925197e+07
2.150036810463552922e+07
2.150010857301253080e+07
2.149985282880103216e+07
2.149960079826327413e+07
2.149935240933629870e+07
2.149910759159585834e+07
2.149886627622087300e+07
