5.014408307396231592e+07
4.320580340343424678e+07
3.729965338259547204e+07
3.242334054882981256e+07
2.855810038460925967e+07
2.566407543961961195e+07
2.367565646775330976e+07
2.249787780380551144e+07
2.200555477224797755e+07
2.204710075359538198e+07
2.245429730846599862e+07
2.305741815891279653e+07
2.370265065270746499e+07
2.426725190822423622e+07
2.466855821272612363e+07
2.486546232707011700e+07
2.485360013315422460e+07
2.465684639866273850e+07
2.431765059521723911e+07
2.388792557422933728e+07
2.342133112101546302e+07
2.296720520581443608e+07
2.256611714233431593e+07
2.224694809425769746e+07
2.202542992961408943e+07
2.190410425618862733e+07
2.187364355872210860e+07
2.191538364963627234e+07
2.200476584315126389e+07
2.211522759182453528e+07
2.222197889252006263e+07
2.230511302647159621e+07
2.235163664595885575e+07
2.235622819126746804e+07
2.232077681089241058e+07
2.225295101441799849e+07
2.216416039914995432e+07
2.206730193611349165e+07
2.197464391203739122e+07
2.189612169378861040e+07
2.183822170436600596e+07
2.180352767976085097e+07
2.179090560852024704e+07
2.179621852331507951e+07
2.181339795076921210e+07
2.183566366509081051e+07
2.185668280013282970e+07
2.187149274023441970e+07
2.187707181090541184e+07
2.187251446201694012e+07
2.185883850383592397e+07
2.183850843990051001e+07
2.181479336477956176e+07
2.179108805968954042e+07
2.177031409382177889e+07
2.175448904652179405e+07
2.174451295498617366e+07
2.174017878061335534e+07
2.174037489321434498e+07
2.174341824079281092e+07
2.174744124950413033e+07
2.175075531350509822e+07
2.175212774822182953e+07
2.175093331045820564e+07
2.174717006547600776e+07
2.174135636371041089e+07
2.173434587889733538e+07
2.172710799001639709e+07
2.172052059449657425e+07
2.171521322058004886e+07
2.171148309790691733e+07
2.170928940471263602e+07
2.170831491061130911e+07
2.170807259007138386e+07
2.170802919100511447e+07
2.170771849967677891e+07
2.170682314026374370e+07
2.170521323100166768e+07
2.170294070322722569e+07
2.170019730441803858e+07
2.169725054990410060e+07
2.169437429985591024e+07
2.169178925944188982e+07
2.168962434222751856e+07
2.168790381546986103e+07
2.168655894846499711e+07
2.168545784439232200e+07
2.168444417077610642e+07
2.168337497116696090e+07
2.168214942469957843e+07
2.168072364554444328e+07
2.167911045222818106e+07
2.167736654577868432e+07
2.167557197646544501e+07
2.167380775639804453e+07
2.167213698188637570e+07
2.167059319350222498e+07
2.166917746509381384e+07
2.166786347673859447e+07
2.166660810465618223e+07
2.166536417398372293e+07
2.166409204854558408e+07
2.166276753124730289e+07
2.166138481644310802e+07
2.165995460323089361e+07
2.165849860840477422e+07
2.165704237791851908e+07
2.165560839995658025e+07
2.165421113010589778e+07
2.165285481914693490e+07
2.165153421017040685e+07
2.165023746003916860e+07
2.164895019764345139e+07
2.164765952590534091e+07
2.164635698088736832e+07
2.164503988080285490e+07
2.164371099287609011e+07
2.164237688100850582e+07
2.164104557171867043e+07
2.163972424519926310e+07
2.163841753679998964e+07
2.163712678255629539e+07
2.163585024535293877e+07
2.163458409942699596e+07
2.163332379102261364e+07
2.163206535797891393e+07
2.163080637031304464e+07
2.162954630872868374e+07
2.162828637591367215e+07
2.162702888603077456e+07
2.162577646552582085e+07
2.162453130996621400e+07
2.162329468606471270e+07
2.162206677084839344e+07
2.162084681380963326e+07
2.161963352285429090e+07
2.161842553059844673e+07
2.161722179959091544e+07
2.161602186540802568e+07
2.161482587808093429e+07
2.161363446466101706e+07
2.161244848154965043e+07
2.161126874446616322e+07
2.161009581552053243e+07
2.160892989759873226e+07
2.160777084772029519e+07
2.160661828552919626e+07
2.160547175015148520e+07
2.160433085275150836e+07
2.160319538215909898e+07
2.160206534147746861e+07
2.160094091704000905e+07
2.159982240026345104e+07
2.159871009302447364e+07
2.159760422674177587e+07
2.159650491622525081e+07
2.159541215562912077e+07
2.159432585027505457e+07
2.159324586864334345e+07
2.159217209557305276e+07
2.159110447060550749e+07
2.159004300258068368e+07
2.158898776021622121e+07
2.158793884565578401e+07
2.158689636192012951e+07
2.158586038519121706e+07
2.158483094955723733e+07
2.158380804678543285e+07
2.158279163869178668e+07
2.158178167624962702e+07
2.158077811850790679e+07
2.157978094561260194e+07
2.157879016298938170e+07
2.157780579694823176e+07
2.157682788455435634e+07
2.157585646187967807e+07
2.157489155453194678e+07
2.157393317296973243e+07
2.157298131317979470e+07
2.157203596151376888e+07
2.157109710138540715e+07
2.157016471934818104e+07
2.156923880870904773e+07
2.156831936994791403e+07
2.156740640836941823e+07
2.156649993023682758e+07
2.156559993891899288e+07
2.156470643232098222e+07
2.156381940224077553e+07
2.156293883556251228e+07
2.156206471661549807e+07
2.156119702976050228e+07
2.156033576134637371e+07
2.155948090052538738e+07
2.155863243886948004e+07
2.155779036912486702e+07
2.155695468366049603e+07
2.155612537391076982e+07
2.155530242670264840e+07
2.155448582879554853e+07
2.155367556447811797e+07
2.155287161717695743e+07
2.155207397022014111e+07
2.155128260726357251e+07
2.155049751229538769e+07
2.154971866929546744e+07
2.154894606173494458e+07
2.154817967212612182e+07
2.154741948178175464e+07
2.154666547084496915e+07
2.154591761854771525e+07
2.154517590358364955e+07
2.154444030445972458e+07
2.154371079971916601e+07
2.154298736798846349e+07
2.154226998786713183e+07
2.154155863772755116e+07
2.154085329550924897e+07
2.154015393857776374e+07
2.153946054368245602e+07
2.153877308700686693e+07
2.153809154427443817e+07
2.153741589086066931e+07
2.153674610187046230e+07
2.153608215216074884e+07
2.153542401631325483e+07
2.153477166858040914e+07
2.153412508283460140e+07
2.153348423254503310e+07
2.153284909079299867e+07
2.153221963032056764e+07
2.153159582359613106e+07
2.153097764287643507e+07
2.153036506024841964e+07
2.152975804764355347e+07
2.152915657682732493e+07
2.152856061937428266e+07
2.152797014664158225e+07
2.152738512975171953e+07
2.152680553958959505e+07
2.152623134681291878e+07
2.152566252187030762e+07
2.152509903502023220e+07
2.152454085634508356e+07
2.152398795575839281e+07
2.152344030300636590e+07
2.152289786766760796e+07
2.152236061915504560e+07
2.152182852672296762e+07
2.152130155947960168e+07
2.152077968640346825e+07
2.152026287636043131e+07
2.151975109811832011e+07
2.151924432035702467e+07
2.151874251167372614e+07
2.151824564058442414e+07
2.151775367552367598e+07
2.151726658484478295e+07
2.151678433682163060e+07
2.151630689965279400e+07
2.151583424146728963e+07
2.151536633033108711e+07
2.151490313425352797e+07
2.151444462119303271e+07
2.151399075906217843e+07
2.151354151573260128e+07
2.151309685904017091e+07
2.151265675679100305e+07
2.151222117676819116e+07
2.151179008673910052e+07
2.151136345446255431e+07
2.151094124769547582e+07
2.151052343419852108e+07
2.151010998174065351e+07
2.150970085810287297e+07
2.150929603108142316e+07
2.150889546849085391e+07
2.150849913816730678e+07
2.150810700797204673e+07
2.150771904579531401e+07
2.150733521956028044e+07
2.150695549722713232e+07
2.150657984679701924e+07
2.150620823631604761e+07
2.150584063387926295e+07
2.150547700763469934e+07
2.150511732578752190e+07
2.150476155660425872e+07
2.150440966841693223e+07
2.150406162962710857e+07
2.150371740870966017e+07
2.150337697421624511e+07
2.150304029477848113e+07
2.150270733911087364e+07
2.150237807601359859e+07
2.150205247437517717e+07
2.150173050317517668e+07
2.150141213148686290e+07
2.150109732847992703e+07
2.150078606342314556e+07
