2.143691824346854091e+08
1.939840055975508392e+08
1.748528874829334319e+08
1.569854930469398499e+08
1.403862757182941139e+08
1.250540110388354361e+08
1.109813586177424639e+08
9.815446772515246272e+07
8.655264403225502372e+07
7.614809693195420504e+07
6.690578830517426133e+07
5.878340423974447697e+07
5.173147073092998564e+07
4.569363245404474437e+07
4.060710999116794765e+07
3.640334519633667171e+07
3.300883663707532361e+07
3.034615740885144100e+07
2.833513659884563088e+07
2.689417388979443163e+07
2.594164554398080334e+07
2.539735026591385901e+07
2.518393667281236127e+07
2.522825130920176208e+07
2.546254803867528588e+07
2.582550638798686117e+07
2.626301743050372601e+07
2.672871007382971793e+07
2.718420654618588090e+07
2.759911184350273386e+07
2.795075631721289083e+07
2.822372224937143922e+07
2.840919345856771991e+07
2.850417150904502720e+07
2.851060320843540132e+07
2.843446234553594515e+07
2.828482477015276998e+07
2.807297070604448766e+07
2.781154228787679225e+07
2.751377825564860553e+07
2.719284189763047919e+07
2.686125292983442917e+07
2.653042914225888997e+07
2.621033935353162512e+07
2.590926547374218330e+07
2.563366824124262854e+07
2.538814843870272487e+07
2.517549308939049393e+07
2.499679429010145366e+07
2.485162697397693992e+07
2.473827104628830031e+07
2.465396302996477485e+07
2.459516261364353448e+07
2.455782030908193067e+07
2.453763376275223494e+07
2.453028206132743135e+07
2.453162952440080047e+07
2.453789286704176292e+07
2.454576810123645514e+07
2.455251598681671917e+07
2.455600710543858632e+07
2.455472960094022751e+07
2.454776421873743832e+07
2.453473243080183119e+07
2.451572412988218293e+07
2.449121162749323994e+07
2.446195653279847652e+07
2.442891558321414515e+07
2.439315071614798158e+07
2.435574769599898905e+07
2.431774652366442978e+07
2.428008573522511125e+07
2.424356161148726940e+07
2.420880232834317908e+07
2.417625622379593179e+07
2.414619267123674229e+07
2.411871354657817632e+07
2.409377296265950426e+07
2.407120281014048308e+07
2.405074167269579694e+07
2.403206485137724131e+07
2.401481350937805325e+07
2.399862130249126256e+07
2.398313726037406921e+07
2.396804409901745617e+07
2.395307154849365354e+07
2.393800464944814518e+07
2.392268728944575787e+07
2.390702150425001979e+07
2.389096325301674753e+07
2.387451548898647726e+07
2.385771939187003300e+07
2.384064461176112294e+07
2.382337930687873811e+07
2.380602065034401417e+07
2.378866634697933123e+07
2.377140755219381303e+07
2.375432343300447986e+07
2.373747746633831784e+07
2.372091544030651450e+07
2.370466501633489132e+07
2.368873662781766057e+07
2.367312543606669083e+07
2.365781403645300493e+07
2.364277560473237932e+07
2.362797719217719883e+07
2.361338291389637440e+07
2.359895682265892625e+07
2.358466531555161625e+07
2.357047897803427652e+07
2.355637382508083805e+07
2.354233194854721427e+07
2.352834162103966996e+07
2.351439693769138306e+07
2.350049709767092392e+07
2.348664543710114807e+07
2.347284832525441796e+07
2.345911402787531912e+07
2.344545162710953131e+07
2.343187006882281974e+07
2.341837738712323457e+07
2.340498013456029445e+07
2.339168302641189843e+07
2.337848878998182714e+07
2.336539819582777470e+07
2.335241023782858625e+07
2.333952242310880870e+07
2.332673113086739928e+07
2.331403200063393265e+07
2.330142031474454701e+07
2.328889134611759335e+07
2.327644064991297573e+07
2.326406428560451046e+07
2.325175896369472519e+07
2.323952211819650978e+07
2.322735191168470308e+07
2.321524718393352628e+07
2.320320735780446976e+07
2.319123231717763469e+07
2.317932227148053050e+07
2.316747762000284344e+07
2.315569882698351890e+07
2.314398631573072076e+07
2.313234038708931953e+07
2.312076116467951983e+07
2.310924856671971828e+07
2.309780230208501965e+07
2.308642188664277643e+07
2.307510667489299551e+07
2.306385590150892735e+07
2.305266872746377438e+07
2.304154428595074266e+07
2.303048172413983196e+07
2.301948023784653097e+07
2.300853909729360789e+07
2.299765766322355345e+07
2.298683539357861131e+07
2.297607184174509719e+07
2.296536664792251587e+07
2.295471952551257238e+07
2.294413024453687668e+07
2.293359861401353031e+07
2.292312446498762071e+07
2.291270763556819409e+07
2.290234795891936868e+07
2.289204525473381579e+07
2.288179932432057336e+07
2.287160994909754395e+07
2.286147689201354235e+07
2.285139990124528483e+07
2.284137871542358398e+07
2.283141306963360310e+07
2.282150270149338990e+07
2.281164735672567785e+07
2.280184679378384352e+07
2.279210078725159913e+07
2.278240912989480421e+07
2.277277163338500261e+07
2.276318812783113867e+07
2.275365846033921838e+07
2.274418249287002534e+07
2.273476009968094528e+07
2.272539116462650523e+07
2.271607557855616510e+07
2.270681323699750379e+07
2.269760403825343400e+07
2.268844788198100775e+07
2.267934466826326028e+07
2.267029429713785648e+07
2.266129666851060092e+07
2.265235168235962465e+07
2.264345923912603036e+07
2.263461924018938839e+07
2.262583158833760768e+07
2.261709618815924600e+07
2.260841294630805776e+07
2.259978177161262184e+07
2.259120257502594963e+07
2.258267526942743361e+07
2.257419976930425689e+07
2.256577599034756422e+07
2.255740384900265560e+07
2.254908326201137155e+07
2.254081414598041773e+07
2.253259641700211540e+07
2.252442999034491181e+07
2.251631478022268414e+07
2.250825069964256138e+07
2.250023766032418981e+07
2.249227557267815247e+07
2.248436434582754970e+07
2.247650388765592128e+07
2.246869410486498848e+07
2.246093490302776545e+07
2.245322618662594631e+07
2.244556785906363279e+07
2.243795982265382260e+07
2.243040197857697681e+07
2.242289422681437433e+07
2.241543646606087685e+07
2.240802859362322092e+07
2.240067050531034544e+07
2.239336209532223642e+07
2.238610325614280254e+07
2.237889387844133005e+07
2.237173385098553076e+07
2.236462306056781486e+07
2.235756139194515347e+07
2.235054872779197246e+07
2.234358494866420701e+07
2.233666993297293037e+07
2.232980355696521699e+07
2.232298569471018016e+07
2.231621621808857471e+07
2.230949499678445980e+07
2.230282189827823266e+07
2.229619678784056753e+07
2.228961952852733433e+07
2.228308998117576540e+07
2.227660800440254807e+07
2.227017345460426807e+07
2.226378618596090376e+07
2.225744605044278875e+07
2.225115289782128483e+07
2.224490657568325102e+07
2.223870692944919690e+07
2.223255380239463598e+07
2.222644703567441180e+07
2.222038646834919602e+07
2.221437193741364405e+07
2.220840327782567590e+07
2.220248032253622264e+07
2.219660290251912177e+07
2.219077084680078924e+07
2.218498398248950392e+07
2.217924213480412215e+07
2.217354512710240856e+07
2.216789278090894222e+07
2.216228491594280675e+07
2.215672135014524311e+07
2.215120189970748127e+07
2.214572637909889966e+07
2.214029460109566152e+07
2.213490637680995464e+07
2.212956151571996137e+07
2.212425982570053637e+07
2.211900111305458099e+07
2.211378518254522234e+07
2.210861183742859215e+07
2.210348087948729470e+07
2.209839210906440020e+07
2.209334532509803399e+07
2.208834032515631616e+07
2.208337690547286719e+07
2.207845486098255217e+07
2.207357398535764217e+07
2.206873407104430720e+07
2.206393490929924697e+07
2.205917629022667557e+07
2.205445800281545520e+07
2.204977983497629687e+07
2.204514157357914001e+07
2.204054300449050963e+07
2.203598391261087358e+07
2.203146408191189915e+07
2.202698329547356814e+07
2.202254133552113920e+07
2.201813798346183449e+07
2.201377301992129534e+07
2.200944622477968782e+07
2.200515737720749527e+07
2.200090625570098311e+07
2.199669263811727241e+07
2.199251630170908570e+07
2.198837702315907553e+07
2.198427457861392200e+07
2.198020874371790886e+07
2.197617929364630580e+07
2.197218600313834846e+07
2.196822864652993903e+07
