1.025292023216922283e+08
9.317109378601628542e+07
8.437415706301741302e+07
7.614235857567128539e+07
6.847741763199329376e+07
6.137861926157938689e+07
5.484264050379722565e+07
4.886339622415579855e+07
4.343191127016236633e+07
3.853622638759846985e+07
3.416134571468106657e+07
3.028923375552523881e+07
2.689886937133001909e+07
2.396636351296961680e+07
2.146514581826470420e+07
1.936622313977570832e+07
1.763851016680821776e+07
1.624922890950787812e+07
1.516436997242416814e+07
1.434920454890487529e+07
1.376883224728544801e+07
1.338874659557306021e+07
1.317539774349172600e+07
1.309673081093284115e+07
1.312267873786652088e+07
1.322559040983315557e+07
1.338057816526279971e+07
1.356577322108941525e+07
1.376248267699827999e+07
1.395524708525311202e+07
1.413180262603702024e+07
1.428295630216795951e+07
1.440238597638599016e+07
1.448637937467322126e+07
1.453352736213169433e+07
1.454438696689996868e+07
1.452112896002413332e+07
1.446718350807397999e+07
1.438689571476879343e+07
1.428520094841687009e+07
1.416732786608749814e+07
1.403853510303172283e+07
1.390388576693709940e+07
1.376806219846090488e+07
1.363522194609439187e+07
1.350889455475280806e+07
1.339191757769823447e+07
1.328640918488584831e+07
1.319377385603360832e+07
1.311473691768269241e+07
1.304940311935091391e+07
1.299733405672485568e+07
1.295763905177809112e+07
1.292907409929540753e+07
1.291014368825280108e+07
1.289920069700048119e+07
1.289454012657649443e+07
1.289448314042111859e+07
1.289744869953389093e+07
1.290201094912586547e+07
1.290694140322173759e+07
1.291123582250658236e+07
1.291412645205938444e+07
1.291508094180777855e+07
1.291378978783479892e+07
1.291014449214929342e+07
1.290420883842426538e+07
1.289618572802585736e+07
1.288638192961005680e+07
1.287517288847780973e+07
1.286296944489716552e+07
1.285018795192082785e+07
1.283722489102768525e+07
1.282443668461549282e+07
1.281212502127271518e+07
1.280052766210507974e+07
1.278981439882116020e+07
1.278008759661696851e+07
1.277138658226590604e+07
1.276369503099136055e+07
1.275695046164283901e+07
1.275105496225336380e+07
1.274588632869580016e+07
1.274130889777397737e+07
1.273718348177311011e+07
1.273337595327095315e+07
1.272976417645328864e+07
1.272624312494707108e+07
1.272272815842325799e+07
1.271915654481016658e+07
1.271548740764196217e+07
1.271170034645477682e+07
1.270779302160012722e+07
1.270377801429652609e+07
1.269967927040766180e+07
1.269552841553759016e+07
1.269136119346131012e+07
1.268721423391004093e+07
1.268312230360687897e+07
1.267911614029496163e+07
1.267522091698272154e+07
1.267145533582106791e+07
1.266783131028914824e+07
1.266435416230127774e+07
1.266102323829333112e+07
1.265783283541807532e+07
1.265477332515380159e+07
1.265183236586535349e+07
1.264899610671904311e+07
1.264625030116774887e+07
1.264358126721103489e+07
1.264097665205179155e+07
1.263842597901298478e+07
1.263592097327894159e+07
1.263345567911627330e+07
1.263102639397263527e+07
1.262863145384864882e+07
1.262627090951113403e+07
1.262394613466764987e+07
1.262165940558525175e+07
1.261941348740688339e+07
1.261721125629372522e+07
1.261505537923181988e+07
1.261294806559430063e+07
1.261089089698310010e+07
1.260888473501459882e+07
1.260692970096006989e+07
1.260502521676045284e+07
1.260317009402289614e+07
1.260136265616281703e+07
1.259960087876062095e+07
1.259788253425495513e+07
1.259620532903555781e+07
1.259456702354301699e+07
1.259296552884098887e+07
1.259139897603081167e+07
1.258986575759775564e+07
1.258836454213104025e+07
1.258689426572116092e+07
1.258545410463978350e+07
1.258404343463585526e+07
1.258266178236934356e+07
1.258130877422216721e+07
1.257998408707024157e+07
1.257868740468338877e+07
1.257741838235525601e+07
1.257617662126293033e+07
1.257496165301032178e+07
1.257377293389670923e+07
1.257260984772513062e+07
1.257147171545447968e+07
1.257035780971192755e+07
1.256926737210645527e+07
1.256819963139242493e+07
1.256715382078598812e+07
1.256612919309183583e+07
1.256512503270771354e+07
1.256414066399572976e+07
1.256317545590521395e+07
1.256222882307253778e+07
1.256130022388838790e+07
1.256038915620246530e+07
1.255949515142749250e+07
1.255861776781538688e+07
1.255775658362030797e+07
1.255691119075264595e+07
1.255608118938275799e+07
1.255526618379195221e+07
1.255446577960736118e+07
1.255367958241136745e+07
1.255290719759521633e+07
1.255214823123732954e+07
1.255140229173223302e+07
1.255066899187486619e+07
1.254994795111430064e+07
1.254923879772420414e+07
1.254854117068799958e+07
1.254785472115727514e+07
1.254717911340519041e+07
1.254651402525644749e+07
1.254585914802683145e+07
1.254521418604504317e+07
1.254457885585591942e+07
1.254395288521685079e+07
1.254333601199936867e+07
1.254272798309770413e+07
1.254212855342794955e+07
1.254153748507872596e+07
1.254095454664951749e+07
1.254037951278895140e+07
1.253981216392426938e+07
1.253925228615672141e+07
1.253869967128616944e+07
1.253815411692234501e+07
1.253761542663944513e+07
1.253708341013421863e+07
1.253655788335455023e+07
1.253603866857434064e+07
1.253552559440024570e+07
1.253501849570523575e+07
1.253451721349240094e+07
1.253402159469883889e+07
1.253353149195425957e+07
1.253304676331094280e+07
1.253256727196218260e+07
1.253209288596471585e+07
1.253162347797802091e+07
1.253115892502961680e+07
1.253069910831175745e+07
1.253024391301105730e+07
1.252979322816932574e+07
1.252934694657139853e+07
1.252890496465390176e+07
1.252846718242830038e+07
1.252803350341140851e+07
1.252760383455730975e+07
1.252717808618588001e+07
1.252675617190444097e+07
1.252633800852078944e+07
1.252592351594720781e+07
1.252551261709641665e+07
1.252510523777126335e+07
1.252470130655065738e+07
1.252430075467437319e+07
1.252390351592930779e+07
1.252350952653946728e+07
1.252311872506131232e+07
1.252273105228563398e+07
1.252234645114640519e+07
1.252196486663649976e+07
1.252158624572972208e+07
1.252121053730829060e+07
1.252083769209471345e+07
1.252046766258690506e+07
1.252010040299562365e+07
1.251973586918331869e+07
1.251937401860381104e+07
1.251901481024244428e+07
1.251865820455660298e+07
1.251830416341667995e+07
1.251795265004773811e+07
1.251760362897218019e+07
1.251725706595392525e+07
1.251691292794426158e+07
1.251657118302985467e+07
1.251623180038302019e+07
1.251589475021441840e+07
1.251556000372813083e+07
1.251522753307910636e+07
1.251489731133272871e+07
1.251456931242639385e+07
1.251424351113276556e+07
1.251391988302459940e+07
1.251359840444082767e+07
1.251327905245379359e+07
1.251296180483750626e+07
1.251264664003680274e+07
1.251233353713743016e+07
1.251202247583700716e+07
1.251171343641689792e+07
1.251140639971121401e+07
1.251110134709512815e+07
1.251079826043925993e+07
1.251049712209841982e+07
1.251019791488557309e+07
1.250990062204990722e+07
1.250960522725588828e+07
1.250931171456332877e+07
1.250902006840842590e+07
1.250873027358566038e+07
1.250844231523054652e+07
1.250815617880317010e+07
1.250787185007246025e+07
1.250758931510115229e+07
1.250730856023142114e+07
1.250702957207114622e+07
1.250675233748076856e+07
1.250647684356078506e+07
1.250620307763980515e+07
1.250593102726316079e+07
1.250566068018211052e+07
1.250539202434357814e+07
1.250512504788038880e+07
1.250485973910205439e+07
1.250459608648603037e+07
1.250433407866941765e+07
1.250407370444113761e+07
1.250381495273448527e+07
1.250355781262010150e+07
1.250330227329929546e+07
1.250304832409772649e+07
1.250279595445940085e+07
1.250254515394100733e+07
1.250229591220650449e+07
1.250204821902204305e+07
1.250180206425112858e+07
1.250155743785006553e+07
1.250131432986365631e+07
1.250107273042112589e+07
1.250083262973231263e+07
