4.723739403225148469e+07
4.363393388363093883e+07
4.040477267815315723e+07
3.756059332464911789e+07
3.510765944204060733e+07
3.304614660748247802e+07
3.136815608234910667e+07
3.012449192986910790e+07
2.908455986059859768e+07
2.821885618803371489e+07
2.751273458184510097e+07
2.694992461239670217e+07
2.651261629051005840e+07
2.618177415648242086e+07
2.593763561589288339e+07
2.576033901536393911e+07
2.563061442583773658e+07
2.553046404070020840e+07
2.544376376467042416e+07
2.535673285354609042e+07
2.525824038328380883e+07
2.513994187456177548e+07
2.499624772075645253e+07
2.482417089700086042e+07
2.462305288722245395e+07
2.439422295706243441e+07
2.414061051491511986e+07
2.386633750360867009e+07
2.357631188305392116e+07
2.327583926470838860e+07
2.297026634428006411e+07
2.266466697570918873e+07
2.236357941383956000e+07
2.207080122982253879e+07
2.178924645365691930e+07
2.152086741695594043e+07
2.126664139693487436e+07
2.102661942026253045e+07
2.080003150330455601e+07
2.058543934337111935e+07
2.038092432224737853e+07
2.018429602579114586e+07
1.999330474784786999e+07
1.980584101497735083e+07
1.962010628861483186e+07
1.943474171498539299e+07
1.924890590129352361e+07
1.906229777606377751e+07
1.887512605936071277e+07
1.868803207987187058e+07
1.850197702680961415e+07
1.831810773981373012e+07
1.813761652698715031e+07
1.796161016984869540e+07
1.779100132814643532e+07
1.762643226830803975e+07
1.746823661358388513e+07
1.731644013774197176e+07
1.717079706512474641e+07
1.703085439196923375e+07
1.689603390699286759e+07
1.676572016077275947e+07
1.663934276346133463e+07
1.651644300192841515e+07
1.639671758403431624e+07
1.628003590353960171e+07
1.616643104922881909e+07
1.605606832336793840e+07
1.594919782325153798e+07
1.584609933860422485e+07
1.574702825413604453e+07
1.565217032462494448e+07
1.556161128290724568e+07
1.547532456695576012e+07
1.539317743241383880e+07
1.531495282137474418e+07
1.524038203750913963e+07
1.516918189099210687e+07
1.510108972666443326e+07
1.503589063896634430e+07
1.497343300514143147e+07
1.491363086158762500e+07
1.485645413757354394e+07
1.481411708806943893e+07
1.478838538530260138e+07
1.477276460659447871e+07
1.476619676470075548e+07
1.476699723865830898e+07
1.477310678264316171e+07
1.478234562107259408e+07
1.479264399134966359e+07
1.480222851000684127e+07
1.480975075836196542e+07
1.481435247921083681e+07
1.481566958080241270e+07
1.481378371169683896e+07
1.480913477042978071e+07
1.480241002742808685e+07
1.479442563693677261e+07
1.478601457603278011e+07
1.477793200936896354e+07
1.477078533553708717e+07
1.476499227615275234e+07
1.476076677713310532e+07
1.475812953521651402e+07
1.475693784502479620e+07
1.475692826467539370e+07
1.475776529554191418e+07
1.475908975092402659e+07
1.476056157202532142e+07
1.476189332394583523e+07
1.476287224677937850e+07
1.476337034165469557e+07
1.476334337020973116e+07
1.476282072022292390e+07
1.476188877652535029e+07
1.476067072381291166e+07
1.475930562981511094e+07
1.475792927979529835e+07
1.475665864360073581e+07
1.475558115019480512e+07
1.475474921555086412e+07
1.475417980089206621e+07
1.475385823482527770e+07
1.475374515813543461e+07
1.475378526293179020e+07
1.475391649391733855e+07
1.475407853366433457e+07
1.475421966536644474e+07
1.475430144620502740e+07
1.475430098107755557e+07
1.475421091373915970e+07
1.475403751429860294e+07
1.475379741580355540e+07
1.475351363014709391e+07
1.475321145997698605e+07
1.475291483471234888e+07
1.475264345824401826e+07
1.475241098947426677e+07
1.475222430975394882e+07
1.475208378477286734e+07
1.475198431778685749e+07
1.475191692444498651e+07
1.475187053820069134e+07
1.475183377466210350e+07
1.475179643415137380e+07
1.475175059254286997e+07
1.475169120882632956e+07
1.475161625249693543e+07
1.475152641581009328e+07
1.475142451922493801e+07
1.475131474041550234e+07
1.475120179861741140e+07
1.475109020994906127e+07
1.475098370062686875e+07
1.475088482947899774e+07
1.475079483462869935e+07
1.475071368667589501e+07
1.475064030585662462e+07
1.475057288560183719e+07
1.475050926011437550e+07
1.475044725804211572e+07
1.475038499595610797e+07
1.475032108140271157e+07
1.475025471287154406e+07
1.475018568043970875e+07
1.475011428403159790e+07
1.475004119486903958e+07
1.474996728931354359e+07
1.474989348323265091e+07
1.474982059017512575e+07
1.474974921931769326e+07
1.474967972079161368e+07
1.474961217796295509e+07
1.474954643961582519e+07
1.474948218048228323e+07
1.474941897646954283e+07
1.474935638115370646e+07
1.474929399222467095e+07
1.474923149996012449e+07
1.474916871377412602e+07
1.474910556675928645e+07
1.474904210137270391e+07
1.474897844164154306e+07
1.474891475832574256e+07
1.474885123341163620e+07
1.474878802931644022e+07
1.474872526656182110e+07
1.474866301176946051e+07
1.474860127597154677e+07
1.474854002168543264e+07
1.474847917615140416e+07
1.474841864765042998e+07
1.474835834188437276e+07
1.474829817591101862e+07
1.474823808793056011e+07
1.474817804214754142e+07
1.474811802881978266e+07
1.474805806032565981e+07
1.474799816455109231e+07
1.474793837708642706e+07
1.474787873365055770e+07
1.474781926387920603e+07
1.474775998720556870e+07
1.474770091110881045e+07
1.474764203158801794e+07
1.474758333539437875e+07
1.474752480335942842e+07
1.474746641409874335e+07
1.474740814743665606e+07
1.474734998705530539e+07
1.474729192208114266e+07
1.474723394754127041e+07
1.474717606381448545e+07
1.474711827534123883e+07
1.474706058892990090e+07
1.474700301200299338e+07
1.474694555107680336e+07
1.474688821067889407e+07
1.474683099280135706e+07
1.474677389688315988e+07
1.474671692022989877e+07
1.474666005872356519e+07
1.474660330765337497e+07
1.474654666250800155e+07
1.474649011960421503e+07
1.474643367647574097e+07
1.474637733199938573e+07
1.474632108628312685e+07
1.474626494037654810e+07
1.474620889588288777e+07
1.474615295455482975e+07
1.474609711794455349e+07
1.474604138715701550e+07
1.474598576272964850e+07
1.474593024463614635e+07
1.474587483239141107e+07
1.474581952522166260e+07
1.474576432225887477e+07
1.474570922272176668e+07
1.474565422605442628e+07
1.474559933200615272e+07
1.474554454064880870e+07
1.474548985233968124e+07
1.474543526764564030e+07
1.474538078724822775e+07
1.474532641184953228e+07
1.474527214209452085e+07
1.474521797852031142e+07
1.474516392153611034e+07
1.474510997143154591e+07
1.474505612840662152e+07
1.474500239261382818e+07
1.474494876420253143e+07
1.474489524335720949e+07
1.474484183032353781e+07
1.474478852541968599e+07
1.474473532903333567e+07
1.474468224160726555e+07
1.474462926361808367e+07
1.474457639555297606e+07
1.474452363788901828e+07
1.474447099107815139e+07
1.474441845553951524e+07
1.474436603165924177e+07
1.474431371979618445e+07
1.474426152029166371e+07
1.474420943348058127e+07
1.474415745970159769e+07
1.474410559930464439e+07
1.474405385265492275e+07
1.474400222013302334e+07
1.474395070213210210e+07
1.474389929905270413e+07
1.474384801129698008e+07
1.474379683926305175e+07
1.474374578334068321e+07
1.474369484390872158e+07
1.474364402133435570e+07
1.474359331597397849e+07
1.474354272817518748e+07
1.474349225827912614e+07
1.474344190662288293e+07
1.474339167354119197e+07
1.474334155936730467e+07
1.474329156443302147e+07
1.474324168906801194e+07
1.474319193359848484e+07
1.474314229834584147e+07
1.474309278362542205e+07
1.474304338974544592e+07
1.474299411700660177e+07
1.474294496570203081e+07
1.474289593611768633e+07
1.474284702853297628e+07
1.474279824322152697e+07
1.474274958045185357e+07
1.474270104048788175e+07
1.474265262358918414e+07
1.474260433001098782e+07
