8.513250115905021429e+08
7.978133513411133289e+08
7.462604399320663214e+08
6.966896219562442303e+08
6.491199360202471018e+08
6.035658424639837742e+08
5.600369737297506332e+08
5.185379114515885115e+08
4.790679942700915337e+08
4.416211602441790700e+08
4.061858275251395702e+08
3.727448166759170890e+08
3.412753176413829327e+08
3.117489040373142958e+08
2.841315966242783070e+08
2.583839776651080549e+08
2.344613567997495234e+08
2.123139885558803082e+08
1.918873407569081187e+08
1.731224122663949132e+08
1.559560976499882638e+08
1.403215954698440433e+08
1.261488560729273856e+08
1.133650639159856588e+08
1.018951487525907755e+08
9.166231902223108709e+07
8.258861117063179612e+07
7.459544652413699031e+07
6.760418877851828933e+07
6.153669394546666741e+07
5.631584502056961507e+07
5.186606380246651173e+07
4.811379269213376939e+07
4.498793988278377801e+07
4.242028207787859440e+07
4.034581975823068619e+07
3.870308100963711739e+07
3.743437100439453125e+07
3.648596536581549793e+07
3.580824680061282963e+07
3.535578552417868376e+07
3.508736509394624084e+07
3.496595627435378730e+07
3.495864245565089583e+07
3.503650091530025005e+07
3.517444482851290703e+07
3.535103139349208027e+07
3.554824173384449631e+07
3.575123837821394950e+07
3.594810610400259495e+07
3.612958178130763024e+07
3.628877858179351687e+07
3.642090954451961070e+07
3.652301503746986389e+07
3.659369814069864154e+07
3.663287143046581000e+07
3.664151803322245926e+07
3.662146935836891830e+07
3.657520116284726560e+07
3.650564925456046313e+07
3.641604552068979293e+07
3.630977454295595735e+07
3.619025064078342170e+07
3.606081481863966584e+07
3.592465078171741962e+07
3.578471892490790784e+07
3.564370699276447296e+07
3.550399595097826421e+07
3.536763950010217726e+07
3.523635559067768604e+07
3.511152831473658234e+07
3.499421843643131852e+07
3.488518107220841944e+07
3.478488889706590772e+07
3.469355946922363341e+07
3.461118533689445257e+07
3.453756572291937470e+07
3.447233871931140125e+07
3.441501306605219096e+07
3.436499873307771236e+07
3.432163566787332296e+07
3.428422021042647958e+07
3.425202880981179327e+07
3.422433880017601699e+07
3.420044610655575991e+07
3.417967985144176334e+07
3.416141392037769407e+07
3.414507561863954365e+07
3.413015161106831580e+07
3.411619138366077840e+07
3.410280849911407381e+07
3.408967993998853117e+07
3.407654384354017675e+07
3.406319593278190494e+07
3.404948494028250873e+07
3.403530730598995090e+07
3.402060140937752277e+07
3.400534157084079087e+07
3.398953202884665877e+07
3.397320106909042597e+07
3.395639545097582042e+07
3.393917524608954787e+07
3.392160917384514213e+07
3.390377049832352996e+07
3.388573347948953509e+07
3.386757048650795221e+07
3.384934963280792534e+07
3.383113300536967069e+07
3.381297541012725234e+07
3.379492359147544205e+07
3.377701587044123560e+07
3.375928214196990430e+07
3.374174417013087124e+07
3.372441612055505067e+07
3.370730527173464745e+07
3.369041285060705245e+07
3.367373494276432693e+07
3.365726343335541338e+07
3.364098694097705930e+07
3.362489171330606937e+07
3.360896245967026800e+07
3.359318310198365152e+07
3.357753743131416291e+07
3.356200966268146038e+07
3.354658488540237397e+07
3.353124941035256162e+07
3.351599101886511594e+07
3.350079912063965201e+07
3.348566483000640944e+07
3.347058097122395411e+07
3.345554202423711121e+07
3.344054402255484089e+07
3.342558441469439119e+07
3.341066190006051213e+07
3.339577624926152080e+07
3.338092811778315902e+07
3.336611886072101071e+07
3.335135035497320443e+07
3.333662483397920430e+07
3.332194473880482838e+07
3.330731258815917373e+07
3.329273086881858110e+07
3.327820194694871455e+07
3.326372799997372180e+07
3.324931096794856340e+07
3.323495252284959704e+07
3.322065405380243808e+07
3.320641666600881889e+07
3.319224119100100547e+07
3.317812820582935214e+07
3.316407805885789543e+07
3.315009089998877794e+07
3.313616671333885193e+07
3.312230535063612461e+07
3.310850656387308985e+07
3.309477003603399172e+07
3.308109540899196267e+07
3.306748230793933570e+07
3.305393036196088791e+07
3.304043922058084980e+07
3.302700856630531698e+07
3.301363812333819270e+07
3.300032766277374327e+07
3.298707700465938449e+07
3.297388601738299429e+07
3.296075461486988142e+07
3.294768275208262354e+07
3.293467041930214688e+07
3.292171763563727215e+07
3.290882444216656685e+07
3.289599089506235719e+07
3.288321705898907036e+07
3.287050300100672618e+07
3.285784878515124321e+07
3.284525446780536696e+07
3.283272009392276034e+07
3.282024569412120804e+07
3.280783128262254968e+07
3.279547685598486289e+07
3.278318239254922047e+07
3.277094785250603408e+07
3.275877317847685516e+07
3.274665829650267959e+07
3.273460311733231694e+07
3.272260753790909052e+07
3.271067144296333939e+07
3.269879470663000643e+07
3.268697719402275980e+07
3.267521876271004602e+07
3.266351926405214891e+07
3.265187854437122494e+07
3.264029644593809918e+07
3.262877280777089670e+07
3.261730746624871343e+07
3.260590025555180386e+07
3.259455100794480741e+07
3.258325955392326042e+07
3.257202572224690020e+07
3.256084933988304064e+07
3.254973023188373446e+07
3.253866822121913731e+07
3.252766312858711183e+07
3.251671477221668512e+07
3.250582296768030524e+07
3.249498752772631124e+07
3.248420826214028522e+07
3.247348497764095664e+07
3.246281747781369090e+07
3.245220556308219582e+07
3.244164903071724996e+07
3.243114767487951368e+07
3.242070128669264913e+07
3.241030965434186161e+07
3.239997256319278106e+07
3.238968979592551291e+07
3.237946113267883658e+07
3.236928635119962692e+07
3.235916522699380293e+07
3.234909753347475082e+07
3.233908304210693389e+07
3.232912152254214883e+07
3.231921274274720624e+07
3.230935646912216768e+07
3.229955246660900116e+07
3.228980049879058450e+07
3.228010032798098773e+07
3.227045171530768275e+07
3.226085442078688741e+07
3.225130820339312404e+07
3.224181282112415135e+07
3.223236803106258437e+07
3.222297358943513781e+07
3.221362925167034566e+07
3.220433477245581895e+07
3.219508990579539537e+07
3.218589440506677330e+07
3.217674802307969704e+07
3.216765051213526726e+07
3.215860162408582866e+07
3.214960111039575934e+07
3.214064872220268101e+07
3.213174421037899330e+07
3.212288732559340447e+07
3.211407781837199256e+07
3.210531543915870786e+07
3.209659993837483972e+07
3.208793106647720560e+07
3.207930857401493937e+07
3.207073221168445423e+07
3.206220173038274050e+07
3.205371688125854358e+07
3.204527741576172411e+07
3.203688308569047228e+07
3.202853364323662221e+07
3.202022884102896228e+07
3.201196843217480183e+07
3.200375217029954121e+07
3.199557980958477408e+07
3.198745110480472445e+07
3.197936581136125699e+07
3.197132368531744182e+07
3.196332448343002051e+07
3.195536796318048984e+07
3.194745388280529529e+07
3.193958200132487714e+07
3.193175207857174054e+07
3.192396387521773577e+07
3.191621715280026570e+07
3.190851167374782264e+07
3.190084720140453428e+07
3.189322350005404279e+07
3.188564033494246751e+07
3.187809747230061144e+07
3.187059467936542258e+07
3.186313172440057248e+07
3.185570837835890055e+07
3.184832440837152675e+07
3.184097958750330657e+07
3.183367368831586838e+07
3.182640648448941484e+07
3.181917775083876401e+07
3.181198726332882047e+07
3.180483479908920825e+07
3.179772013642829284e+07
3.179064305484657735e+07
3.178360333504930139e+07
3.177660075895843655e+07
3.176963510972418264e+07
3.176270617173559591e+07
3.175581373063085973e+07
3.174895757330674678e+07
3.174213748792763054e+07
3.173535326393386722e+07
3.172860469204962254e+07
3.172189156429008394e+07
3.171521367396827042e+07
3.170857081570107490e+07
3.170196278541499376e+07
3.169538938035121933e+07
3.168885039907014742e+07
