1.567650520994396210e+08
1.417587078435691893e+08
1.278768823978776485e+08
1.151539866311181486e+08
1.036179863941691369e+08
9.328868639322361350e+07
8.417578850988894701e+07
7.627676197572475672e+07
6.957460903686715662e+07
6.403567403374032676e+07
5.960772454372946173e+07
5.621862049426840246e+07
5.377595886888855696e+07
5.216810217396468669e+07
5.126692537850421667e+07
5.093241668087061495e+07
5.101894843556062877e+07
5.138266150854890794e+07
5.188909638311967254e+07
5.242007901487685740e+07
5.287898819261735678e+07
5.319385490732445568e+07
5.331815562847697735e+07
5.322953288770971447e+07
5.292689431487521529e+07
5.242650100732588768e+07
5.175752008297160268e+07
5.095753696199652553e+07
5.006834014005307108e+07
4.913220492154064029e+07
4.818880966192214191e+07
4.727285053430632502e+07
4.641237208324962854e+07
4.562779540461205691e+07
4.493159847920025885e+07
4.432858023676150292e+07
4.381661949066064507e+07
4.338782195560621470e+07
4.302993454182785749e+07
4.272789813738222420e+07
4.246541020214553922e+07
4.222637793718740344e+07
4.199616145590550452e+07
4.176253267134826630e+07
4.151630668849048764e+07
4.125163483007993549e+07
4.096597851618458331e+07
4.065980816740878671e+07
4.033608922486935556e+07
3.999962750724114478e+07
3.965634867132155597e+07
3.931258243457737565e+07
3.897441279300409555e+07
3.864714222030622512e+07
3.833490227490051091e+07
3.804042652166353911e+07
3.776498565858356655e+07
3.750847018183872849e+07
3.726959411722560227e+07
3.704618495901478827e+07
3.683552060848701745e+07
3.663467394261744618e+07
3.644082941496624798e+07
3.625154312423921376e+07
3.606492707103747129e+07
3.587974864708772302e+07
3.569544651678235084e+07
3.551207284500345588e+07
3.533017845383910835e+07
3.515066146047798544e+07
3.497460113779737055e+07
3.480309736555603147e+07
3.463713258826405555e+07
3.447746832350115478e+07
3.432458270354125649e+07
3.417864999756221473e+07
3.403955817099776864e+07
3.390695676165184379e+07
3.378032497394220531e+07
3.365904900383599102e+07
3.354249811639279127e+07
3.343009066322205216e+07
3.332134370111197978e+07
3.321590275600588694e+07
3.311355117051608115e+07
3.301420102976017818e+07
3.291786961634278670e+07
3.282464654426800087e+07
3.273465711911865324e+07
3.264802712708586454e+07
3.256485331079328805e+07
3.248518244337826222e+07
3.240900038661451265e+07
3.233623103083771840e+07
3.226674374883401394e+07
3.220036708586243540e+07
3.213690592423327267e+07
3.207615930953928083e+07
3.201793645517235249e+07
3.196206905646271259e+07
3.190841882395578921e+07
3.185687995897503197e+07
3.180737702703267336e+07
3.175985925265998766e+07
3.171429258360509947e+07
3.167065099807933718e+07
3.162890838415851817e+07
3.158903204735120758e+07
3.155097850286958739e+07
3.151469178217723221e+07
3.148010408780742064e+07
3.144713831893393025e+07
3.141571179509603232e+07
3.138574043772175163e+07
3.135714271951479837e+07
3.132984283534274623e+07
3.130377274997398257e+07
3.127887299940790609e+07
3.125509232788882032e+07
3.123238640386434644e+07
3.121071595772407949e+07
3.119004471649482846e+07
3.117033748107992113e+07
3.115155861400304735e+07
3.113367109909506142e+07
3.111663621988376975e+07
3.110041379953690246e+07
3.108496286652991176e+07
3.107024256516524404e+07
3.105621312055936456e+07
3.104283668978219479e+07
3.103007797613294795e+07
3.101790454128650948e+07
3.100628680910289660e+07
3.099519780558398739e+07
3.098461271492316574e+07
3.097450834845876321e+07
3.096486262177512795e+07
3.095565411833517253e+07
3.094686179103216529e+07
3.093846482194702327e+07
3.093044263116433844e+07
3.092277500234543532e+07
3.091544227873170376e+07
3.090842557924577594e+07
3.090170698944783956e+07
3.089526969398481399e+07
3.088909803275184706e+07
3.088317747903786600e+07
3.087749455164718628e+07
3.087203668240891024e+07
3.086679206468452886e+07
3.086174950757960230e+07
3.085689831553704292e+07
3.085222820537377149e+07
3.084772926436349750e+07
3.084339194527825713e+07
3.083920708860506117e+07
3.083516595912847668e+07
3.083126028381747007e+07
3.082748228006672859e+07
3.082382466705955192e+07
3.082028065741399303e+07
3.081684393044805899e+07
3.081350859163812175e+07
3.081026912471400201e+07
3.080712034322103858e+07
3.080405734745383263e+07
3.080107549081302807e+07
3.079817035734533519e+07
3.079533774998987466e+07
3.079257368727402389e+07
3.078987440513132885e+07
3.078723636023546755e+07
3.078465623167800903e+07
3.078213091876598448e+07
3.077965753391701728e+07
3.077723339081718400e+07
3.077485598896021768e+07
3.077252299626587331e+07
3.077023223163232207e+07
3.076798164905389026e+07
3.076576932443704084e+07
3.076359344561470300e+07
3.076145230543668568e+07
3.075934429731789231e+07
3.075726791233256087e+07
3.075522173687304929e+07
3.075320445002228767e+07
3.075121482006078213e+07
3.074925169986513257e+07
3.074731402127834782e+07
3.074540078878246620e+07
3.074351107294261083e+07
3.074164400411143899e+07
3.073979876679889113e+07
3.073797459495909512e+07
3.073617076826592535e+07
3.073438660928206146e+07
3.073262148130423203e+07
3.073087478660720214e+07
3.072914596481255069e+07
3.072743449116419256e+07
3.072573987458115444e+07
3.072406165545563027e+07
3.072239940325052291e+07
3.072075271400887892e+07
3.071912120791215450e+07
3.071750452701471001e+07
3.071590233324727789e+07
3.071431430673277751e+07
3.071274014440756664e+07
3.071117955889947712e+07
3.070963227758916840e+07
3.070809804177481681e+07
3.070657660587056354e+07
3.070506773659135401e+07
3.070357121210426092e+07
3.070208682115204632e+07
3.070061436217391118e+07
3.069915364245785773e+07
3.069770447735869139e+07
3.069626668960705772e+07
3.069484010872155428e+07
3.069342457052126154e+07
3.069201991672379524e+07
3.069062599460612610e+07
3.068924265670314431e+07
3.068786976052196324e+07
3.068650716825626791e+07
3.068515474649369717e+07
3.068381236591674760e+07
3.068247990100430325e+07
3.068115722974353284e+07
3.067984423336244375e+07
3.067854079609087855e+07
3.067724680495377257e+07
3.067596214959646761e+07
3.067468672213792801e+07
3.067342041704561189e+07
3.067216313102506846e+07
3.067091476291788742e+07
3.066967521360382438e+07
3.066844438590494543e+07
3.066722218449202180e+07
3.066600851579473913e+07
3.066480328791830689e+07
3.066360641056851298e+07
3.066241779498683289e+07
3.066123735389565304e+07
3.066006500145290047e+07
3.065890065321387351e+07
3.065774422609812021e+07
3.065659563835901767e+07
3.065545480955396965e+07
3.065432166051431000e+07
3.065319611331425980e+07
3.065207809123943001e+07
3.065096751875554770e+07
3.064986432147830725e+07
3.064876842614522949e+07
3.064767976059002429e+07
3.064659825371961296e+07
3.064552383549370617e+07
3.064445643690634519e+07
3.064339598996903002e+07
3.064234242769473791e+07
3.064129568408249319e+07
3.064025569410232827e+07
3.063922239368047565e+07
3.063819571968502551e+07
3.063717560991211236e+07
3.063616200307285041e+07
3.063515483878103271e+07
3.063415405754166096e+07
3.063315960074000806e+07
3.063217141063116491e+07
3.063118943032971025e+07
3.063021360379935056e+07
3.062924387584230304e+07
3.062828019208835065e+07
3.062732249898358434e+07
3.062637074377886206e+07
3.062542487451809645e+07
3.062448484002651647e+07
3.062355058989898115e+07
3.062262207448845357e+07
3.062169924489462748e+07
3.062078205295280367e+07
3.061987045122288167e+07
3.061896439297856018e+07
3.061806383219664171e+07
3.061716872354648262e+07
3.061627902237945423e+07
3.061539468471867591e+07
3.061451566724873334e+07
3.061364192730559781e+07
3.061277342286667228e+07
3.061191011254093423e+07
3.061105195555922017e+07
