1.000897500036768466e+08
9.233496923890963197e+07
8.493837205450826883e+07
7.791427948250138760e+07
7.127596235450112820e+07
6.503539648057205975e+07
5.920299600298978388e+07
5.378732679461581260e+07
4.879480315666610748e+07
4.422937305177388340e+07
4.009219955196154118e+07
3.638134886913045496e+07
3.309149893389671668e+07
3.021368569677040353e+07
2.773510789640716836e+07
2.563901377954369411e+07
2.390469477272064239e+07
2.250761051659033448e+07
2.141966615550863743e+07
2.060965567001825199e+07
2.004387412225216627e+07
1.968688738803748786e+07
1.950243173306578398e+07
1.945439931497288868e+07
1.950785253895496577e+07
1.963000230074726045e+07
1.979108476724666730e+07
1.996507886998889223e+07
2.013022115133313090e+07
2.026929364918110520e+07
2.036968105214324966e+07
2.042321236480218545e+07
2.042581745462829620e+07
2.037703883111080527e+07
2.027944363553934544e+07
2.013798073779916763e+07
1.995932416909930855e+07
1.975123813149360567e+07
1.952199166981593519e+07
1.927984367470567673e+07
1.903261182669871300e+07
1.878733274860090390e+07
1.855001521722270921e+07
1.832548366369029135e+07
1.811730571139941737e+07
1.792779455107579380e+07
1.775807500014446676e+07
1.760820074201412499e+07
1.747730958560242504e+07
1.736380354901073501e+07
1.726554110850183293e+07
1.718003000235065818e+07
1.710461045781198516e+07
1.703662051843331009e+07
1.697353717292629182e+07
1.691308910226159543e+07
1.685333894594172761e+07
1.679273492925697565e+07
1.673013339699381217e+07
1.666479519611061364e+07
1.659635989801448770e+07
1.652480253495888412e+07
1.645037785383351520e+07
1.637355709346060082e+07
1.629496201264984906e+07
1.621530038963155262e+07
1.613530653792780265e+07
1.605568959892659634e+07
1.597709153471781500e+07
1.590005590868118405e+07
1.582500775189934671e+07
1.575224410894320346e+07
1.568193426653770357e+07
1.561412821348154172e+07
1.554877157096375525e+07
1.548572507081394643e+07
1.542478663820302486e+07
1.536571424005974084e+07
1.530824786979523487e+07
1.525212932705464214e+07
1.519711878981488571e+07
1.514300753648168221e+07
1.508962653060501069e+07
1.503685090675434656e+07
1.498460067410337366e+07
1.493283817118711025e+07
1.488156295119198784e+07
1.483080487511676550e+07
1.478061614846979827e+07
1.473106308295238204e+07
1.468221818695797771e+07
1.463415311702242866e+07
1.458693286333817057e+07
1.454061139643217623e+07
1.449522885947883874e+07
1.445081026347947493e+07
1.440736553782265447e+07
1.436489071097084880e+07
1.432336994697735459e+07
1.428277814259530976e+07
1.424308379426102526e+07
1.420425187828454189e+07
1.416624647143840231e+07
1.412903306732231006e+07
1.409258030603566952e+07
1.405686118958787620e+07
1.402185373176465183e+07
1.398754106968398020e+07
1.395391117044067942e+07
1.392095615469496325e+07
1.388867140595030226e+07
1.385705455382009596e+07
1.382610443881821260e+07
1.379582014717896096e+07
1.376620018431001157e+07
1.373724183312064037e+07
1.370894072082794644e+07
1.368129059680776298e+07
1.365428330610004067e+07
1.362790892930622399e+07
1.360215605035287514e+07
1.357701210900700279e+07
1.355246379478302971e+07
1.352849744233533740e+07
1.350509939472456835e+07
1.348225630911066383e+07
1.345995538847687282e+07
1.343818453201476112e+07
1.341693240502873808e+07
1.339618843606166914e+07
1.337594275402292982e+07
1.335618608124939725e+07
1.333690959967404231e+07
1.331810480680662766e+07
1.329976337635746598e+07
1.328187703544606455e+07
1.326443746684995666e+07
1.324743624107155949e+07
1.323086477949329093e+07
1.321471434684203565e+07
1.319897606879647449e+07
1.318364096895583719e+07
1.316870001856893674e+07
1.315414419234612584e+07
1.313996452423033305e+07
1.312615215803446248e+07
1.311269838918825239e+07
1.309959469530403987e+07
1.308683275471033901e+07
1.307440445338277146e+07
1.306230188172982819e+07
1.305051732340891846e+07
1.303904323873882927e+07
1.302787224535372853e+07
1.301699709855430946e+07
1.300641067341549695e+07
1.299610595017911866e+07
1.298607600386763364e+07
1.297631399846895225e+07
1.296681318551874161e+07
1.295756690648687072e+07
1.294856859808301553e+07
1.293981179944091477e+07
1.293129015876455605e+07
1.292299744647366554e+07
1.291492755419817008e+07
1.290707450520946085e+07
1.289943245652053878e+07
1.289199570024260134e+07
1.288475866304079443e+07
1.287771590396566316e+07
1.287086211104803905e+07
1.286419209709864296e+07
1.285770079515422508e+07
1.285138325396765210e+07
1.284523463386233896e+07
1.283925020317482576e+07
1.283342533540628478e+07
1.282775550710623525e+07
1.282223629642856680e+07
1.281686338223764673e+07
1.281163254360363260e+07
1.280653965951132029e+07
1.280158070861337706e+07
1.279675176888233051e+07
1.279204901705098897e+07
1.278746872777209058e+07
1.278300727246958017e+07
1.277866111789162457e+07
1.277442682440561987e+07
1.277030104409611970e+07
1.276628051873724163e+07
1.276236207771223225e+07
1.275854263594571874e+07
1.275481919190128706e+07
1.275118882568062097e+07
1.274764869724271074e+07
1.274419604474527389e+07
1.274082818299663253e+07
1.273754250199623778e+07
1.273433646553633362e+07
1.273120760983569734e+07
1.272815354217850044e+07
1.272517193953636289e+07
1.272226054715831019e+07
1.271941717712102830e+07
1.271663970683879778e+07
1.271392607753892988e+07
1.271127429271298647e+07
1.270868241655699536e+07
1.270614857241472974e+07
1.270367094123741053e+07
1.270124776007116586e+07
1.269887732058064640e+07
1.269655796761393920e+07
1.269428809781057574e+07
1.269206615825163946e+07
1.268989064514877088e+07
1.268776010256736353e+07
1.268567312117878348e+07
1.268362833703642711e+07
1.268162443037129939e+07
1.267966012440380827e+07
1.267773418416986614e+07
1.267584541536062583e+07
1.267399266317644902e+07
1.267217481119641662e+07
1.267039078026544116e+07
1.266863952740110084e+07
1.266692004472223669e+07
1.266523135840106010e+07
1.266357252763997018e+07
1.266194264367365837e+07
1.266034082879659534e+07
1.265876623541541025e+07
1.265721804512535781e+07
1.265569546780982986e+07
1.265419774076177552e+07
1.265272412782600336e+07
1.265127391856139898e+07
1.264984642742245272e+07
1.264844099295961298e+07
1.264705697703823820e+07
1.264569376407618076e+07
1.264435076030005887e+07
1.264302739302042499e+07
1.264172310992597602e+07
1.264043737839693390e+07
1.263916968483759463e+07
1.263791953402793780e+07
1.263668644849410094e+07
1.263546996789730527e+07
1.263426964844086021e+07
1.263308506229472160e+07
1.263191579703707248e+07
1.263076145511241443e+07
1.262962165330565162e+07
1.262849602223172598e+07
1.262738420584036782e+07
1.262628586093563214e+07
1.262520065670989454e+07
1.262412827429200709e+07
1.262306840630942024e+07
1.262202075646395981e+07
1.262098503912105225e+07
1.261996097891216353e+07
1.261894831035009399e+07
1.261794677745697834e+07
1.261695613340455294e+07
1.261597614016645588e+07
1.261500656818221696e+07
1.261404719603259861e+07
1.261309781012597308e+07
1.261215820439544134e+07
1.261122818000635132e+07
1.261030754507396370e+07
1.260939611439095996e+07
1.260849370916454494e+07
1.260760015676286817e+07
1.260671529047052935e+07
1.260583894925289601e+07
1.260497097752903029e+07
1.260411122495291382e+07
1.260325954620281234e+07
1.260241580077842996e+07
1.260157985280573368e+07
1.260075157084904984e+07
1.259993082773037627e+07
1.259911750035550445e+07
1.259831146954682097e+07
1.259751261988257244e+07
1.259672083954227343e+07
1.259593602015822753e+07
1.259515805667276494e+07
1.259438684720114246e+07
1.259362229289988428e+07
1.259286429784034193e+07
1.259211276888735220e+07
1.259136761558279209e+07
1.259062875003387220e+07
