5.438649879109835625e+07
4.963670218117086589e+07
4.578417458770146221e+07
4.283620255806642026e+07
4.076639824504771829e+07
3.949561900123071671e+07
3.887655333010683954e+07
3.870147033653250337e+07
3.874444991524671018e+07
3.881419653933916986e+07
3.878320574273381382e+07
3.858846271837745607e+07
3.821763717955322564e+07
3.769220257381074131e+07
3.705256291292288899e+07
3.634655947508272529e+07
3.562118956589673460e+07
3.491696225699368864e+07
3.426437384165202081e+07
3.368215759358397871e+07
3.317709440050588548e+07
3.274520879276213050e+07
3.237411638857565075e+07
3.204616817264533043e+07
3.174191498974012583e+07
3.144335944206483662e+07
3.113651380842094123e+07
3.081293962873712555e+07
3.047016171601371467e+07
3.011106067003678903e+07
2.974250505440714955e+07
2.937356223332724720e+07
2.901363376613349095e+07
2.867081632180389017e+07
2.835071281054630131e+07
2.805582483725678176e+07
2.778555581515526026e+07
2.753675347893523425e+07
2.730463435664743930e+07
2.708387711654525250e+07
2.686965975966909155e+07
2.665845056525511295e+07
2.644843446086781099e+07
2.623954489869610593e+07
2.603315374388984963e+07
2.583153072914579883e+07
2.563721141510263085e+07
2.545240913107953221e+07
2.527857784411657229e+07
2.511618941709157452e+07
2.496473907842350751e+07
2.482294697472608089e+07
2.468908895343081281e+07
2.456137180475362018e+07
2.443826927472355589e+07
2.431875351723600924e+07
2.420238690599454194e+07
2.408927356766324490e+07
2.397990061879549548e+07
2.387491941392096505e+07
2.377492400706045330e+07
2.368027717617513984e+07
2.359101713332303613e+07
2.350685524387687445e+07
2.342725258260982484e+07
2.335154614558404684e+07
2.327908749006153643e+07
2.320935848709946126e+07
2.314203917000383139e+07
2.307701781362630054e+07
2.301434901171715930e+07
2.295417766513610259e+07
2.289665286938217282e+07
2.284185496452906355e+07
2.278975253199119493e+07
2.274019622648232803e+07
2.269294592223906890e+07
2.264771943951097876e+07
2.260424696968393773e+07
2.256231586731899902e+07
2.252179505759780109e+07
2.248263523499683291e+07
2.244484814887236059e+07
2.240847359784004092e+07
2.237354501167698577e+07
2.234006341328388080e+07
2.230798582933009416e+07
2.227722923862613738e+07
2.224768650219401345e+07
2.221924772178083286e+07
2.219181980277327448e+07
2.216533856230802089e+07
2.213977077443895116e+07
2.211510697361791879e+07
2.209134855670125782e+07
2.206849399222729355e+07
2.204652855800561607e+07
2.202542031348748505e+07
2.200512267380385101e+07
2.198558180254143476e+07
2.196674574016587436e+07
2.194857204674981907e+07
2.193103166253369302e+07
2.191410824381250143e+07
2.189779382424840704e+07
2.188208274944674224e+07
2.186696613157278672e+07
2.185242857332086191e+07
2.183844788930315152e+07
2.182499742577392608e+07
2.181204974837626517e+07
2.179958018056108057e+07
2.178756895906665921e+07
2.177600145001945645e+07
2.176486664639298618e+07
2.175415475397387519e+07
2.174385488420313597e+07
2.173395368327775598e+07
2.172443526250281930e+07
2.171528225259484351e+07
2.170647743539382517e+07
2.169800523374900967e+07
2.168985253399198875e+07
2.168200862191901356e+07
2.167446438781637698e+07
2.166721120903114229e+07
2.166023997977770120e+07
2.165354062967855483e+07
2.164710223149871826e+07
2.164091355457499251e+07
2.163496376938230917e+07
2.162924299639608711e+07
2.162374250342985988e+07
2.161845452762473375e+07
2.161337185337859020e+07
2.160848735575325787e+07
2.160379369996610284e+07
2.159928329357586801e+07
2.159494846856228262e+07
2.159078177865326405e+07
2.158677626693732291e+07
2.158292559350835532e+07
2.157922398845452070e+07
2.157566607410755754e+07
2.157224664852415770e+07
2.156896052393470332e+07
2.156580247562500089e+07
2.156276730083743483e+07
2.155984994042943418e+07
2.155704559697721153e+07
2.155434979568741098e+07
2.155175836843398958e+07
2.154926737832513079e+07
2.154687302566335350e+07
2.154457157778394595e+07
2.154235934774569049e+07
2.154023272099458426e+07
2.153818820778890699e+07
2.153622249122802168e+07
2.153433244765072316e+07
2.153251513249915838e+07
2.153076774159453437e+07
2.152908756739000604e+07
2.152747196890530735e+07
2.152591836476486549e+07
2.152442424666630477e+07
2.152298720172829926e+07
2.152160493009795621e+07
2.152027524880015105e+07
2.151899608085664734e+07
2.151776543586314470e+07
2.151658139126304537e+07
2.151544208172500506e+07
2.151434569897919893e+07
2.151329049912257493e+07
2.151227481136647612e+07
2.151129704255145043e+07
2.151035567477518320e+07
2.150944925728023425e+07
2.150857639636516571e+07
2.150773574744086340e+07
2.150692601164930686e+07
2.150614593686456233e+07
2.150539432082222775e+07
2.150467001350458711e+07
2.150397191680715978e+07
2.150329898123325408e+07
2.150265020091608167e+07
2.150202460890989751e+07
2.150142127425277606e+07
2.150083930118495226e+07
2.150027782978140563e+07
2.149973603669487312e+07
2.149921313489511609e+07
2.149870837201198563e+07
2.149822102768829837e+07
2.149775041080524027e+07
2.149729585738206655e+07
2.149685672949112952e+07
2.149643241497211903e+07
2.149602232737842575e+07
2.149562590558969229e+07
2.149524261281792819e+07
2.149487193511831388e+07
2.149451337977490574e+07
2.149416647395218164e+07
2.149383076381435990e+07
2.149350581405150890e+07
2.149319120756413043e+07
2.149288654503357038e+07
2.149259144422844797e+07
2.149230553907841071e+07
2.149202847867917269e+07
2.149175992641535401e+07
2.149149955930611119e+07
2.149124706755495071e+07
2.149100215419236198e+07
2.149076453468285128e+07
2.149053393642267585e+07
2.149031009813909978e+07
2.149009276926565543e+07
2.148988170937937126e+07
2.148967668774804473e+07
2.148947748297745362e+07
2.148928388270540535e+07
2.148909568328251690e+07
2.148891268940643221e+07
2.148873471371649951e+07
2.148856157638486847e+07
2.148839310474383086e+07
2.148822913297010958e+07
2.148806950181922317e+07
2.148791405838388950e+07
2.148776265584901348e+07
2.148761515322963148e+07
2.148747141509694979e+07
2.148733131131012365e+07
2.148719471677114815e+07
2.148706151121023297e+07
2.148693157899595797e+07
2.148680480895699933e+07
2.148668109420291334e+07
2.148656033193928376e+07
2.148644242328117788e+07
2.148632727307371050e+07
2.148621478972728923e+07
2.148610488506953418e+07
2.148599747421002761e+07
2.148589247541134059e+07
2.148578980996101350e+07
2.148568940204344690e+07
2.148559117861412838e+07
2.148549506928042322e+07
2.148540100619161874e+07
2.148530892393808067e+07
2.148521875945693254e+07
2.148513045194093511e+07
2.148504394274868816e+07
2.148495917531612888e+07
2.148487609507095814e+07
2.148479464935194328e+07
2.148471478733382747e+07
2.148463645995734259e+07
2.148455961986280605e+07
2.148448422132586315e+07
2.148441022019474208e+07
2.148433757382936031e+07
2.148426624104309827e+07
2.148419618204791471e+07
2.148412735840281472e+07
2.148405973296507448e+07
2.148399326984345168e+07
2.148392793435275555e+07
2.148386369296967238e+07
2.148380051329020411e+07
2.148373836398906261e+07
2.148367721478120983e+07
2.148361703638539463e+07
2.148355780048932135e+07
2.148349947971605510e+07
2.148344204759152234e+07
2.148338547851306945e+07
2.148332974771931395e+07
2.148327483126136661e+07
2.148322070597536117e+07
2.148316734945624322e+07
2.148311474003240466e+07
2.148306285674121231e+07
2.148301167930526286e+07
2.148296118810950220e+07
2.148291136417921633e+07
2.148286218915892392e+07
2.148281364529218525e+07
2.148276571540209278e+07
2.148271838287243247e+07
2.148267163162945211e+07
2.148262544612421840e+07
2.148257981131564081e+07
2.148253471265405416e+07
2.148249013606549054e+07
