-1.154799590235313663e+05
6.721946624485758057e+11
4.403915928381658936e+10
1.424091379435285034e+11
3.870054183159132690e+11
2.955428190509166870e+11
8.695864083050201416e+10
1.583140229378193319e+08
7.811846906474494934e+10
1.805849793788089905e+11
1.808135296111835327e+11
9.502667973534580994e+10
1.498924485344034195e+10
6.003074821595523834e+09
5.615680100525137329e+10
9.987752733419238281e+10
9.165705316063662720e+10
4.493080650291931915e+10
5.631574798043644905e+09
4.756268842776643753e+09
3.293626405773933029e+10
5.514900049122490692e+10
4.853962674295629120e+10
2.202363683551410294e+10
1.870927806396577358e+09
4.132907910277062893e+09
2.087390980248905563e+10
3.137103912592229462e+10
2.470146340153828430e+10
8.987559464495016098e+09
1.234050127477717400e+08
4.672272287192103386e+09
1.458114842075479507e+10
1.764963716983412552e+10
1.090690000208639336e+10
2.239569219278528214e+09
3.616035565001421571e+08
5.414351497642496109e+09
1.008343579767202377e+10
8.720488701184888840e+09
3.305845404171159744e+09
4.248810423482940346e+07
1.762864153478134871e+09
5.241471979586082458e+09
5.807085151398523331e+09
2.952915405387839317e+09
2.635565380041213632e+08
5.723327720969971418e+08
2.728033486999459743e+09
3.586984242691933632e+09
2.111677347013922691e+09
2.928026656309516430e+08
2.303380302524489760e+08
1.525621222004271507e+09
2.172405639311647892e+09
1.328304030534113169e+09
1.903138882361651659e+08
1.415563685895517468e+08
9.463518664364337921e+08
1.314481405599675894e+09
7.519205660311985016e+08
7.861556447090703249e+07
1.300133687145655155e+08
6.421591024994463921e+08
7.844977638376369476e+08
3.731562745534121990e+08
1.373607740287514962e+07
1.424283427060249746e+08
4.528810911786460876e+08
4.431488943415349126e+08
1.480868548061386943e+08
7.940999301813457860e+05
1.541088696044109464e+08
3.097936907536924481e+08
2.202335868359294534e+08
3.600902315933539718e+07
2.089088255196428671e+07
1.485638993290750384e+08
1.897855832692227364e+08
8.412926126215261221e+07
8.253051711479178630e+05
4.766137623820314556e+07
1.198164254118517190e+08
9.370024057086312771e+07
1.717658750796785951e+07
7.416082893096240237e+06
5.969222991488403082e+07
7.537655221082404256e+07
3.042195113755730167e+07
-9.983226807518163696e+04
2.369722030323398858e+07
4.989352129052465409e+07
3.238707416870282218e+07
2.917691251894453540e+06
7.067746241632113233e+06
2.889879887899912894e+07
2.716411638861514628e+07
6.274679103821828961e+06
1.212144907428412000e+06
1.518804270226794295e+07
1.987340128303838894e+07
7.443482913311758079e+06
-7.970487841253737861e+04
7.428278938659700565e+06
1.338113636640703492e+07
6.877804209985824302e+06
1.617173746959913115e+04
3.450575932019407861e+06
8.580669629387831315e+06
5.543050593594673090e+06
2.734018475332070957e+05
1.549231493253603112e+06
5.369260766270680353e+06
4.107605643499746919e+06
3.803065860991445370e+05
6.813039738709701924e+05
3.337227657717236783e+06
2.879171101084356196e+06
3.454777413943492575e+05
2.939210922642878140e+05
2.085296923589346232e+06
1.937300444161269348e+06
2.418574498149181891e+05
1.210568817568865197e+05
1.317896449639817001e+06
1.257284542786563747e+06
1.264206879097255733e+05
4.261923189945565537e+04
8.417160222412898438e+05
7.826695414131321013e+05
2.858833313634842489e+04
6.188528809650574658e+03
5.384120359528637491e+05
4.578554394569065771e+05
-4.187525039514146192e+04
-1.139150715360423965e+04
3.380791316312883282e+05
2.386135341966248234e+05
-8.577880828544843826e+04
-2.101372313087409566e+04
2.002394765401882178e+05
9.291734000495806686e+04
-1.083705088580634765e+05
-2.830551287660815433e+04
1.017617254390664893e+05
-1.491374861603075715e+03
-1.160598012933113932e+05
-3.627332204479317443e+04
2.959327523352498611e+04
-5.999681101039185887e+04
-1.148706908322259260e+05
-4.627720596405863034e+04
-2.357028893322602016e+04
-9.349915299516763480e+04
-1.097810987554268795e+05
-5.843732035707939940e+04
-6.191322582828528539e+04
-1.100724829489177937e+05
-1.044474076927395363e+05
-7.194403291849320522e+04
-8.813070618658734020e+04
-1.159546275721264246e+05
-1.011119491160668404e+05
-8.542462836915084335e+04
-1.044190912703057111e+05
-1.160123862260863534e+05
-1.006546219842325954e+05
-9.738365319766350149e+04
-1.129879383947589959e+05
-1.138685062444035430e+05
-1.028089512500161218e+05
-1.066437520160890999e+05
-1.161822351408642135e+05
-1.118871081576313154e+05
-1.065480638215660729e+05
-1.126727575759188476e+05
-1.163117927847816318e+05
-1.112008545949371764e+05
-1.105815326913013851e+05
-1.156914783353739913e+05
-1.153297594224824279e+05
-1.119028411512438033e+05
-1.138388631061484193e+05
-1.165219552625547221e+05
-1.145367996703430399e+05
-1.134237441751273727e+05
-1.157910941951897839e+05
-1.162371425712689961e+05
-1.144663416351025953e+05
-1.150025282862412860e+05
-1.165094151881195721e+05
-1.157630448606155696e+05
-1.150169372617694462e+05
-1.160893989916009596e+05
-1.164686645160800690e+05
-1.156084320462831092e+05
-1.157709538437806914e+05
-1.165371082701702544e+05
-1.162212821301737713e+05
-1.158295595730122441e+05
