-5.774535328697549267e+04
3.360973312189393311e+11
2.201957963658557510e+10
7.120456896646784973e+10
1.935027091526871033e+11
1.477714095202160645e+11
4.347932041003633118e+10
7.915700628202570975e+07
3.905923452721340179e+10
9.029248968427304077e+10
9.040676480048820496e+10
4.751333986259521484e+10
7.494622421668178558e+09
3.001537405770381451e+09
2.807840049762039185e+10
4.993876366211248016e+10
4.582852657535342407e+10
2.246540324651078796e+10
2.815787394086786747e+09
2.378134416464865208e+09
1.646813202395323563e+10
2.757450024070232391e+10
2.426981336656865692e+10
1.101181841284636688e+10
9.354638982821195126e+08
2.066453950214427948e+09
1.043695489630941391e+10
1.568551955801183319e+10
1.235073169580180740e+10
4.493779727258751869e+09
6.170250136253137887e+07
2.336136138559921741e+09
7.290574205312463760e+09
8.824818579821361542e+09
5.453449995915550232e+09
1.119784604478043318e+09
1.808017730538395643e+08
2.707175743588540077e+09
5.041717893565352440e+09
4.360244345283496857e+09
1.652922696736120224e+09
2.124404672862764820e+07
8.814320713099719286e+08
2.620735984322371960e+09
2.903542570188136101e+09
1.476457697141087532e+09
1.317782634082842171e+08
2.861663804137035608e+08
1.364016737823803425e+09
1.793492115628815174e+09
1.055838667749140739e+09
1.464013270180006623e+08
1.151690092884604782e+08
7.628106051246736050e+08
1.086202813739195347e+09
6.641520093117647171e+08
9.515693812330827117e+07
7.077817826165857911e+07
4.731759271472540498e+08
6.572406966909103394e+08
3.759602768687428832e+08
3.930777605141935498e+07
6.500667813633931428e+07
3.210795449921820760e+08
3.922488756247821450e+08
1.865781309462825060e+08
6.868032334977183491e+06
7.121416495109088719e+07
2.264405391519114375e+08
2.215744406983237863e+08
7.404342089614972472e+07
3.970434237377653481e+05
7.705442822705341876e+07
1.548968387680903077e+08
1.101167867759430557e+08
1.800450490523048118e+07
1.044543456939111650e+07
7.428194292651359737e+07
9.489278486517551541e+07
4.206462383112826943e+07
4.126457558249216527e+05
2.383068125995516777e+07
5.990820581800454110e+07
4.685011336945474893e+07
8.588286810360180214e+06
3.708034475953769404e+06
2.984610796054442972e+07
3.768826908252789825e+07
1.521096852047614194e+07
-4.992320704219046456e+04
1.184860305435012840e+07
2.494675352399441600e+07
1.619352993985371478e+07
1.458838458594566444e+06
3.533865930982355960e+06
1.444939222752131708e+07
1.358205096059121750e+07
3.137332296853204723e+06
6.060651777240107767e+05
7.594014054467597976e+06
9.936693324572833255e+06
3.721734119836227037e+06
-3.985979558678905596e+04
3.714132093736698851e+06
6.690560788680041209e+06
3.438894692054141778e+06
8.078437720417699893e+03
1.725280517293439480e+06
4.290327348589673638e+06
2.771517813764932565e+06
1.366934241950662108e+05
7.746082308899739292e+05
2.684622851581459865e+06
2.053795274783068337e+06
1.901457310654766625e+05
3.406444102587868110e+05
1.668606237797155278e+06
1.439577945491713472e+06
1.727312519453824498e+05
1.469529139915331907e+05
1.042640816574665485e+06
9.686425640366588486e+05
1.209210543239876715e+05
6.052075807815029111e+04
6.589405300357766682e+05
6.286345649046476465e+05
6.320262604410589847e+04
2.130188690703637621e+04
4.208502711872234941e+05
3.913270201665827190e+05
1.428640571572140834e+04
3.086493497723987275e+03
2.691982372759957798e+05
2.289199295085571939e+05
-2.094542468047122384e+04
-5.703562068659734905e+03
1.690317485661550891e+05
1.192989413250162906e+05
-4.289723820731879823e+04
-1.051470369263072644e+04
1.001118883044792165e+05
4.645081241619750654e+04
-5.419311943175496708e+04
-1.416062863905910490e+04
5.087298352897790755e+04
-7.535734071702034953e+02
-5.803779320325779554e+04
-1.814455994914158509e+04
1.478873251642469222e+04
-3.000631657186177472e+04
-5.744326225860801060e+04
-2.314652540239172595e+04
-1.179307228275756825e+04
-4.675750952458896791e+04
-5.489848743065114832e+04
-2.922660308587865802e+04
-3.096456050494313604e+04
-5.504419358087687579e+04
-5.223166030028885143e+04
-3.597997709646496514e+04
-4.407331775715844560e+04
-5.798528231415376649e+04
-5.056394678814039798e+04
-4.272028996583455591e+04
-5.221752481530719524e+04
-5.801417553829122335e+04
-5.033529651523903158e+04
-4.869981507784876158e+04
-5.650196049305992346e+04
-5.694224709411171352e+04
-5.141247213885491510e+04
-5.332987493209244712e+04
-5.809911877481731062e+04
-5.595155743278133014e+04
-5.328203728654213774e+04
-5.634438606177705515e+04
-5.816390544288514502e+04
-5.560843800087070849e+04
-5.529877858486622426e+04
-5.785375282803039590e+04
-5.767289467816167598e+04
-5.595943673785631836e+04
-5.692744880337475479e+04
-5.826899586196237215e+04
-5.727641893946331402e+04
-5.671989196382272348e+04
-5.790356764332649618e+04
-5.812659239969414193e+04
-5.724119240198470652e+04
-5.750928610188560560e+04
-5.826272983314847079e+04
-5.788954485728900909e+04
-5.751649115518000326e+04
-5.805272202969357022e+04
-5.824235471345490078e+04
-5.781223831488531141e+04
-5.789349896507865924e+04
-5.827657584745595523e+04
-5.811866236573315837e+04
-5.792280059594762861e+04
