-1.732145647600872326e+05
1.008291993678212158e+12
6.605873893104760742e+10
2.136137069205891418e+11
5.805081274791395264e+11
4.433142285816172485e+11
1.304379612509676971e+11
2.374710395935981870e+08
1.171777036022767639e+11
2.708774690733449097e+11
2.712202944218792725e+11
1.425400196080962830e+11
2.248386728521233749e+10
9.004612237420574188e+09
8.423520151288237000e+10
1.498162910062717285e+11
1.374855797459197388e+11
6.739620975932814789e+10
8.447362201998228073e+09
7.134403269087167740e+09
4.940439609151788330e+10
8.272350074174940491e+10
7.280944011934434509e+10
3.303545525817963028e+10
2.806391714506910324e+09
6.199361870335764885e+09
3.131086470866450119e+10
4.705655869382766724e+10
3.705219510726681519e+10
1.348133920172301483e+10
1.851075241261782050e+08
7.008408435818440437e+09
2.187172263618668365e+10
2.647445575983180237e+10
1.636035000824546242e+10
3.359353834068920612e+09
5.424053399350197315e+08
8.121527251684885025e+09
1.512515370176585197e+10
1.308073305707473564e+10
4.958768111591151237e+09
6.373216172798133641e+07
2.644296235631859303e+09
7.862207974834830284e+09
8.710627732594726562e+09
4.429373113620738983e+09
3.953348125852448940e+08
8.584991637650049925e+08
4.092050236160481930e+09
5.380476369738976479e+09
3.167516026262860298e+09
4.392040042286067605e+08
3.455070512006970644e+08
2.288431838868325233e+09
3.258608464867096424e+09
1.992456051741803885e+09
2.854708383337654471e+08
2.123345589020419717e+08
1.419527805711109877e+09
1.971722114493049145e+09
1.127880855178196907e+09
1.179233528754086941e+08
1.950200592781502604e+08
9.632386599919433594e+08
1.176746652035812140e+09
5.597344181463185549e+08
2.060412245683540031e+07
2.136425204472266138e+08
6.793216431914886236e+08
6.647233479719916582e+08
2.221302887036322653e+08
1.191156424134227913e+06
2.311633109702436626e+08
4.646905427271333337e+08
3.303503868835511804e+08
5.401354140247474611e+07
3.133633052397429571e+07
2.228458557212972641e+08
2.846783816627643108e+08
1.261938986835398674e+08
1.237964577570469584e+06
7.149207120794759691e+07
1.797246449973485768e+08
1.405503677647162974e+08
2.576488819878777117e+07
1.112413130376191437e+07
8.953835186347061396e+07
1.130648353338056058e+08
4.563293374956258386e+07
-1.497413336420091218e+05
3.554583754818569124e+07
7.484028905321136117e+07
4.858061839457785338e+07
4.376544042707267217e+06
1.060162655030086078e+07
4.334820552892524749e+07
4.074618181565484405e+07
9.412025910173486918e+06
1.818224637083621696e+06
2.278207135041972995e+07
2.981010924207173660e+07
1.116523170816429704e+07
-1.195499593919978070e+05
1.114242578583038226e+07
2.007171194676691666e+07
1.031671373114119284e+07
2.426504098367339975e+04
5.175871350910015404e+06
1.287101191475809738e+07
8.314583378628724255e+06
4.101102765321401530e+05
2.323854761675202753e+06
8.053898687466183677e+06
6.161416019259165972e+06
5.704674486586597050e+05
1.021963545421884395e+06
5.005849085894986056e+06
4.318764265572690405e+06
5.182242401239971514e+05
4.408892801926046959e+05
3.127953040785779245e+06
2.905958334845799953e+06
3.627938561727300985e+05
1.815930167462863901e+05
1.976852380929331761e+06
1.885934532732261112e+06
1.896387622277890332e+05
6.393658972881920636e+04
1.262581786493943771e+06
1.174012076236375608e+06
4.289027453649449308e+04
9.290578443189724567e+03
8.076258492785156704e+05
6.867909644676991738e+05
-6.280506070931368595e+04
-1.707943652263484546e+04
5.071265307556891348e+05
3.579281434921952314e+05
-1.286603616375440179e+05
-3.151272554584547470e+04
3.003670821423555608e+05
1.393838852622480772e+05
-1.625478803264329035e+05
-4.245037886444738251e+04
1.526504859025638725e+05
-2.229157481065279171e+03
-1.740817902739979618e+05
-5.440206474883108604e+04
4.439783760409621755e+04
-8.998728551042823528e+04
-1.722980992158746230e+05
-6.940786606553367164e+04
-3.534748487678779929e+04
-1.402407755263612780e+05
-1.646636888929674169e+05
-8.764801619118374947e+04
-9.286186950036515191e+04
-1.651007504428026441e+05
-1.566631329852890631e+05
-1.079080664086139004e+05
-1.321880720823158335e+05
-1.739239500965233019e+05
-1.516599284897331381e+05
-1.281289436243263044e+05
-1.566206343920924119e+05
-1.740105733876868908e+05
-1.509739237304063281e+05
-1.460674674166311161e+05
-1.694738922292075295e+05
-1.707947411482735188e+05
-1.542054059385655273e+05
-1.599576045206210401e+05
-1.742653267718710413e+05
-1.678226339834495448e+05
-1.598140652999791491e+05
-1.690011038887082541e+05
-1.744596547842905857e+05
-1.667932456989955390e+05
-1.658642611703535076e+05
-1.735291780867575435e+05
-1.729865982765436929e+05
-1.678462195415766910e+05
-1.707502512730222661e+05
-1.747748884067352046e+05
-1.717971540218275622e+05
-1.701275699008216907e+05
-1.736785941518300097e+05
-1.743476660363627016e+05
-1.716914640585091256e+05
-1.724957435618500749e+05
-1.747560735348876915e+05
-1.736365177605326171e+05
-1.725173561729395005e+05
-1.741260486708520330e+05
-1.746949469481377164e+05
-1.734045983254067251e+05
-1.736483811903258320e+05
-1.747976130811467010e+05
-1.743238742078455107e+05
-1.737362907924329047e+05
