4.400193720561051965e+08
6.163000258795427246e+11
2.260379862480109863e+11
3.724619717697187500e+11
3.358421096664535522e+11
2.312941996400908813e+11
1.414308315962666931e+11
1.311892626871015778e+11
1.777858769189049988e+11
1.779505538708346863e+11
1.125751969437939453e+11
7.097862718329057312e+10
8.794199753701338196e+10
1.029468201134617310e+11
8.110814244115800476e+10
5.661936335497709656e+10
5.747636246959326935e+10
6.391981003699655914e+10
5.382542926184221649e+10
3.865153077560295868e+10
3.501961375063738251e+10
3.813716895639958954e+10
3.783431445240341187e+10
3.382419591932026672e+10
2.811828229820047760e+10
2.090762408519037247e+10
1.727008444428841019e+10
2.162887637932355118e+10
2.625524048231223297e+10
2.064334581216571426e+10
9.963210066923202515e+09
8.000504636399550438e+09
1.472593157435245132e+10
1.739242676172610474e+10
1.173826490345284081e+10
6.192709810299258232e+09
6.312743068342853546e+09
8.652387284403116226e+09
9.138644122897369385e+09
7.573983407828465462e+09
5.198433067341442108e+09
3.821878116071547031e+09
4.681529824673911095e+09
5.855665166664042473e+09
4.848509111739703178e+09
3.014798017043598175e+09
2.818251342926136971e+09
3.447360752006771564e+09
3.230680615696669102e+09
2.673229735960385799e+09
2.461661512295886517e+09
2.198421226140872478e+09
1.934366273792747736e+09
1.980570136707283735e+09
1.935900883470523357e+09
1.640463429002086639e+09
1.489855946710822582e+09
1.419547448199875116e+09
1.236889727484082699e+09
1.229679625643217325e+09
1.337243433843655109e+09
1.113649245633422852e+09
8.040984348279277086e+08
9.035208647935327291e+08
1.099263103742367983e+09
9.370842131637749672e+08
6.752492619324591160e+08
6.829515071009068489e+08
8.261654928237069845e+08
8.082541089027485847e+08
6.367620287783285379e+08
5.632137397501102686e+08
6.481637820909283161e+08
6.762002155223274231e+08
5.839675271753464937e+08
5.285796878322733045e+08
5.462733881114019156e+08
5.581630472555133104e+08
5.410752102522801161e+08
5.062421235019896030e+08
4.858360635588317513e+08
4.968244287643005848e+08
4.967134511210552454e+08
4.751063873671142459e+08
4.657422178897415996e+08
4.625012173394924998e+08
4.553138237345558405e+08
4.564624911805326939e+08
4.533234074464138150e+08
4.381192709217340350e+08
4.336726087725317478e+08
4.412832265364598632e+08
4.388329671153180003e+08
4.261761234955692291e+08
4.214663773894996047e+08
4.279476926874032021e+08
4.284380185033416152e+08
4.180215101494947076e+08
4.144617600295603275e+08
4.198623837422981262e+08
4.190626062987616062e+08
4.131520056557667851e+08
4.113785872022820711e+08
4.131456476988651156e+08
4.132488145499331355e+08
4.101874179546135068e+08
4.085968926850823164e+08
4.095096061572222710e+08
4.090085965805295110e+08
4.079153138374089003e+08
4.071861350309395790e+08
4.063015241652786732e+08
4.066460207632902861e+08
4.065642392062215805e+08
4.051517761216493249e+08
4.048386018896569014e+08
4.051691420280116796e+08
4.048986159555673599e+08
4.042459168292911053e+08
4.036911586012001038e+08
4.039870331453566551e+08
4.040582937026854753e+08
4.032339992332715988e+08
4.030158123036080599e+08
4.033329907506349683e+08
4.031226958452165127e+08
4.026689574377537370e+08
4.025615176180029511e+08
4.026815147312949300e+08
4.025305910911722779e+08
4.022172870642040968e+08
4.021676513871664405e+08
4.021964447875312567e+08
4.020563278152044415e+08
4.018791836136664152e+08
4.018146055712316036e+08
4.018063409110029340e+08
4.016974894544828534e+08
4.015732240105171204e+08
4.015203260799364448e+08
4.014682447131721973e+08
4.014091756368389726e+08
4.013049249215462804e+08
4.012250267008594275e+08
4.012126055341249704e+08
4.011393685281966329e+08
4.010338035485761762e+08
4.009910990523339510e+08
4.009625727673200965e+08
4.008792248521721959e+08
4.007970755029140711e+08
4.007672075725091100e+08
4.007184914994778037e+08
4.006353118685336113e+08
4.005807551857385635e+08
4.005413972739480138e+08
4.004786364557631612e+08
4.004133872008150220e+08
4.003636477349541187e+08
4.003123780765929818e+08
4.002534723645513058e+08
4.001954478210655451e+08
4.001417456777420044e+08
4.000901475911516547e+08
4.000327319499492049e+08
3.999751107299931645e+08
3.999223890753185749e+08
3.998693943169255853e+08
3.998119971066979170e+08
3.997550167273071408e+08
3.997032261321173310e+08
3.996483900844447613e+08
3.995900588463864923e+08
3.995354713788430691e+08
3.994826858657390475e+08
3.994252355822920799e+08
3.993682926235585213e+08
3.993149546315927505e+08
3.992588146837287545e+08
3.992014971627203822e+08
3.991462459380319715e+08
3.990905425840275288e+08
3.990337973784167171e+08
3.989771181222140193e+08
3.989209295143091083e+08
3.988643844823176861e+08
3.988074036561870575e+08
3.987502453008820415e+08
3.986934485784394145e+08
3.986364545706147552e+08
3.985786008555680513e+08
3.985213072879500985e+08
3.984639138881524205e+08
3.984059846799367070e+08
3.983478890577702522e+08
3.982900798842025995e+08
3.982319803296805620e+08
3.981733272995151281e+08
3.981150077065270543e+08
3.980565160788101554e+08
3.979975906803897619e+08
3.979386539086408615e+08
3.978797492002670169e+08
3.978204953918428421e+08
3.977610897752726078e+08
3.977016846878941655e+08
3.976420507127524614e+08
3.975822744675481319e+08
3.975223294845137596e+08
3.974623230011921525e+08
3.974021210511288047e+08
3.973417477224315405e+08
3.972812799340261817e+08
3.972206773515645266e+08
3.971598901676942110e+08
3.970989610890986919e+08
3.970379519880683422e+08
3.969767386233969331e+08
3.969153958754187226e+08
3.968539326383922100e+08
3.967923276897376776e+08
3.967305536034676433e+08
3.966686626535168886e+08
3.966066422516212463e+08
3.965444530852600932e+08
3.964821428588188887e+08
3.964196940401031971e+08
3.963571057944087386e+08
3.962943686507290006e+08
3.962315077962564230e+08
3.961685048486829400e+08
3.961053603697409034e+08
3.960420802763540149e+08
3.959786701640631557e+08
3.959151165364828110e+08
3.958514258423262239e+08
3.957876072440052629e+08
3.957236469374297857e+08
3.956595520295245051e+08
3.955953236094212532e+08
3.955309628643901944e+08
3.954664626399475336e+08
3.954018320566234589e+08
3.953370687067836523e+08
3.952721692531374693e+08
3.952071377617207170e+08
3.951419751744692326e+08
3.950766784521696568e+08
3.950112496041873693e+08
3.949456900796583891e+08
3.948799986634178758e+08
3.948141752786694169e+08
3.947482216794434190e+08
3.946821379076997638e+08
3.946159226309656501e+08
3.945495780495594740e+08
3.944831039265221357e+08
3.944164998633297086e+08
3.943497665890064240e+08
3.942829050309434533e+08
3.942159143605710268e+08
3.941487953817972541e+08
3.940815486762228608e+08
3.940141740904374123e+08
3.939466718553146124e+08
3.938790426727379560e+08
3.938112865453982353e+08
3.937434036668710709e+08
3.936753944634718299e+08
3.936072593348756433e+08
3.935389982056103349e+08
3.934706115632627606e+08
3.934020998167656064e+08
3.933334629069558382e+08
3.932647012921235561e+08
3.931958153283594251e+08
3.931268050749891996e+08
3.930576708959150910e+08
3.929884131183741689e+08
3.929190319167935252e+08
3.928495275367847681e+08
3.927799003539116383e+08
3.927101505285708308e+08
3.926402783308356404e+08
3.925702840689032674e+08
3.925001679686253667e+08
3.924299302667763829e+08
3.923595712528452277e+08
3.922890911818123460e+08
3.922184902714977264e+08
3.921477688023238182e+08
3.920769270381392241e+08
3.920059651891325712e+08
3.919348835354579091e+08
3.918636823261539936e+08
3.917923617915096879e+08
3.917209221842781305e+08
3.916493637687315941e+08
3.915776867603319883e+08
3.915058914218552113e+08
