9.207225407443226576e+08
5.881720322050051270e+11
1.836415674109051514e+11
4.080591712848928833e+11
2.946264620945096436e+11
1.658287124878662109e+11
1.393273268215235596e+11
1.595954132870148010e+11
1.727761569332774658e+11
1.432100826009151001e+11
8.766234054594343567e+10
7.036351154640348816e+10
9.588077655606628418e+10
1.024535774506469421e+11
7.069204260233146667e+10
4.473718315516698456e+10
5.066275517733891296e+10
6.256772295360943604e+10
5.445466137671248627e+10
3.769901231631458282e+10
3.126828630051759720e+10
3.322741442884021759e+10
3.412948115978181458e+10
3.235825917330405045e+10
2.828374475748201370e+10
2.098759255126355362e+10
1.568610251095522690e+10
1.883687593787162018e+10
2.436912239311410904e+10
2.052971230661615753e+10
1.027366675702161789e+10
7.599965132605957985e+09
1.401518929817478943e+10
1.672348351024044228e+10
1.089334732517134476e+10
5.667777704558109283e+09
6.827408934207392693e+09
9.409204866004781723e+09
8.745927520088150024e+09
6.437012506276177406e+09
4.980556800094011307e+09
4.786311292641719818e+09
5.394788924696197510e+09
5.515023860934797287e+09
4.302407400733234406e+09
3.225581044066071987e+09
3.556920645145723343e+09
3.914830965327795029e+09
3.198091157686017990e+09
2.616309182041799068e+09
2.812369356304095745e+09
2.765987646253313541e+09
2.290204083432313919e+09
2.149488393949920177e+09
2.209485570938682079e+09
2.035358857933304787e+09
1.882196824718955517e+09
1.804599318238615751e+09
1.606699190662796259e+09
1.569349925349701643e+09
1.702631388181560993e+09
1.522061140658660173e+09
1.224374588706050396e+09
1.318810716740379333e+09
1.476522942196197033e+09
1.294293136802024603e+09
1.103442428145324945e+09
1.159480397728563547e+09
1.227149724842408180e+09
1.158582133139620304e+09
1.063055640861512065e+09
1.038315001231771111e+09
1.067540115116765141e+09
1.064894100027503133e+09
1.005948922028233290e+09
9.723651010636659861e+08
9.866857976061705351e+08
9.805126929849290848e+08
9.532418161819143295e+08
9.427301678155361414e+08
9.329015620162668228e+08
9.231185295525664091e+08
9.226032131347943544e+08
9.112065152242293358e+08
8.998757275558028221e+08
8.993950596491142511e+08
8.911472270707828999e+08
8.862531822534846067e+08
8.882909512040877342e+08
8.774005156342965364e+08
8.696118911455110312e+08
8.756855559334576130e+08
8.730062225701035261e+08
8.626407568259626627e+08
8.614449597093291283e+08
8.636350662407823801e+08
8.607461089503184557e+08
8.566228265661225319e+08
8.541973095707486868e+08
8.542532434259765148e+08
8.545731417315218449e+08
8.513081463166687489e+08
8.487141074839498997e+08
8.496836458775898218e+08
8.494449814797933102e+08
8.471911609102720022e+08
8.459825264692089558e+08
8.461164376790947914e+08
8.457544736293467283e+08
8.445903799873485565e+08
8.438541551440238953e+08
8.435330773323010206e+08
8.432017722700229883e+08
8.427382870278546810e+08
8.421046533307663202e+08
8.416411505396685600e+08
8.415007415520077944e+08
8.412621684166661501e+08
8.406814351310266256e+08
8.403516495848827362e+08
8.402583039120726585e+08
8.400077715527414083e+08
8.396996672758846283e+08
8.393294468589607477e+08
8.392073288870329857e+08
8.391842829370259047e+08
8.387675330335133076e+08
8.384634770230497122e+08
8.385225107623738050e+08
8.383369640188794136e+08
8.379561763088128567e+08
8.378679799800748825e+08
8.378182351014655828e+08
8.375568673441087008e+08
8.373586891567250490e+08
8.372836067241519690e+08
8.371194255522125959e+08
8.369363129351614714e+08
8.368227291886085272e+08
8.366608504214709997e+08
8.365209167129876614e+08
8.364001954512311220e+08
8.362418329273821115e+08
8.361031830537827015e+08
8.359730298308086395e+08
8.358526993827836514e+08
8.357003364552165270e+08
8.355516031840015650e+08
8.354560127601169348e+08
8.353105237923771143e+08
8.351529107483630180e+08
8.350469592909604311e+08
8.349195559826194048e+08
8.347697159415432215e+08
8.346413608584288359e+08
8.345234589130104780e+08
8.343842243457746506e+08
8.342473020462118387e+08
8.341256759201928377e+08
8.339910238680601120e+08
8.338582692194008827e+08
8.337286671135758162e+08
8.335954214213342667e+08
8.334651940815385580e+08
8.333325618830481768e+08
8.332001980703290701e+08
8.330668019922115803e+08
8.329354918648041487e+08
8.328035438929188251e+08
8.326662432844467163e+08
8.325357815548747778e+08
8.324030875252962112e+08
8.322654278584089279e+08
8.321323463750604391e+08
8.319993787909873724e+08
8.318623031319053173e+08
8.317262563445352316e+08
8.315928067340416908e+08
8.314551429636417627e+08
8.313183870229514837e+08
8.311827686875838041e+08
8.310446709638339281e+08
8.309075145280151367e+08
8.307697324165891409e+08
8.306311993911116123e+08
8.304929356470382214e+08
8.303539854028655291e+08
8.302145356106514931e+08
8.300748751087610722e+08
8.299352657294981480e+08
8.297945119034702778e+08
8.296537879507559538e+08
8.295130822126346827e+08
8.293713749988695383e+08
8.292295131314795017e+08
8.290875815787476301e+08
8.289450273033535480e+08
8.288019913690403700e+08
8.286589350773283243e+08
8.285153292508667707e+08
8.283713199914702177e+08
8.282270633095604181e+08
8.280824169784772396e+08
8.279374072136234045e+08
8.277920145162785053e+08
8.276463265192379951e+08
8.275002413187077045e+08
8.273538269482415915e+08
8.272070323908027411e+08
8.270599090106948614e+08
8.269124497769494057e+08
8.267645924041345119e+08
8.266164164699404240e+08
8.264679089930776358e+08
8.263190203115005493e+08
8.261697820219442844e+08
8.260202429118936062e+08
8.258703138519538641e+08
8.257200472162469625e+08
8.255694581350817680e+08
8.254185111333701611e+08
8.252672153479068279e+08
8.251155919918825626e+08
8.249636258114206791e+08
8.248113106450599432e+08
8.246586654944460392e+08
8.245056797747507095e+08
8.243523573334997892e+08
8.241986948631023169e+08
8.240447020362429619e+08
8.238903707794002295e+08
8.237357080327836275e+08
8.235807077899287939e+08
8.234253805437769890e+08
8.232697195757530928e+08
8.231137241688802242e+08
8.229574049152023792e+08
8.228007530841954947e+08
8.226437717260087729e+08
8.224864648871208429e+08
8.223288316458446980e+08
8.221708691238752604e+08
8.220125841909568310e+08
8.218539741668142080e+08
8.216950392466170788e+08
8.215357820099210739e+08
8.213762031085909605e+08
8.212163015795483589e+08
8.210560800141297579e+08
8.208955382600005865e+08
8.207346774492193460e+08
8.205734978739945889e+08
8.204120005525575876e+08
8.202501867323241234e+08
8.200880559554243088e+08
8.199256100001018047e+08
8.197628493238270283e+08
8.195997744348995686e+08
8.194363860293242931e+08
8.192726854017519951e+08
8.191086725746593475e+08
8.189443485293838978e+08
8.187797142046236992e+08
8.186147699965711832e+08
8.184495166536873579e+08
8.182839550872421265e+08
8.181180857935255766e+08
8.179519095386282206e+08
8.177854269829490185e+08
8.176186389624890089e+08
8.174515459407891035e+08
8.172841487472461462e+08
8.171164481008307934e+08
8.169484445519822836e+08
8.167801388468005657e+08
8.166115317168319225e+08
8.164426237298601866e+08
8.162734156033970118e+08
8.161039080386145115e+08
8.159341016482257843e+08
8.157639970972906351e+08
8.155935950960532427e+08
8.154228962442281246e+08
8.152519012211334705e+08
8.150806106823493242e+08
8.149090252722851038e+08
8.147371456346412897e+08
8.145649724095695019e+08
8.143925062659472227e+08
8.142197478049383163e+08
8.140466976877577305e+08
8.138733565554573536e+08
8.136997250135631561e+08
8.135258037188355923e+08
8.133515932878682613e+08
8.131770943454676867e+08
8.130023075156815052e+08
8.128272334275741577e+08
8.126518726880716085e+08
8.124762259207375050e+08
