5.596850340818198919e+08
6.302690269381743164e+11
2.030245287927070923e+11
3.901739886192780151e+11
3.282346345455827637e+11
2.062618203506312256e+11
1.414204721945137329e+11
1.458190456022075500e+11
1.757150500297789612e+11
1.624401925045547180e+11
1.060878444417427826e+11
7.655090459762190247e+10
9.228548657596961975e+10
9.936673054595260620e+10
7.511335925286218262e+10
5.428636879560397339e+10
5.864402629932749176e+10
6.523662246861434937e+10
5.300365236395904541e+10
3.625690341263503265e+10
3.324488813029610062e+10
3.823718717372666931e+10
3.866779933646315002e+10
3.355466712392420578e+10
2.675599944457377243e+10
1.996565111556857300e+10
1.743782509232490540e+10
2.208927838355205917e+10
2.605963359540669250e+10
1.988191090283525467e+10
9.432781433909223557e+09
8.160376139575096130e+09
1.515138873582448006e+10
1.731956678179374695e+10
1.114146833168449211e+10
5.858049447348992348e+09
6.644863276585859299e+09
9.033852763518829346e+09
8.935092170190961838e+09
7.146136774153622627e+09
5.221490130326037407e+09
4.167393546642773628e+09
4.774302010835044861e+09
5.679608301169123650e+09
4.789995130773772240e+09
3.133664127377408504e+09
2.939510424769126892e+09
3.527943273103842258e+09
3.253402446808345318e+09
2.649629163398577690e+09
2.547872810108606815e+09
2.388418082324481010e+09
1.999522303157800436e+09
1.950592328392890453e+09
2.039972284505957842e+09
1.812989198371180534e+09
1.552546318010898352e+09
1.455148064762752533e+09
1.351509564947189569e+09
1.353710476051695824e+09
1.421399947806013346e+09
1.191319601648966074e+09
8.994384658128120899e+08
1.019001662295621037e+09
1.207588220125415564e+09
1.016228094649987102e+09
7.653268546851781607e+08
8.063730327717955112e+08
9.351625106590086222e+08
8.909063895015040636e+08
7.369506558247550726e+08
6.802448952677363157e+08
7.525250056548750401e+08
7.755264218407316208e+08
6.873394399610030651e+08
6.323059354543471336e+08
6.579807792871572971e+08
6.673375523152492046e+08
6.367877566443868876e+08
6.124358262609205246e+08
6.027798538417366743e+08
5.995767584817740917e+08
5.971074218413060904e+08
5.866672859977036715e+08
5.747956128580455780e+08
5.670234985118597746e+08
5.617627371678408384e+08
5.642526145971776247e+08
5.619143823591171503e+08
5.446546039763504267e+08
5.393952840315923691e+08
5.506423078432219028e+08
5.467130121048972607e+08
5.312214592989174128e+08
5.302492594298737049e+08
5.369173353392883539e+08
5.338304538171333671e+08
5.257904955649334788e+08
5.236306519686456919e+08
5.263510839647350907e+08
5.263382497578404546e+08
5.215852423914453983e+08
5.187227765761170983e+08
5.206326507620742917e+08
5.210018369076617360e+08
5.177916450000476241e+08
5.162714388258205652e+08
5.170446986044736505e+08
5.166989046499018073e+08
5.155408691410429478e+08
5.146647336419885755e+08
5.140415041174260974e+08
5.142222447224161029e+08
5.140263160280264020e+08
5.128304905694915056e+08
5.123781670582409501e+08
5.126905809138118625e+08
5.124873998137663007e+08
5.116945472227033377e+08
5.112690415000610948e+08
5.115305936240833402e+08
5.114331533479868770e+08
5.107881085792240500e+08
5.105216020417784452e+08
5.107007618887621760e+08
5.106023641043834686e+08
5.101224752852526307e+08
5.099336206240488887e+08
5.100898105474712253e+08
5.099374186656826138e+08
5.095626931862512231e+08
5.095161911966897845e+08
5.095659675367977619e+08
5.093604489190274477e+08
5.091701304781147838e+08
5.091416429504793286e+08
5.090702857471684217e+08
5.089392605237370133e+08
5.088436158117456436e+08
5.087427406544054151e+08
5.086720676124475002e+08
5.086152108207377195e+08
5.084832285204216242e+08
5.083885718715772033e+08
5.083609409490519166e+08
5.082698324410889149e+08
5.081488578779768944e+08
5.080898054476663470e+08
5.080421034544724226e+08
5.079429609774493575e+08
5.078457688073691726e+08
5.077962667992024422e+08
5.077304678177411556e+08
5.076319909111109972e+08
5.075587409374914169e+08
5.075022347190918326e+08
5.074221967888176441e+08
5.073392398481680155e+08
5.072730341002724767e+08
5.072024352855007648e+08
5.071271716931843758e+08
5.070512693662440181e+08
5.069793114425803423e+08
5.069104067552660704e+08
5.068346329778428674e+08
5.067595633948525190e+08
5.066885635628188848e+08
5.066173143270763159e+08
5.065422936618747711e+08
5.064667897499397993e+08
5.063966991819506884e+08
5.063240450688450933e+08
5.062467452810112238e+08
5.061742004622934461e+08
5.061030046121717095e+08
5.060266107182183862e+08
5.059514611115522981e+08
5.058796675889844298e+08
5.058043280374577641e+08
5.057286295425994992e+08
5.056548172539605498e+08
5.055797558087464571e+08
5.055044629074907899e+08
5.054289598033812642e+08
5.053534412676029801e+08
5.052781084178768992e+08
5.052020137636988163e+08
5.051256159196953177e+08
5.050497096625669599e+08
5.049734442243327498e+08
5.048963059624917507e+08
5.048196232154005170e+08
5.047429066357337832e+08
5.046654598627458811e+08
5.045878749373078942e+08
5.045105714591207504e+08
5.044327978638846874e+08
5.043545119466596246e+08
5.042765439004049897e+08
5.041982347368116975e+08
5.041195110305627584e+08
5.040407976417731047e+08
5.039619004339756966e+08
5.038827344562201500e+08
5.038033650762358308e+08
5.037238418116815090e+08
5.036441644848449826e+08
5.035642247005360126e+08
5.034840770605097413e+08
5.034038392786392570e+08
5.033233399010998011e+08
5.032426250195083618e+08
5.031617723567342758e+08
5.030807307291625142e+08
5.029994591027282476e+08
5.029180000029834509e+08
5.028364067837540507e+08
5.027545721643922925e+08
5.026725457709093094e+08
5.025903700426647067e+08
5.025079884805851579e+08
5.024253989102017879e+08
5.023426498882792592e+08
5.022597111950840354e+08
5.021765712068933249e+08
5.020932550342690349e+08
5.020097562365517020e+08
5.019260717433696389e+08
5.018421925639503598e+08
5.017581423149582744e+08
5.016739050089772940e+08
5.015894795273244381e+08
5.015048741367306113e+08
5.014200903752593398e+08
5.013351205401073694e+08
5.012499665743585229e+08
5.011646386859769821e+08
5.010791266687601209e+08
5.009934311433377266e+08
5.009075607505447865e+08
5.008215106585465074e+08
5.007352771910174489e+08
5.006488693013831973e+08
5.005622828173534274e+08
5.004755167620555162e+08
5.003885742039986253e+08
5.003014557461642623e+08
5.002141597539697886e+08
5.001266871607981324e+08
5.000390401127734780e+08
4.999512173883228302e+08
4.998632188855770230e+08
4.997750468153443933e+08
4.996867006145577431e+08
4.995981800995959044e+08
4.995094864515904188e+08
4.994206204141578078e+08
4.993315811850022674e+08
4.992423698188049793e+08
4.991529872241049409e+08
4.990634327895500064e+08
4.989737072946835756e+08
4.988838115269970894e+08
4.987937453419752717e+08
4.987035091586136222e+08
4.986131036775984764e+08
4.985225290970985889e+08
4.984317856283740401e+08
4.983408738317801952e+08
4.982497942337774634e+08
4.981585467361176014e+08
4.980671321162189245e+08
4.979755506596678495e+08
4.978838025739105344e+08
4.977918883282054067e+08
4.976998083766092062e+08
4.976075628980947733e+08
4.975151523385394812e+08
4.974225771005233526e+08
4.973298374781826735e+08
4.972369337949143052e+08
4.971438665117402077e+08
4.970506358946394324e+08
4.969572422980071902e+08
4.968636861112790108e+08
4.967699676728934050e+08
4.966760872814393640e+08
4.965820453411609530e+08
4.964878421801638007e+08
4.963934781078876853e+08
4.962989535032500029e+08
4.962042687004572749e+08
4.961094240146977305e+08
4.960144198039957285e+08
4.959192564054260850e+08
4.958239341392440796e+08
4.957284533439264297e+08
4.956328143655003309e+08
4.955370175136936903e+08
4.954410631285176873e+08
