1.695999545192044497e+09
5.758489527107442627e+11
1.988341743977612305e+11
3.959916849680903320e+11
2.926761037263477173e+11
1.796030529502778625e+11
1.476160326321684570e+11
1.509225474012727966e+11
1.647323049781038818e+11
1.500154704461063538e+11
9.884197818251768494e+10
7.128157374556068420e+10
8.927533115458609009e+10
1.000553367640425873e+11
7.547895264389137268e+10
4.993515251828713989e+10
5.125881684413812256e+10
6.049634203529749298e+10
5.406279083481079102e+10
3.998615426133312225e+10
3.360095614446253204e+10
3.367224886580735779e+10
3.389657603348864746e+10
3.338458232473031235e+10
3.000538573799351120e+10
2.165491485671129608e+10
1.558426560518175697e+10
1.965743397782645035e+10
2.613228855110390091e+10
2.160782647236948013e+10
1.026800540145431328e+10
7.865446526930335999e+09
1.527006653099344063e+10
1.806428296456034851e+10
1.150685685362468147e+10
5.997960301868570328e+09
7.560657981222362518e+09
1.039433642686547852e+10
9.544605661516513824e+09
7.129435887484225273e+09
5.777004306936369896e+09
5.508497459353925705e+09
5.979957021694148064e+09
6.293457693520300865e+09
5.278790203184349060e+09
3.959743541934242725e+09
4.053265194663291454e+09
4.632892127703858376e+09
4.143188059885437489e+09
3.392498288394370079e+09
3.401232133167218685e+09
3.461042148479539871e+09
3.123075498649064064e+09
2.918220382709352970e+09
2.876126402551096916e+09
2.749479527434724331e+09
2.671043713470805645e+09
2.537114233760065079e+09
2.286112227542955399e+09
2.318137335111509323e+09
2.480178843549991608e+09
2.225150047243097782e+09
1.918636243810893059e+09
2.076444340231635094e+09
2.230155936864920139e+09
2.004390396991970539e+09
1.820203114102835417e+09
1.896715099137064457e+09
1.961254011149111748e+09
1.891724846342093468e+09
1.789769029690230608e+09
1.753021801018998623e+09
1.800057955026667833e+09
1.810664151869343758e+09
1.725339426018913984e+09
1.685187284011229038e+09
1.725022154341881037e+09
1.717402610841839075e+09
1.670623890330264568e+09
1.664356655622291327e+09
1.668385305267975092e+09
1.652375834177721024e+09
1.640801317057823420e+09
1.638970217453672886e+09
1.633394884293907881e+09
1.620624863882374287e+09
1.613503758513433218e+09
1.618332214552271128e+09
1.614581840414181232e+09
1.598450724321376085e+09
1.596335600258250713e+09
1.604220280637403250e+09
1.597215254507882118e+09
1.586281400033666611e+09
1.587337196977851391e+09
1.589631444263494253e+09
1.585896452900365114e+09
1.580244141243206263e+09
1.578548612773037195e+09
1.580624785020369291e+09
1.578584102755667448e+09
1.574370048376154423e+09
1.573939802595922947e+09
1.574208516875990629e+09
1.572839786706244707e+09
1.571028701179064512e+09
1.570121643920199633e+09
1.569805653633882761e+09
1.568997787550384760e+09
1.568247207004188061e+09
1.567292230391133785e+09
1.566440009539110899e+09
1.566454544070575476e+09
1.565885627878156662e+09
1.564687440178138971e+09
1.564405062838130474e+09
1.564330352953788996e+09
1.563611320951697111e+09
1.563024964724499702e+09
1.562676285381855249e+09
1.562383317927258492e+09
1.562051907823360205e+09
1.561508853370603561e+09
1.561126775635122776e+09
1.560921745309470654e+09
1.560631630655434132e+09
1.560159598281969786e+09
1.559776377448277712e+09
1.559666615502181292e+09
1.559329877515326977e+09
1.558862392263380051e+09
1.558660404707310677e+09
1.558432632510909557e+09
1.558078291461503744e+09
1.557769221501271009e+09
1.557508866934639931e+09
1.557265884540431738e+09
1.556957686730380297e+09
1.556659844506587505e+09
1.556419052316210032e+09
1.556141300552833080e+09
1.555869549442995787e+09
1.555589078041567802e+09
1.555320686511356831e+09
1.555069981962871790e+09
1.554788127990061998e+09
1.554517871275894880e+09
1.554250829260157108e+09
1.553992815588826418e+09
1.553725383434296608e+09
1.553438487905862808e+09
1.553188939947990417e+09
1.552925512329025269e+09
1.552641061825260401e+09
1.552380509315795898e+09
1.552114574084617138e+09
1.551845865037700653e+09
1.551570904328726053e+09
1.551301800307588339e+09
1.551038909867827892e+09
1.550760454014068127e+09
1.550489324017360210e+09
1.550220619867001295e+09
1.549946072962665319e+09
1.549672477604066372e+09
1.549397777111141682e+09
1.549124421090044498e+09
1.548848509088398695e+09
1.548571999571321964e+09
1.548295365631408215e+09
1.548017460841086149e+09
1.547740778009141922e+09
1.547459884232300520e+09
1.547180461394757748e+09
1.546901439297481775e+09
1.546619059526315928e+09
1.546336761690303564e+09
1.546054788979537964e+09
1.545771721909804344e+09
1.545486176425369978e+09
1.545201904575040340e+09
1.544916699114095688e+09
1.544629170277287006e+09
1.544342408505864620e+09
1.544054484676096439e+09
1.543765415120241642e+09
1.543476018485013485e+09
1.543185650023474455e+09
1.542894522649709702e+09
1.542602824582371950e+09
1.542310119350588322e+09
1.542016652334559202e+09
1.541722772893293381e+09
1.541427771929451227e+09
1.541132009956144333e+09
1.540835812822097540e+09
1.540538620299553156e+09
1.540240620186112642e+09
1.539942023739681482e+09
1.539642711702921391e+09
1.539342423925049543e+09
1.539041578305974007e+09
1.538739988947955370e+09
1.538437540888056993e+09
1.538134433728048563e+09
1.537830580459874630e+09
1.537525970984777689e+09
1.537220630344207525e+09
1.536914550221638441e+09
1.536607752099650621e+09
1.536300213493312120e+09
1.535991939698720694e+09
1.535682938657646179e+09
1.535373235597523689e+09
1.535062776734052658e+09
1.534751602232842684e+09
1.534439731066313744e+09
1.534127116462979555e+09
1.533813785193646193e+09
1.533499755790806293e+09
1.533185004561407089e+09
1.532869532052031755e+09
1.532553363986504078e+09
1.532236485277794600e+09
1.531918892118108511e+09
1.531600601943674803e+09
1.531281608099293232e+09
1.530961912501565933e+09
1.530641514893898249e+09
1.530320424199398041e+09
1.529998636935945749e+09
1.529676152242644787e+09
1.529352978674009562e+09
1.529029113960070848e+09
1.528704559643649340e+09
1.528379317066762924e+09
1.528053391918605328e+09
1.527726780633398294e+09
1.527399487251588345e+09
1.527071514371236086e+09
1.526742862616242886e+09
1.526413532478269100e+09
1.526083527816896439e+09
1.525752849313611031e+09
1.525421498070712328e+09
1.525089476009719372e+09
1.524756785588619709e+09
1.524423427591746569e+09
1.524089402877021313e+09
1.523754715206748247e+09
1.523419364260978460e+09
1.523083351971068382e+09
1.522746680736189127e+09
1.522409351509682894e+09
1.522071365446728706e+09
1.521732725074145794e+09
1.521393431314635754e+09
1.521053485661017656e+09
1.520712889965679884e+09
1.520371645607541800e+09
1.520029754049182892e+09
1.519687216886128902e+09
1.519344035552974701e+09
1.519000211727449894e+09
1.518655746618157864e+09
1.518310641905567646e+09
1.517964899185731411e+09
1.517618519544483900e+09
1.517271504835174322e+09
1.516923856423467159e+09
1.516575575564906120e+09
1.516226663987539768e+09
1.515877123005360603e+09
1.515526954031624556e+09
1.515176158560183525e+09
1.514824738023532391e+09
1.514472693793340921e+09
1.514120027328935862e+09
1.513766740036292076e+09
1.513412833313689470e+09
1.513058308560283661e+09
1.512703167181101322e+09
1.512347410581317186e+09
1.511991040093930244e+09
1.511634057161838055e+09
1.511276463132129908e+09
1.510918259356728315e+09
1.510559447232735157e+09
1.510200028108108044e+09
1.509840003325907707e+09
1.509479374251332045e+09
1.509118142226418734e+09
1.508756308582190275e+09
1.508393874663761139e+09
1.508030841800758362e+09
1.507667211311440229e+09
1.507302984522789240e+09
1.506938162754762650e+09
1.506572747309775591e+09
1.506206739500208855e+09
