7.168118487011795044e+08
6.260535965842978516e+11
1.838477219993756104e+11
4.034185958741397705e+11
3.161100166257199707e+11
1.847724237769006958e+11
1.380242782977804871e+11
1.531039543498716125e+11
1.760421711880473938e+11
1.535388904461235046e+11
9.689726471405802917e+10
7.354932875993608093e+10
9.414249335695262146e+10
1.006931914017979126e+11
7.302693616755751038e+10
5.033509740667825317e+10
5.522807311907613373e+10
6.354965896949142456e+10
5.323262690350988770e+10
3.730456404798866272e+10
3.298926606604409027e+10
3.576931849051847839e+10
3.589398771583803558e+10
3.298503536956684875e+10
2.818541960387683487e+10
2.072346321215943527e+10
1.599256709416147804e+10
2.010259454960492706e+10
2.577553587607868958e+10
2.083194751847503281e+10
9.554821296986690521e+09
7.212039613164097786e+09
1.466331093743243980e+10
1.764682890946343994e+10
1.115339389798378944e+10
5.312118330358376503e+09
6.501003970815496445e+09
9.472542311321895599e+09
9.066090411899038315e+09
6.681453500116296768e+09
4.911375846661561012e+09
4.471024732171082497e+09
5.182877281152613640e+09
5.619127405778038025e+09
4.475979469013921738e+09
3.120389812132281780e+09
3.255710413877777100e+09
3.749206588851810455e+09
3.204748954284169197e+09
2.577329970150123119e+09
2.663829911453598499e+09
2.598303351211358547e+09
2.128876905427630186e+09
1.998846153119866133e+09
2.106055784669173241e+09
1.932875434979947090e+09
1.701117028985610247e+09
1.592755575071183920e+09
1.453679632375598907e+09
1.451349241955173254e+09
1.551480293518675804e+09
1.331760889607982874e+09
1.029261226913167477e+09
1.150239801131633759e+09
1.332229473561053991e+09
1.131614026827902794e+09
9.046466753072773218e+08
9.648530079027005434e+08
1.064048966315276265e+09
9.992085989245092869e+08
8.783943875798420906e+08
8.420372693378353119e+08
8.853705911584436893e+08
8.951958949480627775e+08
8.303053754109362364e+08
7.830654017154971361e+08
7.951469588452168703e+08
8.013332317956534624e+08
7.780945961065113544e+08
7.561069907301734686e+08
7.428364517938581705e+08
7.391621030622304678e+08
7.401199701507515907e+08
7.280770478068825006e+08
7.134714024132807255e+08
7.101189578961167336e+08
7.068025830732610226e+08
7.036287889518820047e+08
7.010260296917510033e+08
6.897286296884289980e+08
6.837045794982964993e+08
6.901570717471606731e+08
6.876020701529465914e+08
6.757931328656196594e+08
6.737259046916201115e+08
6.777075411302646399e+08
6.756572502845542431e+08
6.696478964926739931e+08
6.665421421030833721e+08
6.680805663146110773e+08
6.688448179113593102e+08
6.646764448120350838e+08
6.613655410549688339e+08
6.630538499526426792e+08
6.636529087302498817e+08
6.604825044212545156e+08
6.588738901894121170e+08
6.596803048220825195e+08
6.594406814835726023e+08
6.580743273352987766e+08
6.570792061849218607e+08
6.569521333493040800e+08
6.569178907914614677e+08
6.562149831946927309e+08
6.555377255309069157e+08
6.552141075541315079e+08
6.550517697785834074e+08
6.549056325962179899e+08
6.543452079956384897e+08
6.538477694545507431e+08
6.539284880441989899e+08
6.538451825203124285e+08
6.533199473237820864e+08
6.529905348365223408e+08
6.530493981744942665e+08
6.529933582498358488e+08
6.525398928181160688e+08
6.522916362779229879e+08
6.524134425845711231e+08
6.522460163489273787e+08
6.518793272057062387e+08
6.517982446354907751e+08
6.518110195995784998e+08
6.515981164600051641e+08
6.513840592751879692e+08
6.513418101020363569e+08
6.512401644277465343e+08
6.510793457398917675e+08
6.509747226919181347e+08
6.508540822308855057e+08
6.507522471997716427e+08
6.506676210381751060e+08
6.505234288846201897e+08
6.504148203642526865e+08
6.503422684762991667e+08
6.502342932367967367e+08
6.501085849671646357e+08
6.500070694784735441e+08
6.499380663436470032e+08
6.498229313273712397e+08
6.497002821956881285e+08
6.496241295127201080e+08
6.495340956788522005e+08
6.494169644865604639e+08
6.493159540898221731e+08
6.492355813320727348e+08
6.491330244581483603e+08
6.490243438517286777e+08
6.489355847277536392e+08
6.488399683608523607e+08
6.487389542507883310e+08
6.486407413482184410e+08
6.485435716055037975e+08
6.484494014984639883e+08
6.483486927352620363e+08
6.482502415104768276e+08
6.481537206813662052e+08
6.480562023102871180e+08
6.479579515327315331e+08
6.478567315852134228e+08
6.477610224383759499e+08
6.476632398025003672e+08
6.475609074728264809e+08
6.474629598481794596e+08
6.473655914982926846e+08
6.472642351815268993e+08
6.471633985497317314e+08
6.470655795749516487e+08
6.469645994762349129e+08
6.468629384803414345e+08
6.467634214581116438e+08
6.466619904908512831e+08
6.465607270769218206e+08
6.464591538822107315e+08
6.463573110538644791e+08
6.462555696746202707e+08
6.461531762539099455e+08
6.460503911831603050e+08
6.459477832574003935e+08
6.458449911225633621e+08
6.457412246814599037e+08
6.456377288327902555e+08
6.455342269419089556e+08
6.454298467437707186e+08
6.453253949210268259e+08
6.452209970626431704e+08
6.451161032052353621e+08
6.450107314146577120e+08
6.449054849754586220e+08
6.447998432861061096e+08
6.446937944247268438e+08
6.445876321019749641e+08
6.444811932345104218e+08
6.443744858945336342e+08
6.442674495592916012e+08
6.441602269773343801e+08
6.440527605087554455e+08
6.439449651559531689e+08
6.438369288894729614e+08
6.437286810574477911e+08
6.436201417087564468e+08
6.435113210077408552e+08
6.434022736759648323e+08
6.432929874461102486e+08
6.431834032097136974e+08
6.430735634608305693e+08
6.429635226808466911e+08
6.428531751017210484e+08
6.427425762085840702e+08
6.426317556899088621e+08
6.425206644690312147e+08
6.424093077491878271e+08
6.422977191440631151e+08
6.421858791159272194e+08
6.420737741293510199e+08
6.419614280455583334e+08
6.418488365373170376e+08
6.417359907424975634e+08
6.416228945116162300e+08
6.415095571934152842e+08
6.413959702547733784e+08
6.412821360415266752e+08
6.411680541064269543e+08
6.410537332252790928e+08
6.409391633647270203e+08
6.408243464998116493e+08
6.407092935221306086e+08
6.405939933697279692e+08
6.404784489263319969e+08
6.403626668509752750e+08
6.402466426445446014e+08
6.401303749639644623e+08
6.400138701979216337e+08
6.398971254973073006e+08
6.397801406990747452e+08
6.396629178158986568e+08
6.395454582328376770e+08
6.394277603061766624e+08
6.393098254641634226e+08
6.391916553154177666e+08
6.390732493077917099e+08
6.389546075012123585e+08
6.388357319167574644e+08
6.387166223215248585e+08
6.385972787259776592e+08
6.384777025084978342e+08
6.383578941262630224e+08
6.382378535249295235e+08
6.381175815867886543e+08
6.379970791265317202e+08
6.378763462527310848e+08
6.377553833830915689e+08
6.376341915891432762e+08
6.375127710528045893e+08
6.373911219829177856e+08
6.372692455710130930e+08
6.371471418737550974e+08
6.370248113718872070e+08
6.369022548229136467e+08
6.367794726471517086e+08
6.366564651808564663e+08
6.365332331225079298e+08
6.364097769394178391e+08
6.362860970424995422e+08
6.361621939402604103e+08
6.360380682651321888e+08
6.359137203208701611e+08
6.357891506822963953e+08
6.356643598723896742e+08
6.355393483226448298e+08
6.354141164890826941e+08
6.352886649510635138e+08
6.351629941003397703e+08
6.350371044354329109e+08
6.349109964548276663e+08
6.347846706226779222e+08
6.346581273833429813e+08
6.345313672419098616e+08
6.344043906607903242e+08
6.342771980851879120e+08
6.341497899914649725e+08
6.340221668682829142e+08
6.338943291225436926e+08
6.337662772645299435e+08
6.336380117277541161e+08
6.335095329690427780e+08
6.333808414475162029e+08
6.332519376186250448e+08
6.331228219264215231e+08
6.329934948225724697e+08
