4.953449521457123160e+08
6.383798873427242432e+11
1.941352652309739990e+11
3.973643528371312866e+11
3.285280257362266235e+11
2.046562508373209839e+11
1.416961685384921875e+11
1.473826049002136230e+11
1.767263786377917175e+11
1.624458961390199585e+11
1.052779193456996765e+11
7.690841313352243042e+10
9.374909053012937927e+10
9.994229816383723450e+10
7.410770625119544983e+10
5.357503150023757935e+10
5.975557690040239716e+10
6.671372401114158630e+10
5.263125363042038727e+10
3.471676841198816681e+10
3.315850072786368942e+10
3.987936253827705383e+10
3.939301866764177704e+10
3.232088644029707718e+10
2.581047738770702362e+10
2.078693031110132217e+10
1.840639576573289490e+10
2.168514618557009506e+10
2.530029839353593063e+10
2.000770051378583908e+10
9.895722101116676331e+09
8.120926354922798157e+09
1.488880474835785866e+10
1.730818991151811981e+10
1.122148376544923592e+10
5.781475434813937187e+09
6.553788284590899467e+09
9.089696333241405487e+09
8.974468144647220612e+09
6.993714841856370926e+09
5.077462599597728729e+09
4.249122426734114170e+09
4.854916934230856895e+09
5.518588076362008095e+09
4.619037785025749207e+09
3.183545712773657322e+09
3.000329822012829781e+09
3.401908133054728508e+09
3.111984137249187946e+09
2.654968438992922306e+09
2.565987962333701611e+09
2.291036609347276688e+09
1.897144608874084949e+09
1.933574487972500086e+09
2.014415635015724421e+09
1.733979972839860678e+09
1.488164015258112192e+09
1.410760586264780045e+09
1.300076194230623484e+09
1.303955486327082157e+09
1.360058775885458946e+09
1.124312822213802099e+09
8.571303032658439875e+08
9.724244477905032635e+08
1.135944918644389868e+09
9.563652892038085461e+08
7.207264717832335234e+08
7.507162140361149311e+08
8.717097003419597149e+08
8.319245198716824055e+08
6.834658278025025129e+08
6.271439003153479099e+08
6.930932124335197210e+08
7.128308028288120031e+08
6.323831386879620552e+08
5.819817429201689959e+08
5.969512924637562037e+08
6.032909743630305529e+08
5.857660574069999456e+08
5.591741792676296234e+08
5.385112023166929483e+08
5.418475344059846401e+08
5.445850739743576050e+08
5.279308247226085067e+08
5.151196554588317275e+08
5.103811731514142752e+08
5.054743769216182232e+08
5.066438276637231708e+08
5.030544775507402420e+08
4.875428694155576229e+08
4.832109173042404652e+08
4.919774086295099854e+08
4.887451223211986423e+08
4.750847788959962130e+08
4.720387010676525831e+08
4.789094045763624310e+08
4.774575494493759274e+08
4.676593412804518342e+08
4.658232438468442559e+08
4.698063324310166836e+08
4.682614694755805135e+08
4.638952802843180895e+08
4.619769159000326991e+08
4.627523780753266811e+08
4.633408881409862638e+08
4.608152025991385579e+08
4.586544916550711393e+08
4.594030282715576887e+08
4.594934042440524101e+08
4.581535655293795466e+08
4.570979607370483279e+08
4.566387619327487350e+08
4.569695714666414857e+08
4.565710741012597084e+08
4.553281079942092896e+08
4.551533557121472359e+08
4.553186441582204103e+08
4.550088099149893522e+08
4.544373242646175027e+08
4.539252566910485029e+08
4.541424680908547640e+08
4.541468070348930359e+08
4.534411168742384911e+08
4.532218700672879219e+08
4.534071216957195997e+08
4.532668241731356382e+08
4.528732922126686573e+08
4.526448895718675852e+08
4.528016602726656795e+08
4.526961750005925298e+08
4.522963298082721829e+08
4.522828196710024476e+08
4.523201365602012277e+08
4.521315793540619612e+08
4.519715651102097631e+08
4.519088122962784767e+08
4.518771063103130460e+08
4.517620237465976477e+08
4.516400431822813749e+08
4.515792566662675738e+08
4.515130413849004507e+08
4.514487849188170433e+08
4.513435258384366035e+08
4.512521593668798804e+08
4.512318061784315109e+08
4.511505019282912016e+08
4.510426377426946759e+08
4.509907626395699382e+08
4.509482638396445513e+08
4.508667567150557637e+08
4.507739956710084081e+08
4.507323891461377144e+08
4.506816008777688742e+08
4.505884905349066854e+08
4.505259174243581295e+08
4.504796726041909456e+08
4.504086721412588954e+08
4.503364862647389174e+08
4.502777902223560810e+08
4.502199232976425886e+08
4.501525967140292525e+08
4.500864650754578710e+08
4.500259487068583369e+08
4.499652539268931150e+08
4.499006093911385536e+08
4.498350276149948239e+08
4.497739583048567772e+08
4.497134172180386782e+08
4.496475576787669659e+08
4.495827791296261549e+08
4.495229309405612350e+08
4.494598492565839291e+08
4.493932503341910243e+08
4.493309609863476753e+08
4.492696595122875571e+08
4.492038112525798082e+08
4.491391471349644661e+08
4.490773071451528072e+08
4.490126184426481724e+08
4.489474349436281919e+08
4.488837272232795954e+08
4.488194068719193935e+08
4.487546402811574340e+08
4.486894111243903637e+08
4.486247044510955215e+08
4.485599229197815657e+08
4.484942777911344767e+08
4.484287321727769375e+08
4.483634354874167442e+08
4.482977859242758155e+08
4.482315163122191429e+08
4.481655343564892411e+08
4.480995878520963788e+08
4.480329910917915702e+08
4.479662762979524732e+08
4.478997931388846636e+08
4.478329429203801155e+08
4.477656451022439003e+08
4.476985396939258575e+08
4.476312828125724792e+08
4.475635871802639961e+08
4.474958466695368290e+08
4.474280896872839928e+08
4.473599999574745297e+08
4.472917283518687487e+08
4.472234061878775954e+08
4.471548754006637335e+08
4.470861508452308774e+08
4.470172490769168735e+08
4.469482602299215794e+08
4.468790552548739314e+08
4.468096588332046270e+08
4.467401441613052487e+08
4.466704748421215415e+08
4.466005997128012180e+08
4.465305626384004354e+08
4.464604195780054331e+08
4.463900602710262537e+08
4.463195395895209312e+08
4.462488870546036959e+08
4.461780674376127124e+08
4.461070554501795173e+08
4.460359135961638689e+08
4.459646133530291915e+08
4.458931277130006552e+08
4.458215013939276338e+08
4.457497131560346484e+08
4.456777660343845487e+08
4.456056508241575360e+08
4.455333900461986065e+08
4.454609669486871958e+08
4.453883825607411861e+08
4.453156431058647633e+08
4.452427506875687242e+08
4.451696981365467906e+08
4.450964860734518170e+08
4.450231264786559939e+08
4.449496062976874113e+08
4.448759299688225389e+08
4.448021016828553081e+08
4.447281203900515437e+08
4.446539798953510523e+08
4.445796900268619657e+08
4.445052466836412549e+08
4.444306482374953628e+08
4.443558983867453337e+08
4.442809969708576798e+08
4.442059430373110771e+08
4.441307367360555530e+08
4.440553807397154570e+08
4.439798734128426909e+08
4.439042147646530271e+08
4.438284068130837679e+08
4.437524492088555098e+08
4.436763412313076258e+08
4.436000846402896643e+08
4.435236794785941839e+08
4.434471253949314952e+08
4.433704230971420407e+08
4.432935735373164415e+08
4.432165760488027930e+08
4.431394313619467616e+08
4.430621401401892304e+08
4.429847023150375485e+08
4.429071181016739607e+08
4.428293882744563222e+08
4.427515128897420168e+08
4.426734921588136554e+08
4.425953265635490417e+08
4.425170165708062053e+08
4.424385620778521895e+08
4.423599637221041918e+08
4.422812218402667046e+08
4.422023365055263638e+08
4.421233081677940488e+08
4.420441372484863400e+08
4.419648238309002519e+08
4.418853683415741920e+08
4.418057711392701268e+08
4.417260324188034534e+08
4.416461525228848457e+08
4.415661317982887626e+08
4.414859704993426800e+08
4.414056689204403758e+08
4.413252273929996490e+08
4.412446462166292667e+08
4.411639256394075155e+08
4.410830660035771132e+08
4.410020676111428142e+08
4.409209306969227195e+08
4.408396556125164032e+08
4.407582426306667924e+08
4.406766920227630138e+08
4.405950040992902517e+08
4.405131791475614905e+08
4.404312174403275251e+08
4.403491192700405121e+08
4.402668849330171347e+08
4.401845146928839684e+08
4.401020088431912065e+08
