9.194056848193121338e+11
1.379896464381761963e+12
8.508077528578548584e+11
1.055988572450617432e+12
9.667806691568374023e+11
6.921291790196101074e+11
5.679529656724617920e+11
6.274111249682041016e+11
6.534517688540172119e+11
5.448991994491096802e+11
4.113940609416478882e+11
3.757111840298419189e+11
4.169292153481436157e+11
4.230110614018601685e+11
3.578909510941052856e+11
2.870941207665393066e+11
2.679649275630527649e+11
2.831740669545836792e+11
2.828386691266066895e+11
2.506296898350482788e+11
2.114346836248406067e+11
1.921102537450918274e+11
1.919229091027096558e+11
1.900045294765184326e+11
1.729003411685637817e+11
1.483891549925461426e+11
1.322185000117650146e+11
1.281191113310918732e+11
1.254408802587601013e+11
1.145125597216004791e+11
9.906486075496311951e+10
8.880155934026872253e+10
8.508053811739398193e+10
8.129132505668721008e+10
7.377377232469252014e+10
6.522414618686362457e+10
5.906633733907483673e+10
5.539283253196128845e+10
5.212475836587577057e+10
4.773956815648431396e+10
4.255211196887284088e+10
3.826570781030356598e+10
3.578885119839067841e+10
3.371498584022131348e+10
3.051976491232235336e+10
2.703072976690430450e+10
2.469414836707798386e+10
2.324371322768187332e+10
2.150776162767098618e+10
1.931036702969352341e+10
1.742646316827483749e+10
1.616778992860851669e+10
1.514390549417703438e+10
1.394546827388779259e+10
1.262315254511828423e+10
1.156474027759061241e+10
1.088500167640275574e+10
1.018813826675189590e+10
9.291597083774728775e+09
8.500872286210597038e+09
7.976696403433967590e+09
7.496420886211344719e+09
6.919315819697175026e+09
6.394336459250108719e+09
6.009025768251208305e+09
5.635882454453560829e+09
5.222435913421607018e+09
4.886479524401321411e+09
4.649242796362745285e+09
4.369117130922122955e+09
4.060321282228760719e+09
3.844844310246936321e+09
3.664310788761787415e+09
3.470785339176556587e+09
3.309336694153368473e+09
3.168077718378288746e+09
3.020165917702313900e+09
2.897915980840762138e+09
2.800969031175879002e+09
2.689921057725199223e+09
2.583951501926282406e+09
2.512995178234376907e+09
2.440528177703406811e+09
2.355366862187714100e+09
2.296916995601271629e+09
2.250429380817027569e+09
2.190402756010392666e+09
2.142343585808726072e+09
2.108701566573197842e+09
2.069008036072204590e+09
2.032519019877792597e+09
2.007193215093846321e+09
1.982755906473461390e+09
1.964632542476548195e+09
1.965579686272442341e+09
1.989498069324585438e+09
2.005894603980625629e+09
1.939932185070326805e+09
1.866606797271879673e+09
1.897539495501978874e+09
1.902642577603103876e+09
1.838108135547672510e+09
1.847462704294905186e+09
1.859606071962183952e+09
1.812925827846272707e+09
1.821682400435421467e+09
1.826692533815304279e+09
1.792746630562551737e+09
1.805047542106950045e+09
1.802059494837092638e+09
1.779044788027609825e+09
1.792273739509472132e+09
1.784062121450140715e+09
1.770788688109779358e+09
1.781651452697214603e+09
1.771474402733098745e+09
1.765889282059861660e+09
1.772840705052860260e+09
1.762924191832177639e+09
1.762258709291697025e+09
1.765903999746616364e+09
1.757431127303652525e+09
1.758770705495762348e+09
1.760500232709588289e+09
1.754175945565890789e+09
1.755806340284581900e+09
1.756172970563801527e+09
1.751797894613096714e+09
1.753503481773960590e+09
1.753212096107130289e+09
1.749832064556809187e+09
1.751157642059811592e+09
1.750936475515186310e+09
1.748472074803335905e+09
1.749298956432746410e+09
1.749034210305144310e+09
1.747041512334741354e+09
1.747545165707381725e+09
1.747644123182155132e+09
1.746091797333456039e+09
1.746093344315105677e+09
1.746254175225318432e+09
1.745046212187144041e+09
1.744744978933049440e+09
1.745046144583606005e+09
1.744286673485108852e+09
1.743715224822170258e+09
1.743856396938512802e+09
1.743396216220578671e+09
1.742674360540745020e+09
1.742589289863517523e+09
1.742417606438069582e+09
1.741809978789511919e+09
1.741510431097026110e+09
1.741450201028136253e+09
1.741062481229147911e+09
1.740615269026502132e+09
1.740466134723029852e+09
1.740274292281462193e+09
1.739870861771435499e+09
1.739597410931802750e+09
1.739513736157283306e+09
1.739372787923123598e+09
1.739264028220241070e+09
1.739505227054404736e+09
1.740253361381871939e+09
1.741793582739130259e+09
1.745084280008279562e+09
1.752036672454019308e+09
1.765955805575212479e+09
1.792327526032492399e+09
1.838015488653779030e+09
1.908976762044789791e+09
2.006200467430045366e+09
2.076247906245953083e+09
1.961707914653426647e+09
1.787109056103148699e+09
1.849608868301685572e+09
1.915035129194484234e+09
1.798833715968716383e+09
1.810821664434401989e+09
1.874191228200202465e+09
1.791805176244410515e+09
1.825873450232276201e+09
1.925192725554469824e+09
1.915913913885729074e+09
1.907536720229525566e+09
1.819847818542262554e+09
1.755309516382239103e+09
1.855930243807662010e+09
1.843487205322018147e+09
1.743062233531958818e+09
1.790314288037878752e+09
1.815756341361131907e+09
1.761433677292037487e+09
1.761966169200494766e+09
1.778306908081395149e+09
1.765258262709824085e+09
1.752435925555713415e+09
1.758050328265251637e+09
1.759842547497231960e+09
1.741314272267937899e+09
1.746731154985206842e+09
1.757376569395764589e+09
1.734851555203934431e+09
1.735662939619637966e+09
1.750464040828715086e+09
1.733710343058643818e+09
1.731609600586752653e+09
1.742248914209008932e+09
1.729781863117582321e+09
1.728542476634222269e+09
1.737835991775261641e+09
1.728706079735457182e+09
1.724894218440911055e+09
1.731427806189154148e+09
1.727669132634331226e+09
1.724454390609695911e+09
1.727600791385486603e+09
1.725698430580196857e+09
1.723223487812739611e+09
1.725964804799755335e+09
1.729306920432459116e+09
1.735229458674812078e+09
1.754392411167603254e+09
1.801077205278534174e+09
1.886847816975775003e+09
1.979177757745535135e+09
2.005558105715351820e+09
1.973180516121443510e+09
1.893930384305974722e+09
1.807802609262845039e+09
1.815892233303420782e+09
1.869202486550271034e+09
1.821618605342373133e+09
1.757992510891923428e+09
1.806287631025799751e+09
1.813192572991806030e+09
1.743887738759305000e+09
1.766357349598769426e+09
1.793079979056616306e+09
1.737489103696357250e+09
1.744652194536657333e+09
1.773948701099973917e+09
1.732498589755822420e+09
1.733254685297844648e+09
1.760386190325484276e+09
1.732978356094140530e+09
1.737676776307703972e+09
1.773426531789666891e+09
1.778373847279245377e+09
1.813132230598812342e+09
1.850389735244948626e+09
1.797569460392568350e+09
1.729230531871482611e+09
1.733663311730815887e+09
1.764441227260135889e+09
1.769717807357073545e+09
1.738409841922843456e+09
1.715563341303680420e+09
1.740340559408920050e+09
1.752614450767226696e+09
1.718511090969752073e+09
1.711789370886286736e+09
1.738148780632483721e+09
1.729431325004050016e+09
1.707421828183679819e+09
1.719395055451122761e+09
1.729858167799005270e+09
1.717088342874970675e+09
1.716666707693612099e+09
1.733959640315840483e+09
1.746368825268090010e+09
1.765398605415307283e+09
1.816883996815586567e+09
1.898515385511176109e+09
1.964457513188415766e+09
1.925704501449909925e+09
1.803082179550969601e+09
1.750150200909739494e+09
1.771693460895509720e+09
1.765107816899978876e+09
1.766509462718310833e+09
1.803048718354402065e+09
1.768640042411473036e+09
1.706160648391724825e+09
1.737015764505466938e+09
1.783330416463076830e+09
1.792601924363626003e+09
1.861481013020843744e+09
1.996219583224324226e+09
2.080315914702511311e+09
1.949564495122238398e+09
1.745978544241391182e+09
1.798815960852326632e+09
1.916428441348756790e+09
1.790038292932196140e+09
1.717662168960988760e+09
1.843634334546273470e+09
1.801055887425643206e+09
