8.123002919449170828e+08
6.339888204950688477e+11
1.861593824492868652e+11
4.197592290158541870e+11
3.274854139509853516e+11
1.828863780153853760e+11
1.397241251330953674e+11
1.654386039687038269e+11
1.851483918116649780e+11
1.551325093508808594e+11
9.621848254049394226e+10
7.479551790977397156e+10
9.828244606509130859e+10
1.073788280091328430e+11
7.782410231448947144e+10
4.936521621549278259e+10
5.262176021549844360e+10
6.580538880680980682e+10
5.899625992875002289e+10
4.013170740061942291e+10
3.167109145236060715e+10
3.504433117767000580e+10
3.793174972678015900e+10
3.521953506630763245e+10
2.869809354339775467e+10
2.082653740996806335e+10
1.703026011682978249e+10
2.121773991524179459e+10
2.593804514525549698e+10
2.077335210169404602e+10
1.038653121830370712e+10
8.443691189274908066e+09
1.508814027525410843e+10
1.738139788451379776e+10
1.128119487790199852e+10
6.087648973517369270e+09
7.219398928422409058e+09
9.698792281146339417e+09
9.040824751223690033e+09
6.828051184781293869e+09
5.371661893760942459e+09
4.946324339815670013e+09
5.332384430248032570e+09
5.618221053321780205e+09
4.703587729252592087e+09
3.472868222592855930e+09
3.416809115831922531e+09
3.811468905383108139e+09
3.406302134583271027e+09
2.808687791270959377e+09
2.747488261051085949e+09
2.672210514074016094e+09
2.338618739525673389e+09
2.190120373293747902e+09
2.162907034003947258e+09
2.008241807179211617e+09
1.873285941446799278e+09
1.740286250907197952e+09
1.543950694793754578e+09
1.551600394432769775e+09
1.660936827380455494e+09
1.443154949514210224e+09
1.154370737757578850e+09
1.255786788969973803e+09
1.413118030612356663e+09
1.233016433490172863e+09
1.023497511136969090e+09
1.064719350207105994e+09
1.150266172198475122e+09
1.095330881976110697e+09
9.800819651866487265e+08
9.361165918126299381e+08
9.779333489488718510e+08
9.913356974883491993e+08
9.212179324131594896e+08
8.708834704891285896e+08
8.903570543832080364e+08
8.982612689838845730e+08
8.650177927465947866e+08
8.397506678158059120e+08
8.380174796623837948e+08
8.367643558118691444e+08
8.235811004270653725e+08
8.116727356539407969e+08
8.101401303801561594e+08
8.022634146544420719e+08
7.896367646987694502e+08
7.924542008439421654e+08
7.935559884819563627e+08
7.771491134648520947e+08
7.707607280830295086e+08
7.796324227447271347e+08
7.759797304727867842e+08
7.632809780805985928e+08
7.621303714100811481e+08
7.662330160913779736e+08
7.630388402028211355e+08
7.569942460563164949e+08
7.551613443900070190e+08
7.561204123106981516e+08
7.555904150525826216e+08
7.523824281589678526e+08
7.497117670290449858e+08
7.503199932209620476e+08
7.507731181770279408e+08
7.482265756136649847e+08
7.464594261613395214e+08
7.470015677218482494e+08
7.467477017612489462e+08
7.454345384059448242e+08
7.445292285544599295e+08
7.442031883928631544e+08
7.441533536414556503e+08
7.435620598636438847e+08
7.426761079466962814e+08
7.424618914267355204e+08
7.423693237435647249e+08
7.419122084975444078e+08
7.414873551413807869e+08
7.411613732542794943e+08
7.409499252190146446e+08
7.408432517409992218e+08
7.405250836709092855e+08
7.400680853013237715e+08
7.399982788889250755e+08
7.400603727658998966e+08
7.396005936743959188e+08
7.392324886426205635e+08
7.394032318539117575e+08
7.392474473453828096e+08
7.387875133932700157e+08
7.387454286421937943e+08
7.387585575916639566e+08
7.384692489595880508e+08
7.382766478638300896e+08
7.382396865686550140e+08
7.380870471939823627e+08
7.379146417347517014e+08
7.378143443264359236e+08
7.376738709200849533e+08
7.375451657213382721e+08
7.374468385576746464e+08
7.373038862432217598e+08
7.371690034955540895e+08
7.370738765131652355e+08
7.369659250869991779e+08
7.368190916725095510e+08
7.366993795753860474e+08
7.366202589729449749e+08
7.364883659593034983e+08
7.363489314396744967e+08
7.362623731446141005e+08
7.361538491680490971e+08
7.360190310429184437e+08
7.359103651447795630e+08
7.358103414113160372e+08
7.356894745329933167e+08
7.355718109318491220e+08
7.354656982556176186e+08
7.353518132396281958e+08
7.352386836602499485e+08
7.351247472173472643e+08
7.350110715100963116e+08
7.349017016655944586e+08
7.347860856744325161e+08
7.346717414546456337e+08
7.345596573988089561e+08
7.344465173208227158e+08
7.343323709690709114e+08
7.342162390319186449e+08
7.341040082514709234e+08
7.339903552743314505e+08
7.338730280583674908e+08
7.337585313867558241e+08
7.336452214673142433e+08
7.335282090027548075e+08
7.334113035702410936e+08
7.332972692402293682e+08
7.331801739226727486e+08
7.330626923434234858e+08
7.329465934960905313e+08
7.328291484414385557e+08
7.327116246208343506e+08
7.325935644157105684e+08
7.324755692473579645e+08
7.323573138669035435e+08
7.322383850148166418e+08
7.321193079999908209e+08
7.320000518517057896e+08
7.318805894965801239e+08
7.317603752369662523e+08
7.316401459450687170e+08
7.315198316341319084e+08
7.313988497839035988e+08
7.312775248131200075e+08
7.311562750687414408e+08
7.310345326000162363e+08
7.309122189118287563e+08
7.307900120673378706e+08
7.306673469813435078e+08
7.305442538730157614e+08
7.304209950730636120e+08
7.302974255856328011e+08
7.301735109884803295e+08
7.300492848594131470e+08
7.299247879951592684e+08
7.297999932103927135e+08
7.296748866545288563e+08
7.295494328270313740e+08
7.294237650099498034e+08
7.292977547205957174e+08
7.291714116896997690e+08
7.290448215526839495e+08
7.289179297277204990e+08
7.287907087061169147e+08
7.286631996857795715e+08
7.285354324053727388e+08
7.284073234390207529e+08
7.282789351282879114e+08
7.281502651508111954e+08
7.280212934609292746e+08
7.278920222528531551e+08
7.277624666421891451e+08
7.276326260274995565e+08
7.275024831668410301e+08
7.273720529343640804e+08
7.272413415696841478e+08
7.271103367144321203e+08
7.269790381704790592e+08
7.268474642762252092e+08
7.267155965683228970e+08
7.265834449853756428e+08
7.264510071367555857e+08
7.263182886592903137e+08
7.261852842227005959e+08
7.260519944129295349e+08
7.259184276692553759e+08
7.257845764705119133e+08
7.256504431027528048e+08
7.255160316700911522e+08
7.253813413628181219e+08
7.252463689445453882e+08
7.251111208080278635e+08
7.249755951106194258e+08
7.248397912923911810e+08
7.247037113042873144e+08
7.245673570066303015e+08
7.244307265408430099e+08
7.242938216691231728e+08
7.241566438784196377e+08
7.240191928201872110e+08
7.238814686793053150e+08
7.237434734674609900e+08
7.236052071418086290e+08
7.234666696292638779e+08
7.233278627475625277e+08
7.231887866046843529e+08
7.230494414790548086e+08
7.229098284979069233e+08
7.227699481248350143e+08
7.226298009093074799e+08
7.224893873713649511e+08
7.223487083406192064e+08
7.222077644165673256e+08
7.220665558294862509e+08
7.219250836415424347e+08
7.217833482987194061e+08
7.216413501702353954e+08
7.214990901264617443e+08
7.213565687536329031e+08
7.212137863685202599e+08
7.210707438253662586e+08
7.209274416538206339e+08
7.207838803140916824e+08
7.206400604745956659e+08
7.204959827678394318e+08
7.203516476149312258e+08
7.202070557136993408e+08
7.200622075717772245e+08
7.199171037994338274e+08
7.197717448817532063e+08
7.196261314760243893e+08
7.194802640882022381e+08
7.193341432605208158e+08
7.191877695953547955e+08
7.190411436232794523e+08
7.188942658743934631e+08
7.187471369311925173e+08
7.185997573302696943e+08
7.184521276015728712e+08
7.183042482981587648e+08
7.181561199776004553e+08
7.180077431403359175e+08
7.178591183578701019e+08
7.177102461502609253e+08
7.175611270483355522e+08
7.174117615854793787e+08
7.172621502974139452e+08
7.171122936986782551e+08
7.169621923223830462e+08
