3.497414214987583756e+08
6.616518527725920410e+11
2.067061775274499512e+11
3.855773143904913330e+11
3.546777433798157959e+11
2.338586843223831177e+11
1.417850313256346741e+11
1.354838758977565765e+11
1.806769841356916809e+11
1.804016467013042297e+11
1.183222840505857697e+11
7.713479526641136169e+10
8.935118840681115723e+10
1.008554665267829742e+11
8.087586149302133179e+10
6.040024950029403687e+10
6.262632523911583710e+10
6.657732974430551910e+10
5.278863281868441010e+10
3.663219661615837097e+10
3.575350971432443237e+10
4.174717053752544403e+10
4.063810482650222015e+10
3.350891475034841919e+10
2.663169275355298615e+10
2.111478698071648788e+10
1.898471843850781250e+10
2.282260714934332657e+10
2.636957753411814499e+10
2.062427421494861984e+10
1.019138924818751907e+10
8.161719214150264740e+09
1.495121872102260590e+10
1.794299489179942322e+10
1.216323249609472466e+10
6.072461550084505081e+09
6.136136287109176636e+09
8.905108667589025497e+09
9.439932781939130783e+09
7.582967044285894394e+09
5.238048377908665657e+09
3.983870107644107342e+09
4.605711084943342209e+09
5.673748165820023537e+09
5.007648396066886902e+09
3.285046108241931438e+09
2.715052187010523319e+09
3.179514040421971321e+09
3.229164228939396858e+09
2.831335128260098934e+09
2.487359072239826679e+09
2.082297611707592010e+09
1.800402785376796961e+09
1.930267226339540005e+09
1.993254195369322777e+09
1.658001281764854908e+09
1.349070893717404604e+09
1.275653219298787355e+09
1.246350230240512848e+09
1.253598368280022621e+09
1.228214136292707443e+09
9.873895309659390450e+08
7.709352741109714508e+08
8.715252463368200064e+08
1.005872712188455701e+09
8.530302043562406301e+08
6.225697966947011948e+08
6.091435873291227818e+08
7.347817360029480457e+08
7.415177332423958778e+08
5.797264685835872889e+08
4.763211262657319307e+08
5.531896710153259039e+08
6.124728183632910252e+08
5.228485633289005756e+08
4.374486737221884727e+08
4.580819456762349010e+08
4.910419391727254987e+08
4.664252703544078469e+08
4.214035671383460164e+08
4.067750035035861731e+08
4.180826431156061888e+08
4.162375870291813612e+08
3.977477222925959826e+08
3.856497381670066714e+08
3.793742520506219864e+08
3.755021768481338024e+08
3.775770661539180279e+08
3.726118862470395565e+08
3.568433352584951520e+08
3.516338699039741158e+08
3.606008743021893501e+08
3.598617589566933513e+08
3.444607872433966398e+08
3.383451113638557792e+08
3.477498933201609254e+08
3.487430831091071963e+08
3.359699016981440783e+08
3.321541155756503344e+08
3.390992888076319098e+08
3.385395255230872035e+08
3.314499062492857575e+08
3.293707399725804925e+08
3.320054562476119399e+08
3.322691652575666308e+08
3.285844011342300177e+08
3.268853866567732096e+08
3.281182871169191003e+08
3.277510057566092014e+08
3.264598987789385915e+08
3.255400425960856080e+08
3.248810006721142530e+08
3.252862714607880116e+08
3.250438696846200824e+08
3.237351237972760201e+08
3.233528881354121566e+08
3.236586639604038596e+08
3.235780440353662372e+08
3.227996630573593378e+08
3.221540039307762384e+08
3.225938968774057627e+08
3.227034339159024954e+08
3.218019464800701141e+08
3.215472867275722027e+08
3.219533035627013445e+08
3.217950864104678631e+08
3.212568601881037354e+08
3.211428260115431547e+08
3.213645553402818441e+08
3.211968639969849586e+08
3.208401906296207309e+08
3.208403313059157729e+08
3.208840771255950928e+08
3.207469978059994578e+08
3.205778841591781378e+08
3.205129391497446895e+08
3.205322272647150159e+08
3.204380834908365607e+08
3.203069901960055232e+08
3.202684007833724022e+08
3.202395750481472611e+08
3.201847676333950758e+08
3.200907212632749677e+08
3.200214639396486282e+08
3.200207768550090790e+08
3.199689673932222128e+08
3.198653344496560693e+08
3.198276007487208843e+08
3.198283868754190207e+08
3.197529283884032369e+08
3.196675240073184967e+08
3.196643675182698369e+08
3.196301426467654705e+08
3.195474803765947223e+08
3.195100347091345191e+08
3.194871704784216881e+08
3.194330006870247126e+08
3.193784525422133207e+08
3.193444701589628458e+08
3.193054458690760136e+08
3.192567533255709410e+08
3.192136161420019865e+08
3.191722469710585475e+08
3.191313552928460240e+08
3.190900776202159524e+08
3.190431242392707467e+08
3.190020983078858852e+08
3.189652523837693930e+08
3.189188494459469318e+08
3.188739456924670935e+08
3.188369015390349627e+08
3.187950745217964649e+08
3.187483742715053558e+08
3.187078593210682273e+08
3.186688162273950577e+08
3.186235447684993744e+08
3.185801522813977003e+08
3.185405801610804200e+08
3.184972849014587998e+08
3.184535196966832876e+08
3.184116965250942707e+08
3.183693624247149825e+08
3.183263145336535573e+08
3.182829359745681882e+08
3.182403607986296415e+08
3.181976027450957298e+08
3.181540864855150580e+08
3.181106084808867574e+08
3.180676605327982306e+08
3.180243174637469053e+08
3.179803154866844416e+08
3.179367797270586491e+08
3.178933363731920123e+08
3.178493038186696172e+08
3.178050574276147485e+08
3.177613322643668652e+08
3.177172061067686677e+08
3.176725838062086701e+08
3.176283705434105396e+08
3.175839893932158947e+08
3.175392470597881675e+08
3.174944600948514938e+08
3.174498031281977296e+08
3.174048372801485062e+08
3.173596923518170714e+08
3.173146286156347394e+08
3.172693899199414253e+08
3.172239919468462467e+08
3.171784884942572713e+08
3.171329656739477515e+08
3.170872696779925823e+08
3.170414348244777918e+08
3.169955429753087163e+08
3.169495627807251811e+08
3.169034164144716263e+08
3.168571590672863126e+08
3.168108801923764944e+08
3.167644092932729721e+08
3.167178418934080005e+08
3.166712072190938592e+08
3.166244478867092729e+08
3.165775541851228476e+08
3.165305879258888960e+08
3.164835143846924901e+08
3.164363116881846786e+08
3.163890196752412915e+08
3.163416215577042699e+08
3.162941191762916446e+08
3.162464995374743938e+08
3.161987881343347430e+08
3.161509711331918240e+08
3.161030423925495148e+08
3.160550107440477014e+08
3.160068841836603880e+08
3.159586453870316744e+08
3.159103004008898735e+08
3.158618630637738109e+08
3.158133149884476066e+08
3.157646631382145286e+08
3.157159128848024607e+08
3.156670603168425560e+08
3.156181010077341795e+08
3.155690434686624408e+08
3.155198848227385283e+08
3.154706223092437387e+08
3.154212587591732144e+08
3.153717967091069221e+08
3.153222315837738514e+08
3.152725658987178206e+08
3.152228011574797630e+08
3.151729359493314624e+08
3.151229698789416552e+08
3.150729049081225991e+08
3.150227411396036744e+08
3.149724766750848889e+08
3.149221140076202154e+08
3.148716529168200493e+08
3.148210925461699367e+08
3.147704338672206998e+08
3.147196776295869350e+08
3.146688230055538416e+08
3.146178705157921910e+08
3.145668209489630461e+08
3.145156739701908231e+08
3.144644295873378515e+08
3.144130886980825663e+08
3.143616510970783830e+08
3.143101168335129023e+08
3.142584864416937828e+08
3.142067601432335377e+08
3.141549377710549235e+08
3.141030198542758226e+08
3.140510066078047156e+08
3.139988980296692848e+08
3.139466943794752359e+08
3.138943960729215741e+08
3.138420030258222818e+08
3.137895155334837437e+08
3.137369339215345979e+08
3.136842582254897356e+08
3.136314886673830152e+08
3.135786255492386222e+08
3.135256689652129412e+08
3.134726191166347861e+08
3.134194762521103621e+08
3.133662405407002568e+08
3.133129121349249482e+08
3.132594912831512094e+08
3.132059781636853218e+08
3.131523729353601933e+08
3.130986758130529523e+08
3.130448870052508116e+08
3.129910066497680545e+08
3.129370349719294906e+08
3.128829721563941240e+08
3.128288183721238971e+08
3.127745738091562390e+08
3.127202386716685891e+08
3.126658131168138385e+08
3.126112973384395838e+08
