3.914339796408988237e+08
6.424326752013930664e+11
2.331365510371871033e+11
3.697186174190946655e+11
3.586502907421647339e+11
2.458202103122065125e+11
1.418915965084952393e+11
1.321675581835516357e+11
1.826655466572125854e+11
1.835369904021481934e+11
1.193811393653353577e+11
7.790183769653797913e+10
9.055216742053216553e+10
1.013431855779451904e+11
8.087164997698083496e+10
6.101692220699832153e+10
6.382769313357698822e+10
6.757844667910198975e+10
5.307054534869974518e+10
3.639818444487558746e+10
3.578680499465029144e+10
4.256839456478032684e+10
4.156389249254247284e+10
3.365892527518578720e+10
2.637273137349642181e+10
2.128833189947732162e+10
1.950467298172150421e+10
2.315541999576072693e+10
2.650635836139082718e+10
2.076628830309192657e+10
1.031972137529725075e+10
8.286477590732529640e+09
1.514471607402112198e+10
1.814859121439094162e+10
1.230554159444259453e+10
6.151098662734814644e+09
6.195337289942340851e+09
9.029734501938493729e+09
9.617584917648441315e+09
7.679941688767738342e+09
5.269514132396004677e+09
4.078339051206624508e+09
4.719734238186985016e+09
5.732640218313989639e+09
5.080957397664256096e+09
3.381017350132125378e+09
2.768613616302400112e+09
3.228895401601613045e+09
3.307619337961894989e+09
2.893166663575607777e+09
2.540388581994306087e+09
2.150385041286694527e+09
1.849444079695224047e+09
1.965679315401463509e+09
2.057584269676273584e+09
1.727731093205981255e+09
1.386267326226871252e+09
1.308993575256489515e+09
1.303433019167055130e+09
1.310275210323567152e+09
1.272289086374752760e+09
1.030473555820972919e+09
8.098050133822561502e+08
9.152852623641221523e+08
1.064633485825179100e+09
8.964541858372266293e+08
6.465040972365016937e+08
6.555165878517446518e+08
7.957160523775924444e+08
7.761052003869836330e+08
6.055599538873834610e+08
5.266664689175830483e+08
6.051960546036380529e+08
6.429060737741976976e+08
5.566382664959990978e+08
4.867351858282166123e+08
5.007673137009992599e+08
5.239194494278613925e+08
5.049219893123159409e+08
4.660939512474998236e+08
4.471316604579493999e+08
4.527237132236557007e+08
4.552629704193235040e+08
4.414059202823286653e+08
4.239017858899970651e+08
4.148515840599187016e+08
4.160272839409167767e+08
4.189717894919301867e+08
4.097295372722697854e+08
3.941753216860285997e+08
3.919658514421038032e+08
3.999595313988415599e+08
3.975601955890457034e+08
3.826550038629189730e+08
3.775265588775187731e+08
3.870522635905351043e+08
3.864985338729925156e+08
3.739640868322287202e+08
3.718360101602438688e+08
3.776015854056969285e+08
3.760557731482971907e+08
3.704172516961525679e+08
3.684662144876894951e+08
3.698534920624164343e+08
3.705026714327757955e+08
3.676057565347366333e+08
3.652695139366019368e+08
3.661575869439975023e+08
3.663058475414214730e+08
3.650983178595111966e+08
3.637914988125327826e+08
3.630907320235578418e+08
3.638267057404003143e+08
3.635116993901481628e+08
3.619079140750670433e+08
3.617142684626974463e+08
3.621334232458562255e+08
3.618464365819564462e+08
3.611107778123193383e+08
3.605072185923032761e+08
3.609165545369009376e+08
3.610394423967214227e+08
3.600722363531920910e+08
3.598576620236209035e+08
3.602852627228436470e+08
3.600611294875369072e+08
3.595311180530668497e+08
3.594423761806445718e+08
3.596396435444496870e+08
3.594509150523758531e+08
3.591032382144768834e+08
3.591101338811295033e+08
3.591301313393059373e+08
3.589777567983440161e+08
3.588395864057869911e+08
3.587454715827327967e+08
3.587417853016093969e+08
3.586849536736847758e+08
3.585267919813986421e+08
3.584618756653441787e+08
3.584646903973401785e+08
3.583943937426354289e+08
3.582705130514625907e+08
3.582226965703885555e+08
3.582176217805598974e+08
3.581381651759034395e+08
3.580435969715043306e+08
3.580085689464256167e+08
3.579864945458549261e+08
3.579127346778216362e+08
3.578287790965443850e+08
3.578115165746355653e+08
3.577727861594594121e+08
3.576890589877023697e+08
3.576449950959444046e+08
3.576123511241627336e+08
3.575570629217267632e+08
3.574984773061153889e+08
3.574530336036891341e+08
3.574129212165743113e+08
3.573597710233555436e+08
3.573068591041473150e+08
3.572625729374111891e+08
3.572171283872157335e+08
3.571678782321206331e+08
3.571162464740654826e+08
3.570707211512957215e+08
3.570268252175909281e+08
3.569752121592577696e+08
3.569251604759903550e+08
3.568818981458899975e+08
3.568345931443067193e+08
3.567822700448749065e+08
3.567358760714632869e+08
3.566914205879136324e+08
3.566399882970832586e+08
3.565912069328185320e+08
3.565457795765081048e+08
3.564965095698715448e+08
3.564472382362163663e+08
3.563994339402834773e+08
3.563512429081453085e+08
3.563024712024158239e+08
3.562531974110960960e+08
3.562046171711320281e+08
3.561561571151455045e+08
3.561066598254014850e+08
3.560571412053687572e+08
3.560084503923316002e+08
3.559590403777374029e+08
3.559090380964666605e+08
3.558596001883296967e+08
3.558101202529483438e+08
3.557600428706190586e+08
3.557097895708305836e+08
3.556600364782267809e+08
3.556098049819452763e+08
3.555591161648236513e+08
3.555088400942360759e+08
3.554583074200131297e+08
3.554074530835864544e+08
3.553565493498084545e+08
3.553057006996851563e+08
3.552545851118208766e+08
3.552032580989189744e+08
3.551519753693583012e+08
3.551005343083856106e+08
3.550489074467078447e+08
3.549971425841091275e+08
3.549453739547256827e+08
3.548933999067992568e+08
3.548412619481177330e+08
3.547890818196787834e+08
3.547367720232222676e+08
3.546842865151860714e+08
3.546316929459757209e+08
3.545790356964645386e+08
3.545261935217574239e+08
3.544732320302668214e+08
3.544201859055372477e+08
3.543670059381541610e+08
3.543136768885803819e+08
3.542602540287843943e+08
3.542067188182157278e+08
3.541530352138282657e+08
3.540992445022547245e+08
3.540453428394948244e+08
3.539913136477885246e+08
3.539371562183424830e+08
3.538828958358410597e+08
3.538285102169964314e+08
3.537740023658947945e+08
3.537193776057907939e+08
3.536646411764640212e+08
3.536097814825546741e+08
3.535548002370753884e+08
3.534997118637840748e+08
3.534445013527133465e+08
3.533891702664642930e+08
3.533337289297193885e+08
3.532781711756312847e+08
3.532224917645042539e+08
3.531667019373687506e+08
3.531107964123662710e+08
3.530547731675466895e+08
3.529986361584893465e+08
3.529423860577915907e+08
3.528860199600601792e+08
3.528295395010118484e+08
3.527729465318459272e+08
3.527162396492715478e+08
3.526594184100995660e+08
3.526024849567086101e+08
3.525454392097405791e+08
3.524882795556679368e+08
3.524310082692262530e+08
3.523736253672224879e+08
3.523161299182553291e+08
3.522585228799589872e+08
3.522008052331423759e+08
3.521429759088686705e+08
3.520850356794391870e+08
3.520269852772977948e+08
3.519688243674632907e+08
3.519105530572938323e+08
3.518521722378869653e+08
3.517936817317075729e+08
3.517350816217644215e+08
3.516763725060020685e+08
3.516175545619589090e+08
3.515586277432495356e+08
3.514995925280697942e+08
3.514404492209722996e+08
3.513811978061069250e+08
3.513218386107494235e+08
3.512623720375022888e+08
3.512027980824993253e+08
3.511431170146341324e+08
3.510833292375366092e+08
3.510234347854050994e+08
3.509634339169611931e+08
3.509033269693783522e+08
3.508431140585473776e+08
3.507827954130953550e+08
3.507223713162416220e+08
3.506618419648590684e+08
3.506012075262791514e+08
3.505404683021995425e+08
3.504796244720486403e+08
3.504186762404938936e+08
3.503576238451508880e+08
3.502964675172621012e+08
3.502352074312739968e+08
3.501738438313235044e+08
3.501123769356837273e+08
3.500508069373835325e+08
3.499891340533723831e+08
3.499273585187972784e+08
3.498654805113787651e+08
3.498035002584737539e+08
