7.160766671309835000e+14
6.638495759466728750e+14
6.155002200329905000e+14
5.708632072056048750e+14
5.297211030803276875e+14
4.918585616579953750e+14
4.570537842269920625e+14
4.250667659619751875e+14
3.956418617959417500e+14
3.685229112470008125e+14
3.434703504206441250e+14
3.202732174649675000e+14
2.987522274162088125e+14
2.787555455664778750e+14
2.601524016225667188e+14
2.428279185705500625e+14
2.266802262809187188e+14
2.116189586860922812e+14
1.975635461188418125e+14
1.844409934677200938e+14
1.721839558067757500e+14
1.607299710446360625e+14
1.500217829023781875e+14
1.400078933855541250e+14
1.306428004900447969e+14
1.218871100517481875e+14
1.137075512352357188e+14
1.060761290327503750e+14
9.896791323737053125e+13
9.235833158240923438e+13
8.622147431563267188e+13
8.053000120894743750e+13
7.525585761328775000e+13
7.037076942311845312e+13
6.584649165063755469e+13
6.165538442746073438e+13
5.777127463348567188e+13
5.416998071648153906e+13
5.082934677559966406e+13
4.772924309577227344e+13
4.485174285066780469e+13
4.218106011343406250e+13
3.970295049452500000e+13
3.740402768273841406e+13
3.527154309299270312e+13
3.329346951606761719e+13
3.145846624490437891e+13
2.975577166928795703e+13
2.817531157099704688e+13
2.670794931892353516e+13
2.534555991527982031e+13
2.408088137124400000e+13
2.290729952917979297e+13
2.181862236766816016e+13
2.080888316058421484e+13
1.987227382234584375e+13
1.900324091946509375e+13
1.819662995687776562e+13
1.744772933848508789e+13
1.675219793651800586e+13
1.610596105230974023e+13
1.550515096824768750e+13
1.494612393872624414e+13
1.442552230312735547e+13
1.394032345356192578e+13
1.348784195108808008e+13
1.306569231805000391e+13
1.267173474451008984e+13
1.230401114081051953e+13
1.196069543241539062e+13
1.164008004761988672e+13
1.134057606660004883e+13
1.106069572101753516e+13
1.079902093309061719e+13
1.055418228993594922e+13
1.032484923280110938e+13
1.010972691949548438e+13
9.907573177989912109e+12
9.717225832485767578e+12
9.537608688202455078e+12
9.367716572953054688e+12
9.206606261163382812e+12
9.053395024404722656e+12
8.907256516674000000e+12
8.767420378882844727e+12
8.633180907663597656e+12
8.503910376080896484e+12
8.379069996020721680e+12
8.258211600766610352e+12
8.140967539589706055e+12
8.027034170418495117e+12
7.916154741583897461e+12
7.808105362121413086e+12
7.702686831349237305e+12
7.599720718379305664e+12
7.499046210612667969e+12
7.400518475201338867e+12
7.304009774690492188e+12
7.209409428803291992e+12
7.116621555242210938e+12
7.025563504646961914e+12
6.936164043344287109e+12
6.848358791351423828e+12
6.762086230558132812e+12
6.677287782408754883e+12
6.593909307008011719e+12
6.511901318948881836e+12
6.431218954841620117e+12
6.351821472033041016e+12
6.273670280804657227e+12
6.196727920795642578e+12
6.120958781143688477e+12
6.046329391022477539e+12
5.972808053466754883e+12
5.900364942649645508e+12
5.828972272902802734e+12
5.758604352271118164e+12
5.689237851894237305e+12
5.620851832293363281e+12
5.553427163722999023e+12
5.486946023277547852e+12
5.421391690697275391e+12
5.356748063679092773e+12
5.292999063134806641e+12
5.230128643727933594e+12
5.168121295715702148e+12
5.106962513170746094e+12
5.046639055402864258e+12
4.987138854445320312e+12
4.928450631493522461e+12
4.870563623127368164e+12
4.813467393767398438e+12
4.757151524601656250e+12
4.701605358221813477e+12
4.646818024510715820e+12
4.592778669258056641e+12
4.539476663311303711e+12
4.486901659691845703e+12
4.435043525292002930e+12
4.383892248058848633e+12
4.333437895457689453e+12
4.283670589594637695e+12
4.234580478547465820e+12
4.186157736988757324e+12
4.138392601297901367e+12
4.091275406775689453e+12
4.044796612814212402e+12
3.998946818131187012e+12
3.953716768461389648e+12
3.909097353100628906e+12
3.865079591335850586e+12
3.821654610085914551e+12
3.778813622181548340e+12
3.736547931167611328e+12
3.694848960953659180e+12
3.653708283377518066e+12
3.613117626558157715e+12
3.573068859542248535e+12
3.533553979818334961e+12
3.494565118213633789e+12
3.456094538857721680e+12
3.418134630265032715e+12
3.380677895433039062e+12
3.343716943290920898e+12
3.307244485442726562e+12
3.271253333405379395e+12
3.235736393770322754e+12
3.200686668520098145e+12
3.166097259022031738e+12
3.131961368753962891e+12
3.098272305097208008e+12
3.065023478975369141e+12
3.032208404021541016e+12
2.999820695864250488e+12
2.967854067811731934e+12
2.936302326028072266e+12
2.905159367650491211e+12
2.874419179883525879e+12
2.844075840402073730e+12
2.814123517426115234e+12
2.784556468630477539e+12
2.755369041277450684e+12
2.726555671603302246e+12
2.698110882956380859e+12
2.670029284364982910e+12
2.642305569023089355e+12
2.614934512615332520e+12
2.587910971225723633e+12
2.561229879102899902e+12
2.534886247722389160e+12
2.508875165403621582e+12
2.483191796167483398e+12
2.457831378290900879e+12
2.432789223058838867e+12
2.408060713742370605e+12
2.383641304818097656e+12
2.359526521060832031e+12
2.335711956335239746e+12
2.312193272389418945e+12
2.288966197698806152e+12
2.266026526298168945e+12
2.243370116826015625e+12
2.220992891713028809e+12
2.198890836178020020e+12
2.177059997286739502e+12
2.155496483104000000e+12
2.134196461752034912e+12
2.113156160602343506e+12
2.092371865542038330e+12
2.071839920201606201e+12
2.051556725160640625e+12
2.031518737062746826e+12
2.011722467770351318e+12
1.992164483536551758e+12
1.972841404090760742e+12
1.953749901762823486e+12
1.934886700671622070e+12
1.916248575940551514e+12
1.897832352959126953e+12
1.879634906620665527e+12
1.861653160544038086e+12
1.843884086335039551e+12
1.826324702840852539e+12
1.808972075397727051e+12
1.791823315103683838e+12
1.774875578115753418e+12
1.758126064961653809e+12
1.741572019850457520e+12
1.725210729967962646e+12
1.709039524772892090e+12
1.693055775318482178e+12
1.677256893594827393e+12
1.661640331885042480e+12
1.646203582129934570e+12
1.630944175295628662e+12
1.615859680746319824e+12
1.600947705624290039e+12
1.586205894234244385e+12
1.571631927435649902e+12
1.557223522048421875e+12
1.542978430269325195e+12
1.528894439098272949e+12
1.514969369772795166e+12
1.501201077212702393e+12
1.487587449472689453e+12
1.474126407198415771e+12
1.460815903091373535e+12
1.447653921384635742e+12
1.434638477326778564e+12
1.421767616673153809e+12
1.409039415184963135e+12
1.396451978137086914e+12
1.384003439835066895e+12
1.371691963138114258e+12
1.359515738989126709e+12
1.347472985951751709e+12
1.335561949753396484e+12
1.323780902835946289e+12
1.312128143915364258e+12
1.300601997548266357e+12
1.289200813705501953e+12
1.277922967352280273e+12
1.266766858035463379e+12
1.255730909477932861e+12
1.244813569178766357e+12
1.234013308019955322e+12
1.223328619879665039e+12
1.212758021252247070e+12
1.202300050874487061e+12
1.191953269357863037e+12
1.181716258826979004e+12
1.171587622564160156e+12
1.161565984659760498e+12
1.151649989668292236e+12
1.141838302270486084e+12
1.132129606941006104e+12
1.122522607621833496e+12
1.113016027401029785e+12
1.103608608196938721e+12
1.094299110447561157e+12
1.085086312804955078e+12
1.075969011834679077e+12
1.066946021720571899e+12
1.058016173974518799e+12
1.049178317151271606e+12
1.040431316567968994e+12
1.031774054028469238e+12
1.023205427552530640e+12
1.014724351109499146e+12
1.006329754356586914e+12
9.980205823818428955e+11
9.897957954514027100e+11
9.816543687612337646e+11
9.735952921930484619e+11
9.656175700744617920e+11
9.577202209434178467e+11
9.499022773165760498e+11
9.421627854619246826e+11
9.345008051751453857e+11
9.269154095599598389e+11
