2.810340346991063952e+08
7.089387834280272217e+11
1.911218892427492981e+11
3.864128294754776611e+11
3.710564564448591919e+11
2.424994157806659851e+11
1.399671080977130432e+11
1.320997729823724823e+11
1.810034522401028748e+11
1.834065819204820557e+11
1.242108473349765930e+11
8.349550912584436035e+10
9.037418429046830750e+10
9.547298542910893250e+10
7.717578104620762634e+10
6.470753114312561798e+10
7.037149759928013611e+10
6.920409268745629883e+10
4.916949430155368805e+10
3.298932699379946899e+10
3.661028367913011932e+10
4.538303039073103333e+10
4.331474562978513336e+10
3.372681203416500092e+10
2.514130720173550034e+10
1.967652839253778839e+10
1.936952796411504364e+10
2.499155761218851852e+10
2.798741848400105286e+10
1.998964037550131989e+10
8.708035103934663773e+09
8.107839271214442253e+09
1.613432267937982750e+10
1.861831388606601715e+10
1.195852595149894142e+10
5.844047625546628952e+09
6.100659698789881706e+09
8.809574996025411606e+09
9.543335049913225174e+09
8.017544473861926079e+09
5.408158301173487663e+09
3.596442084983321190e+09
4.278842232963345051e+09
5.868309369400202751e+09
5.339495329919655800e+09
3.290088441183365345e+09
2.475074337776498318e+09
3.000674920680366516e+09
3.257925660973651409e+09
2.989015083094768524e+09
2.533962955040766239e+09
1.907158446153581381e+09
1.626403043817629814e+09
1.961206935267709970e+09
2.083099653881150246e+09
1.609022608180188179e+09
1.220125184510495186e+09
1.197233520752057314e+09
1.229387475335205078e+09
1.248852132206931114e+09
1.185030009283604383e+09
8.958185130066514015e+08
6.916943560613858700e+08
8.407162102325955629e+08
9.771569595078748465e+08
7.910330327694741488e+08
5.474727131471346617e+08
5.444872359269537926e+08
6.859803434169292450e+08
6.977362419624980688e+08
5.208703304228495955e+08
4.041622267676857114e+08
4.895074311839099526e+08
5.622639634253233671e+08
4.725897484022035003e+08
3.756711151420111656e+08
3.866347181003518105e+08
4.288835063568515778e+08
4.201724973642088175e+08
3.651930587823657990e+08
3.329157846592329144e+08
3.545858752496554255e+08
3.661197735015000701e+08
3.386386955333099365e+08
3.186383653175299764e+08
3.165117926014959216e+08
3.169355220589954257e+08
3.192408553202503920e+08
3.101500241506294608e+08
2.924254472498235703e+08
2.913857005492725372e+08
3.012998728658937812e+08
2.975830263834655881e+08
2.821787467539888024e+08
2.769853089790073037e+08
2.862622385422295928e+08
2.876696818917456269e+08
2.746385302180129886e+08
2.697555450700853467e+08
2.771911085226595402e+08
2.777401662091372013e+08
2.700477783528521657e+08
2.670664036823925078e+08
2.699964509329977036e+08
2.710521407189732790e+08
2.674304633351392746e+08
2.646809271702799201e+08
2.658819508222519159e+08
2.666661591398818195e+08
2.651204239485010207e+08
2.633205675490060449e+08
2.629684577080077827e+08
2.639863075713311732e+08
2.635304817236691117e+08
2.617088894886641204e+08
2.615619479302815497e+08
2.622516845688939691e+08
2.619138999401258230e+08
2.609496025822418928e+08
2.604985545795095563e+08
2.610045253761842847e+08
2.610390523203401864e+08
2.601284608244659901e+08
2.598645336727074385e+08
2.603179614263021946e+08
2.602146445782323182e+08
2.596050945159513950e+08
2.594797529503541291e+08
2.597677164476530850e+08
2.596201514553110301e+08
2.592377150898250937e+08
2.592016196847102046e+08
2.593082007050572932e+08
2.592184366965744793e+08
2.589726779333159924e+08
2.589201166023977995e+08
2.590128832504993975e+08
2.588960286541041434e+08
2.587454752063314915e+08
2.587307241037482023e+08
2.587326084508110583e+08
2.586747228552589417e+08
2.585628677262775004e+08
2.585294921596382260e+08
2.585415161568857729e+08
2.584778354358207583e+08
2.583924928920272887e+08
2.583654375328871310e+08
2.583716798460353315e+08
2.583073919644093513e+08
2.582282665903829932e+08
2.582319456090319753e+08
2.582116972866230309e+08
2.581380949028203189e+08
2.581024531174374223e+08
2.580915976557480693e+08
2.580534869604965746e+08
2.579999877166602612e+08
2.579729334311021864e+08
2.579515957021285295e+08
2.579085449399524927e+08
2.578703548804056346e+08
2.578419123470155299e+08
2.578123292821595371e+08
2.577761176673161983e+08
2.577390225119923055e+08
2.577100501642479897e+08
2.576801330229752362e+08
2.576435025977811515e+08
2.576084116852520108e+08
2.575803117379573286e+08
2.575485404016813338e+08
2.575108411165323555e+08
2.574795109063146710e+08
2.574507301224108934e+08
2.574149426657579839e+08
2.573804254355122447e+08
2.573508716335934401e+08
2.573177596118651927e+08
2.572829053186909556e+08
2.572507919528269768e+08
2.572187667581531405e+08
2.571851505288450420e+08
2.571513215811375082e+08
2.571188185087998509e+08
2.570860093917702138e+08
2.570521007100141943e+08
2.570185155268694758e+08
2.569856894306162894e+08
2.569522068267031312e+08
2.569180380602866709e+08
2.568846429805965722e+08
2.568512392992247045e+08
2.568171580997002423e+08
2.567830238792437315e+08
2.567494283111499250e+08
2.567154203862887621e+08
2.566809338813211322e+08
2.566468913316153884e+08
2.566127639858205914e+08
2.565782259401315153e+08
2.565436784736167192e+08
2.565093247626263201e+08
2.564746942865217924e+08
2.564398404939012825e+08
2.564051389231835306e+08
2.563703344638978839e+08
2.563353046909510195e+08
2.563002303898333311e+08
2.562652097003357708e+08
2.562299747998929620e+08
2.561946423535577357e+08
2.561593106295962036e+08
2.561238811339596808e+08
2.560883156081070602e+08
2.560526818467094004e+08
2.560170268328154087e+08
2.559812283800083101e+08
2.559453392508061826e+08
2.559094111888251901e+08
2.558733985904062986e+08
2.558372532823387384e+08
2.558010703663105071e+08
2.557648108416461051e+08
2.557284368810180426e+08
2.556919957394061387e+08
2.556554845419097543e+08
2.556188848389922082e+08
2.555821883631597757e+08
2.555454338477205336e+08
2.555085919224234819e+08
2.554716605318907797e+08
2.554346532205530405e+08
2.553975756136826873e+08
2.553604042559012771e+08
2.553231558346704841e+08
2.552858351332468390e+08
2.552484288164198995e+08
2.552109413826194108e+08
2.551733784039332271e+08
2.551357385151360631e+08
2.550980123799319267e+08
2.550602128066895008e+08
2.550223353202510178e+08
2.549843764664920568e+08
2.549463392613962293e+08
2.549082277708572447e+08
2.548700350562713146e+08
2.548317647033639550e+08
2.547934186186140478e+08
2.547549946040458679e+08
2.547164919788029492e+08
2.546779136954744756e+08
2.546392590126213729e+08
2.546005259154883027e+08
2.545617173821837604e+08
2.545228328110024631e+08
2.544838712663801610e+08
2.544448336664479375e+08
2.544057210549795032e+08
2.543665319909914732e+08
2.543272673924678266e+08
2.542879277889768779e+08
2.542485129055922627e+08
2.542090225568010211e+08
2.541694576951401532e+08
2.541298181503038406e+08
2.540901036594071984e+08
2.540503149399636090e+08
2.540104521590466499e+08
2.539705148909121752e+08
2.539305038542564511e+08
2.538904191139923334e+08
2.538502605793492198e+08
2.538100285372552574e+08
2.537697233300206065e+08
2.537293448079461455e+08
2.536888932319670320e+08
2.536483688864500523e+08
2.536077717669820786e+08
2.535671020016572177e+08
2.535263599153155088e+08
2.534855455074928701e+08
2.534446589396353364e+08
2.534037004274071455e+08
2.533626700977401137e+08
2.533215680257695913e+08
2.532803944517550468e+08
2.532391494930411577e+08
2.531978332519341707e+08
2.531564459178689122e+08
2.531149876467498839e+08
2.530734585245684385e+08
2.530318587416145205e+08
2.529901884376787841e+08
2.529484477300234437e+08
2.529066367702439725e+08
2.528647557218237221e+08
2.528228046883455813e+08
2.527807838292843997e+08
