1.334294029831417799e+09
6.024866930650928955e+11
1.617158139859947205e+11
4.357110393311182861e+11
2.929925313163864136e+11
1.436484365591127319e+11
1.405059492627163391e+11
1.781572278604903870e+11
1.767945224372438354e+11
1.335261393134249878e+11
8.239979069935154724e+10
7.289737228056314087e+10
1.002631617549952240e+11
1.060325721300089111e+11
7.173012495122897339e+10
4.160804508652328491e+10
4.725862536047846985e+10
6.435328025647154236e+10
5.938943999249803925e+10
3.935988642276784515e+10
2.874702621833276367e+10
3.147679940355311966e+10
3.568692838223785400e+10
3.464760287434109497e+10
2.865897389919791412e+10
2.024856141081152344e+10
1.586096354061143684e+10
1.999014280380894089e+10
2.502039569097821808e+10
2.029444249638476944e+10
1.036036880305999947e+10
8.586179949284111977e+09
1.491142628526852989e+10
1.675542694186473656e+10
1.070160756734975433e+10
6.128897657969256401e+09
7.767696066920153618e+09
1.003213078686843109e+10
8.789630728296770096e+09
6.482419892242264748e+09
5.542760342585294724e+09
5.513366481582579613e+09
5.742002252439348221e+09
5.691021175595988274e+09
4.724998482922857285e+09
3.714390167748083115e+09
3.873871925444658279e+09
4.286751297759178638e+09
3.723147232928585529e+09
3.002632569611473083e+09
3.026910853904939175e+09
3.145785598408242702e+09
2.863626657487081528e+09
2.571575740260488987e+09
2.436464260943250656e+09
2.380014185732865334e+09
2.392644673946257591e+09
2.237134564986192226e+09
1.923348045123498917e+09
1.922553319103787661e+09
2.120490541011089563e+09
1.938494847037895679e+09
1.609841806556756735e+09
1.683417756383629560e+09
1.856274542837175608e+09
1.699021757981494665e+09
1.497523960488380671e+09
1.533998575422295809e+09
1.610392242457402468e+09
1.554686670999584436e+09
1.448265747910894156e+09
1.414826246316534042e+09
1.461104525624136686e+09
1.461167624458349228e+09
1.379388477092630625e+09
1.351050843951347828e+09
1.387538421877521753e+09
1.370885701688907862e+09
1.326429566750613928e+09
1.325503012638981104e+09
1.328965798601674557e+09
1.311836887763856888e+09
1.299059886300451756e+09
1.295141565823341131e+09
1.293019533431282282e+09
1.283668997089514732e+09
1.271915643436360836e+09
1.273809851020628691e+09
1.274159808285876036e+09
1.261046102667278290e+09
1.255968937384260416e+09
1.260306247498429775e+09
1.256586987799289942e+09
1.248849193003715038e+09
1.246563359213934183e+09
1.247343891334336519e+09
1.245947805021140337e+09
1.241284190921641827e+09
1.238440375426699877e+09
1.239509685767017126e+09
1.238692740089282036e+09
1.235078258941915274e+09
1.233763024208078384e+09
1.234191604664619207e+09
1.233081408548512936e+09
1.231290023875910997e+09
1.230471443560275078e+09
1.230171315852102041e+09
1.229433742538568974e+09
1.228537091220806599e+09
1.227880060761747360e+09
1.227260704258351803e+09
1.226916909266043425e+09
1.226418082265766382e+09
1.225616299348680496e+09
1.225346848861244440e+09
1.225023356580645084e+09
1.224427059891253710e+09
1.224193911831125498e+09
1.223766759988375664e+09
1.223291730204094410e+09
1.223215357517524719e+09
1.222861602934438229e+09
1.222324771844543457e+09
1.222179082971879244e+09
1.222071727562119961e+09
1.221619848902448893e+09
1.221243243965726852e+09
1.221215958258626223e+09
1.220979209254245043e+09
1.220519155115037203e+09
1.220391972858695030e+09
1.220263622449906588e+09
1.219897249306945562e+09
1.219685299349889040e+09
1.219530678614155054e+09
1.219268974826226950e+09
1.219044230025866747e+09
1.218853597931703329e+09
1.218632191296860933e+09
1.218409400900035858e+09
1.218218839439077854e+09
1.218011424273599863e+09
1.217781368069666386e+09
1.217589433306219816e+09
1.217402017954090357e+09
1.217171124433207512e+09
1.216962583237757683e+09
1.216788132852974176e+09
1.216569483351328373e+09
1.216349408790400505e+09
1.216167748219897032e+09
1.215963945593752146e+09
1.215745963305349350e+09
1.215549667689024687e+09
1.215351339022264242e+09
1.215141128123826027e+09
1.214936772878546715e+09
1.214735114158922434e+09
1.214530352767527580e+09
1.214323440150871038e+09
1.214118720787941217e+09
1.213914054258207798e+09
1.213705693144239187e+09
1.213500888355935574e+09
1.213293673427731752e+09
1.213083646941723108e+09
1.212878509688845396e+09
1.212669728549026966e+09
1.212457916568803310e+09
1.212250699255654812e+09
1.212041294801659584e+09
1.211828395089468479e+09
1.211617887666562557e+09
1.211407840128467083e+09
1.211194029995151758e+09
1.210980749730111837e+09
1.210769230663364887e+09
1.210554132510301352e+09
1.210339372251993656e+09
1.210125325434342861e+09
1.209909054209514141e+09
1.209692927944419861e+09
1.209476490073038340e+09
1.209258917277295828e+09
1.209041024791025877e+09
1.208822896596648932e+09
1.208603551402996302e+09
1.208383940715507030e+09
1.208164201852763891e+09
1.207943051682609558e+09
1.207721806236127377e+09
1.207500209052363873e+09
1.207277551799283266e+09
1.207054491904723883e+09
1.206831110079886198e+09
1.206606900642624140e+09
1.206382068944708347e+09
1.206156968450417519e+09
1.205931053449985027e+09
1.205704627627480507e+09
1.205477723910475492e+09
1.205250155353499413e+09
1.205022096270850420e+09
1.204793454009517670e+09
1.204564232162922621e+09
1.204334501031616211e+09
1.204104194522565842e+09
1.203873296446341753e+09
1.203641910017758846e+09
1.203409942486284256e+09
1.203177400324063778e+09
1.202944351150511265e+09
1.202710737845155478e+09
1.202476570843985558e+09
1.202241862119469881e+09
1.202006625805323124e+09
1.201770826949177504e+09
1.201534496419721365e+09
1.201297626092022419e+09
1.201060222448277950e+09
1.200822270683496237e+09
1.200583791317908287e+09
1.200344781176805735e+09
1.200105228280641079e+09
1.199865151567735434e+09
1.199624541398567915e+09
1.199383406198580980e+09
1.199141736227340937e+09
1.198899547328152657e+09
1.198656830706039667e+09
1.198413588776348591e+09
1.198169826893916130e+09
1.197925543083918571e+09
1.197680739919834852e+09
1.197435416597248793e+09
1.197189578228577137e+09
1.196943223034368992e+09
1.196696352175627708e+09
1.196448968721549511e+09
1.196201073974570990e+09
1.195952665779004335e+09
1.195703749955277681e+09
1.195454324996214390e+09
1.195204392266233206e+09
1.194953953996622562e+09
1.194703010574526310e+09
1.194451563915703773e+09
1.194199614128408432e+09
1.193947163597639322e+09
1.193694213179256439e+09
1.193440763164708138e+09
1.193186816153739691e+09
1.192932372489142179e+09
1.192677433213089943e+09
1.192422000044778347e+09
1.192166073900999784e+09
1.191909655745086193e+09
1.191652746987092257e+09
1.191395348775227785e+09
1.191137462048897266e+09
1.190879088162316799e+09
1.190620228074643612e+09
1.190360883124788284e+09
1.190101054189869881e+09
1.189840742546622038e+09
1.189579949362556696e+09
1.189318675544127941e+09
1.189056922336547136e+09
1.188794690950983286e+09
1.188531982153361082e+09
1.188268797393454790e+09
1.188005137542065620e+09
1.187741003756607056e+09
1.187476397093538523e+09
1.187211318665095806e+09
1.186945769500381947e+09
1.186679750683105230e+09
1.186413263287372112e+09
1.186146308358738184e+09
1.185878886939651251e+09
1.185611000119149446e+09
1.185342648902028799e+09
1.185073834356137753e+09
1.184804557503605127e+09
1.184534819405859709e+09
1.184264621056467295e+09
1.183993963508753538e+09
1.183722847782795906e+09
1.183451274889042139e+09
1.183179245843529940e+09
1.182906761673547506e+09
1.182633823363432884e+09
1.182360431936286926e+09
1.182086588389409065e+09
1.181812293709691763e+09
1.181537548903840303e+09
1.181262354957933426e+09
1.180986712853541613e+09
1.180710623581354618e+09
