1.043000185655147672e+09
6.265378926183011475e+11
1.700706205619225159e+11
4.318695608222243652e+11
3.151606968045501709e+11
1.624766376251919250e+11
1.407347225326514282e+11
1.734020569334538879e+11
1.814439974228493347e+11
1.451065555592214355e+11
9.124924700514578247e+10
7.505449994630604553e+10
9.857485314529496765e+10
1.059385126818176270e+11
7.601988496163793945e+10
4.772967235500335693e+10
5.048928277788727570e+10
6.374153047539201355e+10
5.855035276276687622e+10
4.107731677477330017e+10
3.172904738219749451e+10
3.319477707267989731e+10
3.586425511210571289e+10
3.477164808581771851e+10
2.951063056540840530e+10
2.127388506877937317e+10
1.634422649716709900e+10
2.007924643663333511e+10
2.541202861267799759e+10
2.107457149940074921e+10
1.075986963204017830e+10
8.285667229394773483e+09
1.469292505709597969e+10
1.723665126209618378e+10
1.131581211396498108e+10
6.103431059896984100e+09
7.318454702371912956e+09
9.869099677159723282e+09
9.042782930560861588e+09
6.699391038480107307e+09
5.415837467714988708e+09
5.197097611146718025e+09
5.546279141198270798e+09
5.689225101065947533e+09
4.724574630898296356e+09
3.549326051129137993e+09
3.608217666481893539e+09
4.076531120118499756e+09
3.582554616727599144e+09
2.847530920122684002e+09
2.841431951618674278e+09
2.934140196474700928e+09
2.600992298166830540e+09
2.321767982392567635e+09
2.270740602443342209e+09
2.197784701063725471e+09
2.108640259212893724e+09
1.956265668253640652e+09
1.712838078895088673e+09
1.707024541225250244e+09
1.867450836586882591e+09
1.678131261000953436e+09
1.348866753216149330e+09
1.432025486810249090e+09
1.618550832644488096e+09
1.446664282818849802e+09
1.225230797340598106e+09
1.268639211279350519e+09
1.358174644252780914e+09
1.299045380192140579e+09
1.183816777995647907e+09
1.147357028440268755e+09
1.191672506285176992e+09
1.197232561574165344e+09
1.124198864596830606e+09
1.082712302838012934e+09
1.106709534030845165e+09
1.107548902414639711e+09
1.070068204826068640e+09
1.051409592594787002e+09
1.053368630812001109e+09
1.047126574472481728e+09
1.033144272018005371e+09
1.023767424283088088e+09
1.021341459195081472e+09
1.014872909060040116e+09
1.002994268978515506e+09
1.002405291675771117e+09
1.004407928217754245e+09
9.913766709328210354e+08
9.836873595486479998e+08
9.902021349476934671e+08
9.875126660877368450e+08
9.769181450057998896e+08
9.750859586701762676e+08
9.774098436631593704e+08
9.751926506772593260e+08
9.701922767719272375e+08
9.674389315255439281e+08
9.683267230742549896e+08
9.681317564349451065e+08
9.645056681384767294e+08
9.622523555305888653e+08
9.630900708775219917e+08
9.627528141123478413e+08
9.603556630772885084e+08
9.591659575870592594e+08
9.594312850606282949e+08
9.587961365225497484e+08
9.575732955308048725e+08
9.570366100473718643e+08
9.565597784710239172e+08
9.560910118107653856e+08
9.557506935343741179e+08
9.550474501951892376e+08
9.545345720899443626e+08
9.543891831812874079e+08
9.540549302973358631e+08
9.535711231996728182e+08
9.531643490777153969e+08
9.529388999053400755e+08
9.528154416590087414e+08
9.524560928468531370e+08
9.519614816806327105e+08
9.518934594785076380e+08
9.518780750613247156e+08
9.513709668070402145e+08
9.510521517484909296e+08
9.511355504916230440e+08
9.509069766126940250e+08
9.504747641038031578e+08
9.503998908814890385e+08
9.503412569054148197e+08
9.500130632523515224e+08
9.498268133980382681e+08
9.497381243775645494e+08
9.495228556385827065e+08
9.493449241071934700e+08
9.492010095863409042e+08
9.490180308545802832e+08
9.488619616808483601e+08
9.487127519520475864e+08
9.485450765359556675e+08
9.483766151659195423e+08
9.482274822747558355e+08
9.480936761713552475e+08
9.479111488330267668e+08
9.477473850449887514e+08
9.476332057685903311e+08
9.474610959285222292e+08
9.472872228088262081e+08
9.471618085859696865e+08
9.470096765678492785e+08
9.468406261430308819e+08
9.466951518443218470e+08
9.465512913588624001e+08
9.463924477419368029e+08
9.462386043875473738e+08
9.460908249521670341e+08
9.459370459928123951e+08
9.457853195065832138e+08
9.456314548778729439e+08
9.454786202771408558e+08
9.453273637304764986e+08
9.451728520343877077e+08
9.450194298482936621e+08
9.448643440827828646e+08
9.447124675432544947e+08
9.445577297345570326e+08
9.443998243553993702e+08
9.442476196769293547e+08
9.440926284030483961e+08
9.439339963249698877e+08
9.437786453467818499e+08
9.436238846335872412e+08
9.434649484777598381e+08
9.433069263912140131e+08
9.431513379362990856e+08
9.429915847861968279e+08
9.428327661310263872e+08
9.426747905048551559e+08
9.425144068588404655e+08
9.423550221000986099e+08
9.421946847877533436e+08
9.420337512264435291e+08
9.418729221603891850e+08
9.417114553271019459e+08
9.415492054057924747e+08
9.413869712122389078e+08
9.412245556157097816e+08
9.410608750966268778e+08
9.408974060746628046e+08
9.407336505562256575e+08
9.405689458965069056e+08
9.404040463020246029e+08
9.402389754466825724e+08
9.400732052098467350e+08
9.399069532621092796e+08
9.397406073248209953e+08
9.395735774102625847e+08
9.394062071083590984e+08
9.392384556697373390e+08
9.390702409778225422e+08
9.389016718303405046e+08
9.387326217340365648e+08
9.385631945620990992e+08
9.383933714590659142e+08
9.382231285152415037e+08
9.380524260787816048e+08
9.378813951526327133e+08
9.377099247361668348e+08
9.375380063134300709e+08
9.373657405745792389e+08
9.371930525031081438e+08
9.370199433467597961e+08
9.368464347310848236e+08
9.366725540991876125e+08
9.364982346127088070e+08
9.363235305819454193e+08
9.361484308556056023e+08
9.359729319956827164e+08
9.357970264930992126e+08
9.356207316662441492e+08
9.354440466861958504e+08
9.352669560417002439e+08
9.350894771564975977e+08
9.349116069919972420e+08
9.347333466017602682e+08
9.345546862471884489e+08
9.343756480407083035e+08
9.341962143578099012e+08
9.340163935743478537e+08
9.338361862728208303e+08
9.336555943296868801e+08
9.334746166446263790e+08
9.332932523648781776e+08
9.331115093775205612e+08
9.329293813845802546e+08
9.327468720069630146e+08
9.325639827293248177e+08
9.323807156385140419e+08
9.321970665776222944e+08
9.320130424430730343e+08
9.318286411666195393e+08
9.316438632346273661e+08
9.314587105547355413e+08
9.312731845239554644e+08
9.310872845955655575e+08
9.309010123630504608e+08
9.307143690227488279e+08
9.305273552686368227e+08
9.303399712054275274e+08
9.301522187949773073e+08
9.299640986954265833e+08
9.297756107641971111e+08
9.295867572483438253e+08
9.293975381537559032e+08
9.292079545383433104e+08
9.290180071598033905e+08
9.288276971624063253e+08
9.286370250602124929e+08
9.284459917570153475e+08
9.282545982013837099e+08
9.280628452524988651e+08
9.278707334123995304e+08
9.276782639004964828e+08
9.274854373841149807e+08
9.272922545287972689e+08
9.270987163422291279e+08
9.269048236636421680e+08
9.267105770295902491e+08
9.265159775328022242e+08
9.263210258476183414e+08
9.261257227349112034e+08
9.259300690528008938e+08
9.257340655749136209e+08
9.255377130777488947e+08
9.253410123232624531e+08
9.251439641441986561e+08
9.249465692843216658e+08
9.247488284918047190e+08
9.245507426020807028e+08
9.243523123344948292e+08
9.241535384553194046e+08
9.239544217514609098e+08
9.237549629709678888e+08
9.235551628555748463e+08
9.233550221746382713e+08
9.231545416856353283e+08
9.229537221097587347e+08
9.227525642152310610e+08
9.225510687401151657e+08
9.223492364129648209e+08
9.221470679811925888e+08
9.219445641792049408e+08
9.217417257301673889e+08
9.215385533681536913e+08
9.213350478236021996e+08
9.211312098116240501e+08
9.209270400572880507e+08
