1.180434089267301321e+09
5.811793892794290771e+11
1.936493358494021301e+11
4.120069498080837402e+11
2.942287535656228027e+11
1.677455428788191833e+11
1.414439994475653687e+11
1.640223330032289124e+11
1.764000898542736816e+11
1.444494933787424011e+11
8.769924157480136108e+10
6.990658570159188843e+10
9.666134424527587891e+10
1.062933161915450897e+11
7.449096308641435242e+10
4.430396801418223572e+10
4.808102138812139893e+10
6.283571838460628510e+10
5.771045046331642914e+10
4.008427141900775909e+10
3.122645578962541962e+10
3.252306652486818314e+10
3.427855059516979980e+10
3.335484090463504410e+10
2.947206836287664413e+10
2.175058036449788666e+10
1.595038769105423355e+10
1.905207820541953659e+10
2.471403680824358368e+10
2.085506691959719849e+10
1.080211695934082031e+10
8.461469788965373039e+09
1.456605762726944733e+10
1.658290044336894417e+10
1.083786415581873322e+10
6.368290529653905869e+09
7.696931206700362206e+09
9.654583068544895172e+09
8.622383977726249695e+09
6.665777212927453995e+09
5.595722469580159187e+09
5.245145821286648750e+09
5.524360922553103447e+09
5.683836205642488480e+09
4.688331812928428650e+09
3.574614332569407463e+09
3.758655802009838104e+09
4.170954681428886890e+09
3.556275892066565037e+09
2.892967306419800282e+09
2.984519678433700562e+09
3.013293630124939442e+09
2.648200430298394680e+09
2.443406974115925789e+09
2.383950200263897419e+09
2.252785800547305584e+09
2.201982712297409058e+09
2.093344503290122271e+09
1.821995497522588253e+09
1.799898700546283722e+09
1.967037748222478390e+09
1.782210218112945318e+09
1.479125245822167397e+09
1.565471730411682367e+09
1.709070534457332134e+09
1.540555529717722893e+09
1.369152305126801729e+09
1.404803599796849251e+09
1.455281969508161783e+09
1.410870464035935640e+09
1.318747527417435884e+09
1.269213507905475616e+09
1.311862438699745417e+09
1.324078542398035765e+09
1.239141977874187469e+09
1.204784867421749830e+09
1.244574953063644409e+09
1.228556415323372364e+09
1.183164689568881989e+09
1.183266639604666710e+09
1.184807114101322412e+09
1.167232645254872084e+09
1.157318136427792311e+09
1.152085325450495243e+09
1.148164669923094749e+09
1.140923775692947388e+09
1.128629560655231237e+09
1.129564083893787384e+09
1.131758902577673912e+09
1.117240856373680592e+09
1.111226499748839140e+09
1.118056766337078571e+09
1.113234052370035410e+09
1.104034171699825525e+09
1.103605809993549585e+09
1.104117767478223801e+09
1.101731461371715546e+09
1.097912730641237497e+09
1.095006860998513222e+09
1.095670914660479784e+09
1.095178935863781214e+09
1.091641296115981579e+09
1.090181312353081226e+09
1.090526190172682524e+09
1.089604645160349846e+09
1.087981374903579235e+09
1.086858839914621592e+09
1.086560165021344185e+09
1.086208039488171101e+09
1.085109363770161867e+09
1.084281294541298389e+09
1.084002362484586954e+09
1.083557025868100166e+09
1.082955714038338661e+09
1.082393175835365534e+09
1.081976461256928682e+09
1.081677048185068130e+09
1.081270379302082539e+09
1.080870906742650270e+09
1.080512973137322426e+09
1.080155959410384178e+09
1.079990321785833359e+09
1.079710936406028032e+09
1.079200253009793282e+09
1.079047050534953356e+09
1.079013144388548851e+09
1.078542777170162916e+09
1.078196875311775446e+09
1.078221855049557447e+09
1.077974565870819569e+09
1.077562662099218369e+09
1.077454855808820963e+09
1.077335563901294708e+09
1.077024952395980120e+09
1.076818560633251905e+09
1.076681078057025194e+09
1.076467890059907913e+09
1.076260244373747349e+09
1.076084644389250040e+09
1.075900079127186537e+09
1.075708614501235962e+09
1.075530393533380270e+09
1.075355937580659628e+09
1.075158927726684570e+09
1.074981861725423098e+09
1.074827825623019457e+09
1.074626227782379627e+09
1.074437133159009457e+09
1.074295100493512630e+09
1.074104429376954317e+09
1.073907266490199566e+09
1.073755761011326313e+09
1.073580000134886980e+09
1.073388429802837133e+09
1.073219213185870290e+09
1.073050005949421167e+09
1.072867876017048478e+09
1.072689381778584123e+09
1.072518119917886257e+09
1.072340197840072036e+09
1.072161637959941506e+09
1.071986051336113334e+09
1.071808293369668603e+09
1.071630089933156133e+09
1.071452883141768932e+09
1.071274489128753424e+09
1.071093555153059602e+09
1.070916947174422622e+09
1.070737594048171043e+09
1.070554131733581305e+09
1.070376643280027628e+09
1.070196423331277013e+09
1.070012370781208634e+09
1.069831678879362941e+09
1.069651094254768491e+09
1.069466607918489099e+09
1.069283090964354157e+09
1.069101467735581756e+09
1.068915915211776376e+09
1.068731211639158130e+09
1.068547226895448565e+09
1.068360781809727550e+09
1.068175092360099316e+09
1.067988738123770952e+09
1.067801444753345132e+09
1.067614141906001806e+09
1.067426324906799674e+09
1.067237615346220016e+09
1.067048688793360233e+09
1.066859630611059546e+09
1.066669317151758313e+09
1.066478967219855785e+09
1.066288349182091236e+09
1.066096736020750284e+09
1.065904831713520885e+09
1.065712647784734130e+09
1.065519755048524618e+09
1.065326293724987388e+09
1.065132638356719255e+09
1.064938283500945210e+09
1.064743457130496025e+09
1.064548246029007196e+09
1.064352461392253399e+09
1.064156249677322030e+09
1.063959526196117997e+09
1.063762331406033635e+09
1.063564666388326883e+09
1.063366533939621925e+09
1.063167873656365275e+09
1.062968798637697816e+09
1.062769232431396842e+09
1.062569158113736391e+09
1.062368651403722882e+09
1.062167667517093182e+09
1.061966200001560807e+09
1.061764257054075360e+09
1.061561883455116272e+09
1.061359005065443754e+09
1.061155671668651462e+09
1.060951887215694070e+09
1.060747627288364649e+09
1.060542903191621780e+09
1.060337726219170094e+09
1.060132088254043937e+09
1.059925984379760861e+09
1.059719431005201459e+09
1.059512416212581635e+09
1.059304950092418313e+09
1.059097024278252125e+09
1.058888650179890275e+09
1.058679822394833326e+09
1.058470543188139319e+09
1.058260813799179673e+09
1.058050637329694033e+09
1.057840013078542829e+09
1.057628939123474002e+09
1.057417424327684522e+09
1.057205462654408932e+09
1.056993056941403508e+09
1.056780210823206425e+09
1.056566923308650613e+09
1.056353194068550825e+09
1.056139027647742867e+09
1.055924422435315371e+09
1.055709380421661139e+09
1.055493902235303044e+09
1.055277989736787200e+09
1.055061643345510483e+09
1.054844863616802812e+09
1.054627652802649736e+09
1.054410011284892201e+09
1.054191939408357024e+09
1.053973439496718049e+09
1.053754511898515701e+09
1.053535157125035763e+09
1.053315377207953334e+09
1.053095172484560370e+09
1.052874543977452040e+09
1.052653492890265107e+09
1.052432020151530862e+09
1.052210126618260264e+09
1.051987813407982588e+09
1.051765081364725471e+09
1.051541931689064741e+09
1.051318364970493555e+09
1.051094382546847463e+09
1.050869985174381495e+09
1.050645173810228467e+09
1.050419949429679275e+09
1.050194313083998203e+09
1.049968265482676387e+09
1.049741807769589186e+09
1.049514940804799318e+09
1.049287665491942167e+09
1.049059982778703570e+09
1.048831893614153266e+09
1.048603398878781080e+09
1.048374499487116456e+09
1.048145196386501312e+09
1.047915490458851814e+09
1.047685382585384846e+09
1.047454873729892492e+09
1.047223964729954958e+09
1.046992656503192902e+09
1.046760949942340732e+09
1.046528845936671734e+09
1.046296345351219296e+09
1.046063449084686399e+09
1.045830158013211370e+09
1.045596472997593880e+09
1.045362394918962359e+09
1.045127924646424055e+09
1.044893063033388019e+09
1.044657810950324774e+09
1.044422169255424738e+09
1.044186138794596076e+09
1.043949720428224087e+09
1.043712915004369974e+09
1.043475723364069343e+09
1.043238146352981448e+09
