6.328639507138767242e+08
6.332266464018801270e+11
1.891213656741155701e+11
4.040129944166699219e+11
3.265679354646893311e+11
1.922859355255734558e+11
1.401362892489882507e+11
1.543176043427542114e+11
1.781771389413982849e+11
1.573236868798710327e+11
1.009521772138191833e+11
7.628322633154699707e+10
9.506665111078268433e+10
1.011167545954012604e+11
7.427449807055583191e+10
5.229667061119092560e+10
5.732497134158422089e+10
6.518807373023551941e+10
5.383036198343177795e+10
3.702495427771920013e+10
3.308051120190327072e+10
3.732535846554689026e+10
3.788228405106954956e+10
3.346522505615681076e+10
2.727413396324569321e+10
2.049500605208758545e+10
1.727740100306023407e+10
2.135090177908116531e+10
2.573485280257673645e+10
2.029980431080282593e+10
9.724014879277442932e+09
7.916491374886751175e+09
1.506001568237036896e+10
1.755161775350511169e+10
1.103094212353861237e+10
5.508392741186427116e+09
6.847924646402248383e+09
9.569967626602964401e+09
8.887684610874517441e+09
6.650396525074315071e+09
5.192018285344942093e+09
4.649454358773543358e+09
4.996843062741596222e+09
5.439388539086571693e+09
4.635941034548682213e+09
3.327068468305435181e+09
3.147207761768029690e+09
3.532666893191971779e+09
3.229347748470977783e+09
2.708747175642053604e+09
2.609416136428788662e+09
2.451643159475952148e+09
2.098749429679162741e+09
2.008384317655906916e+09
2.044255830534558058e+09
1.871458498311630249e+09
1.663912520604456186e+09
1.520625857087394238e+09
1.381914671775402784e+09
1.418244681238178492e+09
1.502227635958609343e+09
1.249277068601414204e+09
9.569631859488288164e+08
1.096366681670024633e+09
1.276387172195454836e+09
1.062437013290139079e+09
8.271645884798834324e+08
8.958600425448997021e+08
1.002845571750652790e+09
9.308804687870506048e+08
8.032010733361135721e+08
7.683421078274928331e+08
8.157767375273177624e+08
8.256406506447893381e+08
7.563339773180503845e+08
7.084785159728059769e+08
7.222496838314831257e+08
7.279299368431415558e+08
7.049190822559756041e+08
6.817279476399800777e+08
6.676349138400034904e+08
6.655156273818410635e+08
6.650153155260857344e+08
6.528596255308792591e+08
6.402364578367885351e+08
6.341262914284359217e+08
6.298869040884945393e+08
6.301921720493234396e+08
6.267639849442840815e+08
6.123038082282090187e+08
6.076119055300718546e+08
6.163548984292802811e+08
6.120793285538086891e+08
5.986562377738980055e+08
5.981665391734269857e+08
6.029250707641851902e+08
5.995944858708765507e+08
5.931013466168347597e+08
5.910262729479864836e+08
5.927018350221312046e+08
5.924632352202051878e+08
5.886367293480741978e+08
5.858919844953624010e+08
5.869810105334749222e+08
5.874797375478008986e+08
5.847438137933524847e+08
5.830430067976809740e+08
5.835305267015272379e+08
5.834317712440119982e+08
5.823108299057651758e+08
5.811329122645347118e+08
5.808250697214435339e+08
5.809893388594043255e+08
5.804444446312721968e+08
5.795053868572082520e+08
5.791649578205924034e+08
5.792545230944709778e+08
5.789885104898442030e+08
5.783641033485981226e+08
5.779644659717484713e+08
5.780356269781092405e+08
5.779574127514001131e+08
5.774442898464924097e+08
5.771016896243951321e+08
5.771744799205297232e+08
5.771746730235207081e+08
5.766915140916304588e+08
5.764143069679074287e+08
5.766240278496261835e+08
5.764485288186486959e+08
5.760365288105164766e+08
5.760246715102155209e+08
5.760426547707325220e+08
5.758085741919533014e+08
5.756410893815716505e+08
5.755922294708535671e+08
5.754984665613684654e+08
5.753712693399031162e+08
5.752572096811889410e+08
5.751518908295067549e+08
5.750729282545782328e+08
5.749926098190439939e+08
5.748610720115897655e+08
5.747620296275136471e+08
5.747094533564248085e+08
5.746124509452389479e+08
5.744884623285017014e+08
5.744132783513306379e+08
5.743530624310759306e+08
5.742448158904851675e+08
5.741412229230767488e+08
5.740772320876672268e+08
5.739983139976781607e+08
5.738937430143287182e+08
5.738093867545207739e+08
5.737386378997163773e+08
5.736495220837453604e+08
5.735573703839004040e+08
5.734778179533784389e+08
5.733969746832934618e+08
5.733114317763198614e+08
5.732232911620602608e+08
5.731414682659171820e+08
5.730609063693506718e+08
5.729732176141146421e+08
5.728884363612269163e+08
5.728055288352612257e+08
5.727225250995345116e+08
5.726367829214011431e+08
5.725501684941897392e+08
5.724683341091512442e+08
5.723839166757984161e+08
5.722960476839815378e+08
5.722117511257244349e+08
5.721284761127914190e+08
5.720412630855540037e+08
5.719544272692730427e+08
5.718707622660586834e+08
5.717838820934456587e+08
5.716968114356462955e+08
5.716109796529443264e+08
5.715242248219984770e+08
5.714374411223001480e+08
5.713497938735529184e+08
5.712626821661480665e+08
5.711754933552317619e+08
5.710873147482129335e+08
5.709992235641752481e+08
5.709112923818056583e+08
5.708229427162846327e+08
5.707339103459025621e+08
5.706451840069842339e+08
5.705562915837079287e+08
5.704667875180045366e+08
5.703771190268734694e+08
5.702875479228123426e+08
5.701976049294359684e+08
5.701071176305525303e+08
5.700168468876520395e+08
5.699262384461665154e+08
5.698352105230439901e+08
5.697441279655319452e+08
5.696528340229991674e+08
5.695612587814755440e+08
5.694694331838155985e+08
5.693774355022761822e+08
5.692852393799506426e+08
5.691927615483914614e+08
5.691000457954082489e+08
5.690072028701573610e+08
5.689140710719572306e+08
5.688206949049497843e+08
5.687271577207733393e+08
5.686333839105721712e+08
5.685393661870483160e+08
5.684451326808574200e+08
5.683507198799545765e+08
5.682560485394846201e+08
5.681611594826399088e+08
5.680660779213743210e+08
5.679707713028990030e+08
5.678752285755937099e+08
5.677794901750349998e+08
5.676835378095901012e+08
5.675873561616460085e+08
5.674909655584369898e+08
5.673943670651279688e+08
5.672975522912595272e+08
5.672005146986500025e+08
5.671032781524311304e+08
5.670058248261978626e+08
5.669081556108934879e+08
5.668102788050953150e+08
5.667121941516034603e+08
5.666138954449195862e+08
5.665153859215143919e+08
5.664166724638131857e+08
5.663177479442441463e+08
5.662186121097381115e+08
5.661192734344478846e+08
5.660197265325517654e+08
5.659199699569996595e+08
5.658200103684267998e+08
5.657198445084078312e+08
5.656194724781312943e+08
5.655188956386411190e+08
5.654181159641641378e+08
5.653171314465370178e+08
5.652159430017687082e+08
5.651145530165746212e+08
5.650129602943704128e+08
5.649111645798413754e+08
5.648091687298381329e+08
5.647069713879007101e+08
5.646045732143558264e+08
5.645019751456536055e+08
5.643991777712026834e+08
5.642961807610797882e+08
5.641929850408294201e+08
5.640895914595742226e+08
5.639859996667721272e+08
5.638822105247880220e+08
5.637782245860140324e+08
5.636740421618643999e+08
5.635696634601875544e+08
5.634650893231123686e+08
5.633603200584993362e+08
5.632553558536826372e+08
5.631501974151637554e+08
5.630448452458254099e+08
5.629392993820011616e+08
5.628335606255850792e+08
5.627276293049387932e+08
5.626215057425956726e+08
5.625151904030978680e+08
5.624086838593316078e+08
5.623019862910740376e+08
5.621950982616020441e+08
5.620880201891438961e+08
5.619807524337080717e+08
5.618732954074883461e+08
5.617656495839046240e+08
5.616578153170297146e+08
5.615497930193912983e+08
5.614415831136392355e+08
5.613331860256744623e+08
5.612246020868631601e+08
5.611158317747168541e+08
5.610068754619767666e+08
5.608977335231685638e+08
5.607884063883403540e+08
5.606788944501291513e+08
5.605691980752969980e+08
5.604593176868623495e+08
5.603492536637326479e+08
5.602390063931471109e+08
5.601285762637361288e+08
5.600179636737083197e+08
5.599071689930156469e+08
5.597961926123931408e+08
