2.285500786619468629e+08
7.249054971092821045e+11
1.923689933400180969e+11
3.870282692511501465e+11
3.848306237919053345e+11
2.503224943809971924e+11
1.383965987741778870e+11
1.326109550164782715e+11
1.860176637506255188e+11
1.879587194247129211e+11
1.263690153247751923e+11
8.523875175720516968e+10
9.253972078161027527e+10
9.696808582111833191e+10
7.785437090008262634e+10
6.572334779414205170e+10
7.250108716349333191e+10
7.160132403663369751e+10
5.026549953840760803e+10
3.259562203785570526e+10
3.631495727242687988e+10
4.654751934624385834e+10
4.537757607571614838e+10
3.496003036477142334e+10
2.487213834557423782e+10
1.900537895449545670e+10
1.967205240291653442e+10
2.624961840019487000e+10
2.901622192986219406e+10
2.003461836337130737e+10
8.241038399071414948e+09
8.040551964975606918e+09
1.670879277192956734e+10
1.930350454156255722e+10
1.216363617689140701e+10
5.569364743985424995e+09
5.920805593902333260e+09
9.132561560719728470e+09
1.000595222138564491e+10
8.048376315613261223e+09
5.173721631642750740e+09
3.652509497479605198e+09
4.548918731353213310e+09
5.895377989123869896e+09
5.219054986454957962e+09
3.382302922285405636e+09
2.620958650021557808e+09
2.912996026803055763e+09
3.149718654708497524e+09
3.096150537657395363e+09
2.633647296898044109e+09
1.813162476013488054e+09
1.530711151827341080e+09
1.998984006563759804e+09
2.120751833021040201e+09
1.563858583261254787e+09
1.164010405853144407e+09
1.172266603414665461e+09
1.214555156695430994e+09
1.225851807168769121e+09
1.147885537286109447e+09
8.576455086349000931e+08
6.605781323396342993e+08
8.003636761889430285e+08
9.376886338821116686e+08
7.694402443053917885e+08
5.091160540888885260e+08
4.818706123676551580e+08
6.502239017758477926e+08
6.799092122049497366e+08
4.703956956220165491e+08
3.445181409614027739e+08
4.566612571317183971e+08
5.280478052389187813e+08
4.203369521570927501e+08
3.288934984228662252e+08
3.472878552798539400e+08
3.823365342721671462e+08
3.724172429648379087e+08
3.233078518978378773e+08
2.881730767860220671e+08
3.047245063381885886e+08
3.201574488632180095e+08
2.966559598352229595e+08
2.722382156655639410e+08
2.663023697258334160e+08
2.710672236041177511e+08
2.763533373715565205e+08
2.623573974899443090e+08
2.430657533156518042e+08
2.463625493720117509e+08
2.555465438751161098e+08
2.492686024551349580e+08
2.354641063381119072e+08
2.303021159856380224e+08
2.386509000178342164e+08
2.410781031686242521e+08
2.276893577485860288e+08
2.220002374376573861e+08
2.300718137237231731e+08
2.309586552460668385e+08
2.228362189137084186e+08
2.194643680599428117e+08
2.227505423560466766e+08
2.241663226115592420e+08
2.200682913061510324e+08
2.171779336006075740e+08
2.187143796670735478e+08
2.194475466369527578e+08
2.177880056967242062e+08
2.159920707062452435e+08
2.156207585720980465e+08
2.167109304904863238e+08
2.162581067754246891e+08
2.143488580430915952e+08
2.142191311629633307e+08
2.149470681645511091e+08
2.146375982976409197e+08
2.136300897619460821e+08
2.131172313655501902e+08
2.137404946684987247e+08
2.137667755411476791e+08
2.127625101571490765e+08
2.125823096770496368e+08
2.130266055813643038e+08
2.129041993362280428e+08
2.123373286804434657e+08
2.121663678083407879e+08
2.124788509761499763e+08
2.123677855751649439e+08
2.119491499853518605e+08
2.119214507858597934e+08
2.120481803505453467e+08
2.119660200999524593e+08
2.117189365565090775e+08
2.116538994594854414e+08
2.117780097875538170e+08
2.116704996409194767e+08
2.114958999029778838e+08
2.115054457962102294e+08
2.115191577979343832e+08
2.114564603945097923e+08
2.113510881390643716e+08
2.113239433561979234e+08
2.113497103048087656e+08
2.112831265452461839e+08
2.112047292729897797e+08
2.111892273767343760e+08
2.111963930234713554e+08
2.111422782252174914e+08
2.110661286528951526e+08
2.110769523860813081e+08
2.110663502578382790e+08
2.109946556151852906e+08
2.109674557278750241e+08
2.109637470687478483e+08
2.109306215737707913e+08
2.108854417929505408e+08
2.108627480901281834e+08
2.108491158574494421e+08
2.108140776502909660e+08
2.107796476281218231e+08
2.107595603413144648e+08
2.107369550742467642e+08
2.107067191511682272e+08
2.106763616848545671e+08
2.106542770253935456e+08
2.106318454753299057e+08
2.106009426240061522e+08
2.105730907674512565e+08
2.105523722979754508e+08
2.105267241357112229e+08
2.104963501636101902e+08
2.104718785796403885e+08
2.104498679380790293e+08
2.104214360723769963e+08
2.103934617298689187e+08
2.103711090254575610e+08
2.103451727740767002e+08
2.103171653302106261e+08
2.102921399429605603e+08
2.102672799636510313e+08
2.102408649264240563e+08
2.102139424308937788e+08
2.101887054669024646e+08
2.101632115574818254e+08
2.101362677089658380e+08
2.101099922005951703e+08
2.100844646688974500e+08
2.100581530584573746e+08
2.100312691398113668e+08
2.100051883963526487e+08
2.099791115575455427e+08
2.099523131767019331e+08
2.099255757188632190e+08
2.098993261573553681e+08
2.098727254299986660e+08
2.098456357297027111e+08
2.098190206132316589e+08
2.097923550116864741e+08
2.097652701063873768e+08
2.097382138841196299e+08
2.097113567459651828e+08
2.096842628751102090e+08
2.096569432428327501e+08
2.096297889686828554e+08
2.096025898979660273e+08
2.095751395604648590e+08
2.095476782814578116e+08
2.095203055563768148e+08
2.094927164307308495e+08
2.094650505745099783e+08
2.094374151354479194e+08
2.094096922423282564e+08
2.093818482932833433e+08
2.093539622854499817e+08
2.093260674940399826e+08
2.092980502440344393e+08
2.092699576751385927e+08
2.092418451544667780e+08
2.092136692778356969e+08
2.091853723024732172e+08
2.091570597164810300e+08
2.091286888797453344e+08
2.091002184649580121e+08
2.090716996829583347e+08
2.090431295008666813e+08
2.090144881144520938e+08
2.089857649675283730e+08
2.089570052621364295e+08
2.089281729767346382e+08
2.088992686716355681e+08
2.088703073236733079e+08
2.088412913216267824e+08
2.088122003541041315e+08
2.087830479568746984e+08
2.087538420505919456e+08
2.087245666543580890e+08
2.086952276562176943e+08
2.086658298379051685e+08
2.086363729638950229e+08
2.086068457618630826e+08
2.085772626679984927e+08
2.085476188635232449e+08
2.085179096938186884e+08
2.084881398148578405e+08
2.084583120218727887e+08
2.084284199040225446e+08
2.083984667299899459e+08
2.083684547025049031e+08
2.083383811628147662e+08
2.083082458038673997e+08
2.082780511468715668e+08
2.082477968019962311e+08
2.082174804411004484e+08
2.081871049888300598e+08
2.081566701228108406e+08
2.081261744937012196e+08
2.080956191272625327e+08
2.080650051803544760e+08
2.080343309332336485e+08
2.080035973519527316e+08
2.079728050627497435e+08
2.079419535429848731e+08
2.079110426935066581e+08
2.078800734346091151e+08
2.078490455137097538e+08
2.078179586332874596e+08
2.077868135258970559e+08
2.077556102737768590e+08
2.077243484217088819e+08
2.076930286869553626e+08
2.076616510532942116e+08
2.076302154364114702e+08
2.075987220521894395e+08
2.075671712397383153e+08
2.075355627962639034e+08
2.075038969464736283e+08
2.074721739592620432e+08
2.074403937722473145e+08
2.074085565023266673e+08
2.073766624135352969e+08
2.073447115109344721e+08
2.073127038741531968e+08
2.072806397275113761e+08
2.072485191433718204e+08
2.072163421634832919e+08
2.071841090040737689e+08
2.071518197465389669e+08
2.071194744521187246e+08
2.070870732923784554e+08
2.070546163774808645e+08
2.070221037688712478e+08
2.069895356206247211e+08
2.069569120432220101e+08
2.069242331197016537e+08
2.068914989697690010e+08
2.068587097278513610e+08
2.068258654620228410e+08
2.067929663027336001e+08
