1.505840148283218384e+09
5.236157969248348389e+11
2.125420103931506348e+11
3.867887286605355835e+11
2.681403683526342163e+11
1.620881533864141541e+11
1.400874178815996399e+11
1.524913391328694763e+11
1.659703773494644165e+11
1.412165578577565308e+11
8.259418236054942322e+10
6.030416900290374756e+10
9.118174977708529663e+10
1.067141819837925873e+11
7.344648517718634033e+10
3.874552489759746552e+10
4.207236249368762207e+10
5.975585626905881500e+10
5.717940045693949127e+10
4.022818130220510101e+10
2.995683815640385437e+10
2.901519189969423676e+10
3.081837985146240616e+10
3.267751054890787888e+10
3.058754888079396057e+10
2.144960663928902817e+10
1.370974143699630737e+10
1.724185446402147675e+10
2.457065214751194382e+10
2.118006446666675568e+10
1.037315452341053581e+10
7.581030036131320953e+09
1.408101404823077583e+10
1.655321373201841927e+10
1.071201175214465714e+10
5.999916145613297462e+09
7.501760255193551064e+09
9.771570809038080215e+09
8.678025453930830002e+09
6.477811552326399803e+09
5.432900188593104362e+09
5.340069689262762070e+09
5.788315188156302452e+09
5.857763969809097290e+09
4.638484344585375786e+09
3.518465417624220848e+09
3.988264224653419495e+09
4.548842590478431702e+09
3.735534965285284519e+09
2.906337112743212700e+09
3.119041728929448605e+09
3.327069825660967350e+09
2.968360961726543427e+09
2.640444416993207455e+09
2.512273846793059826e+09
2.476051317793963432e+09
2.541830975928676128e+09
2.384020552488107204e+09
2.010201985184282303e+09
2.024700340114792347e+09
2.278478532676237106e+09
2.077464124607462406e+09
1.725199714991443634e+09
1.830990859402526140e+09
2.005017222920776367e+09
1.821930128275565147e+09
1.643118351669823170e+09
1.699778491532433987e+09
1.752721510481422901e+09
1.691503682633870840e+09
1.601981892566379786e+09
1.571377175325245380e+09
1.617203872334016562e+09
1.612788606342466116e+09
1.523917419635782480e+09
1.508138314983574629e+09
1.553602173925111771e+09
1.522629618999175072e+09
1.473839828668226719e+09
1.485890528241484404e+09
1.491889564263596535e+09
1.466631191334478617e+09
1.453017539226457357e+09
1.454901713339885235e+09
1.453705266639745474e+09
1.441443275710954189e+09
1.429839717968120337e+09
1.433421443503955603e+09
1.434017555646992922e+09
1.420391169591593504e+09
1.415676090610379934e+09
1.420474842483623981e+09
1.416011670213678360e+09
1.408834475099807024e+09
1.407353305137816191e+09
1.407179632721761703e+09
1.405991312540381432e+09
1.401624741408134460e+09
1.398592930952080727e+09
1.400462360895098448e+09
1.398829546214979410e+09
1.394705419532007694e+09
1.394952426383998871e+09
1.395009567423414707e+09
1.392775105586861849e+09
1.391778601691373587e+09
1.391457251118504524e+09
1.390582314860597849e+09
1.389673640691937208e+09
1.389043834215415716e+09
1.388536845255756140e+09
1.387819271371931791e+09
1.387168285616261959e+09
1.386841686735162020e+09
1.386314264080849648e+09
1.385662561395817280e+09
1.385300864157702446e+09
1.384981543918490648e+09
1.384558954652755260e+09
1.384027052225701571e+09
1.383696656051048279e+09
1.383562201901742220e+09
1.383068846203041315e+09
1.382626374418190241e+09
1.382494807512263775e+09
1.382223237639984131e+09
1.381800510658718348e+09
1.381489091653206110e+09
1.381354287290835619e+09
1.381043777338340282e+09
1.380653207517044783e+09
1.380495597867479086e+09
1.380259637575323582e+09
1.379919171045723200e+09
1.379697549201565981e+09
1.379480962628219366e+09
1.379198520573554516e+09
1.378949855112909555e+09
1.378736114219569445e+09
1.378480330154003382e+09
1.378222704372102022e+09
1.378012400093893290e+09
1.377773886723405838e+09
1.377509615229746819e+09
1.377294009300839901e+09
1.377069876876368046e+09
1.376813915306555748e+09
1.376577672101786137e+09
1.376363154462003231e+09
1.376122906799179316e+09
1.375869662915770054e+09
1.375655956480350256e+09
1.375423035805284023e+09
1.375171365671119928e+09
1.374947950767956734e+09
1.374716390598860025e+09
1.374472789943612337e+09
1.374239536017553568e+09
1.374007349633978605e+09
1.373767286807804346e+09
1.373529655211300611e+09
1.373295839066489220e+09
1.373055513018823862e+09
1.372815748299472094e+09
1.372580459530544758e+09
1.372338658782655239e+09
1.372097352912417889e+09
1.371859236188114882e+09
1.371617513465660095e+09
1.371373605006344080e+09
1.371132607985214949e+09
1.370890782834948301e+09
1.370644395948968410e+09
1.370401040263290644e+09
1.370157410899604082e+09
1.369909954170694828e+09
1.369663772913118124e+09
1.369418185247126818e+09
1.369169284619691849e+09
1.368921008846845865e+09
1.368673028324632645e+09
1.368422454596966982e+09
1.368172453025815248e+09
1.367921906939115763e+09
1.367669768750930071e+09
1.367417700923021078e+09
1.367165012834819317e+09
1.366911116751308203e+09
1.366656845317874193e+09
1.366402279675904274e+09
1.366146396565189600e+09
1.365890103350189686e+09
1.365633518069752932e+09
1.365375707161378860e+09
1.365117467404841185e+09
1.364858734242033243e+09
1.364599132106574059e+09
1.364338835881128073e+09
1.364078114876374006e+09
1.363816570777187824e+09
1.363554332371733427e+09
1.363291630545968533e+09
1.363028103053297043e+09
1.362763987090773821e+09
1.362499280958836794e+09
1.362233821510270834e+09
1.361967796896260977e+09
1.361701121597854137e+09
1.361433760434676647e+09
1.361165798066004753e+09
1.360897205273452759e+09
1.360627935530746937e+09
1.360358058043934822e+09
1.360087554034908056e+09
1.359816398612163544e+09
1.359544610484131336e+09
1.359272221867256641e+09
1.358999177040192842e+09
1.358725511881824970e+09
1.358451238455356359e+09
1.358176324660850525e+09
1.357900794347870350e+09
1.357624651826951027e+09
1.357347881447193623e+09
1.357070499481130838e+09
1.356792503854530096e+09
1.356513888885413170e+09
1.356234669459960222e+09
1.355954834262084007e+09
1.355674390554021120e+09
1.355393343159430742e+09
1.355111686378871918e+09
1.354829424906623363e+09
1.354546563990933657e+09
1.354263098862407684e+09
1.353979033210654020e+09
1.353694372370697975e+09
1.353409111418701649e+09
1.353123256026372671e+09
1.352836807222244263e+09
1.352549764772040844e+09
1.352262131725847721e+09
1.351973908755703211e+09
1.351685097435748577e+09
1.351395699579571962e+09
1.351105715679078102e+09
1.350815148037603617e+09
1.350523998153649569e+09
1.350232266063135147e+09
1.349939954931919098e+09
1.349647065234547615e+09
1.349353597849211216e+09
1.349059555549072027e+09
1.348764938395772219e+09
1.348469748386897326e+09
1.348173986797433615e+09
1.347877654940312147e+09
1.347580754086342812e+09
1.347283285735487461e+09
1.346985251028171539e+09
1.346686651546176195e+09
1.346387488319074631e+09
1.346087762876164436e+09
1.345787476493139744e+09
1.345486630388187647e+09
1.345185225922703028e+09
1.344883264460129976e+09
1.344580747138539314e+09
1.344277675326622725e+09
1.343974050407765627e+09
1.343669873392389059e+09
1.343365145830595016e+09
1.343059868805612564e+09
1.342754043654207945e+09
1.342447671593389273e+09
1.342140753908514023e+09
1.341833291808495998e+09
1.341525286559597492e+09
1.341216739373821735e+09
1.340907651504545212e+09
1.340598024149415255e+09
1.340287858555545807e+09
1.339977155921234846e+09
1.339665917460547209e+09
1.339354144378490925e+09
1.339041837893577099e+09
1.338728999172431707e+09
1.338415629433297873e+09
1.338101729855923653e+09
1.337787301624352932e+09
1.337472345914580107e+09
1.337156863911894083e+09
1.336840856775973797e+09
1.336524325682527065e+09
1.336207271791285753e+09
1.335889696257910967e+09
1.335571600241293192e+09
1.335252984891269207e+09
1.334933851352188110e+09
1.334614200766316652e+09
