2.527387000221802294e+08
7.080125836091092529e+11
1.955803644784187622e+11
3.879850680669039307e+11
3.740566155428842163e+11
2.437588237373269043e+11
1.426275958639670410e+11
1.354905270423245087e+11
1.812261880967670593e+11
1.825907506569287415e+11
1.259156113652207947e+11
8.652362103339132690e+10
9.157201381347503662e+10
9.510179853615675354e+10
7.705008058872248840e+10
6.542574264037789917e+10
7.177097436748066711e+10
7.072075256598617554e+10
4.949147042768052673e+10
3.204447364438363647e+10
3.638716129609188080e+10
4.698078249601821899e+10
4.476574090094412231e+10
3.323264693438566589e+10
2.416477780211871719e+10
2.022960796229500961e+10
2.057852836962245941e+10
2.507613614385103989e+10
2.744650833669607925e+10
2.021413924374988556e+10
9.291993390405992508e+09
8.023124094050926208e+09
1.587451538148133850e+10
1.902057812490663528e+10
1.240665955237923050e+10
5.550638528821500778e+09
5.744568606215573311e+09
9.210136090480403900e+09
1.004953848402010536e+10
7.791728549262653351e+09
5.003323917796668053e+09
3.811182694183325291e+09
4.692893941058754921e+09
5.795973940903836250e+09
5.064767329643562317e+09
3.333144105488045216e+09
2.681099400925459862e+09
3.032181896136359215e+09
3.154107875242043972e+09
2.929717290157639980e+09
2.579499908556664944e+09
1.983888688047076702e+09
1.603615455172921658e+09
1.868870679116365194e+09
2.082601134370580196e+09
1.668054283528998137e+09
1.194216735127516508e+09
1.140684927501323223e+09
1.232568815430612087e+09
1.245594128987047195e+09
1.155209343637235641e+09
8.935956060948318243e+08
6.774595953553969860e+08
7.937394702543880939e+08
9.689794885679126978e+08
8.028259961675001383e+08
5.068718945579400063e+08
5.000065143390237093e+08
6.894679049495729208e+08
6.902154229842402935e+08
4.773511292845498919e+08
3.759533839876107574e+08
4.821599205226963758e+08
5.417277489991325140e+08
4.397671783804733157e+08
3.498485626734858155e+08
3.702910849354847670e+08
4.080734683752973676e+08
3.888734667468327880e+08
3.399205286584911346e+08
3.167774176120871305e+08
3.288228264811515808e+08
3.357283157068104148e+08
3.185938385015880466e+08
2.975126652492201328e+08
2.875927677474958301e+08
2.921595005733677149e+08
2.980222354266161323e+08
2.844561101748020649e+08
2.662004750732662082e+08
2.679858469036919177e+08
2.768320409993011951e+08
2.721361220008198023e+08
2.576707206952689588e+08
2.519982600056467950e+08
2.613611760472259223e+08
2.633405980318701863e+08
2.492604401944096684e+08
2.446475986321032047e+08
2.529816181229281723e+08
2.526218193099473119e+08
2.447818285022170544e+08
2.424740046834719181e+08
2.451696493087174892e+08
2.459802096930432916e+08
2.424349586715787947e+08
2.398344924586500227e+08
2.410334175468149781e+08
2.415725427752523124e+08
2.401298222776851654e+08
2.384966493054224551e+08
2.379601734712957144e+08
2.389529364053596556e+08
2.386096920773765445e+08
2.367550085076942146e+08
2.366007737482234538e+08
2.372609015644040108e+08
2.369312551887981594e+08
2.360687735784200430e+08
2.355097125360114574e+08
2.359811899228011668e+08
2.361736678906217515e+08
2.351749158113526106e+08
2.348449804627225697e+08
2.354154100426045656e+08
2.352885031988540590e+08
2.346238920683746338e+08
2.345375095788270235e+08
2.348516002064824104e+08
2.346779831796856225e+08
2.342805944232066274e+08
2.342891578507123590e+08
2.343889607220992446e+08
2.342670579683307111e+08
2.340675252751758099e+08
2.340088905448304415e+08
2.340775815514357984e+08
2.339998899271565974e+08
2.338365973051173985e+08
2.338157901557634771e+08
2.338413844028126299e+08
2.337722450286178291e+08
2.336657364717231989e+08
2.336419828714617193e+08
2.336505458776638210e+08
2.335926202459276915e+08
2.335135982058714628e+08
2.334854561947606504e+08
2.334967421271258295e+08
2.334404542929384410e+08
2.333574348628332913e+08
2.333691442891210616e+08
2.333554883523569405e+08
2.332775419995510578e+08
2.332523636252982616e+08
2.332444057678567767e+08
2.332053660709077120e+08
2.331615260326361954e+08
2.331348144777845144e+08
2.331170519696135819e+08
2.330802838248050511e+08
2.330430054202977419e+08
2.330203177006709278e+08
2.329940236683785319e+08
2.329611347954818606e+08
2.329288636005956233e+08
2.329030139233449101e+08
2.328773091440790594e+08
2.328445974622595012e+08
2.328133831377256513e+08
2.327891120035923123e+08
2.327615125303606987e+08
2.327275841791038811e+08
2.327002204491508007e+08
2.326756420604013503e+08
2.326435175412645042e+08
2.326132827450948656e+08
2.325876735680412054e+08
2.325584538831863701e+08
2.325278934594567120e+08
2.324996560419251025e+08
2.324717115611274242e+08
2.324423056923857033e+08
2.324124309206867516e+08
2.323840606119158268e+08
2.323554666748964190e+08
2.323255274909973145e+08
2.322961905317967236e+08
2.322675117164788246e+08
2.322380818360704184e+08
2.322082435205793083e+08
2.321789061246146560e+08
2.321497246145526767e+08
2.321199246444511712e+08
2.320898912818813622e+08
2.320605998593576849e+08
2.320308391856297553e+08
2.320005343178993464e+08
2.319708252182750702e+08
2.319409366743782461e+08
2.319106739925820827e+08
2.318804458358438611e+08
2.318503719963363409e+08
2.318200767599121630e+08
2.317895325049004853e+08
2.317591769090530574e+08
2.317287269952136874e+08
2.316980321325061917e+08
2.316673569655031562e+08
2.316366949494785070e+08
2.316058553725325465e+08
2.315749320237095952e+08
2.315440009714581966e+08
2.315130001100075245e+08
2.314818659929479957e+08
2.314506747384064496e+08
2.314194717337599993e+08
2.313881414994235039e+08
2.313567205242764056e+08
2.313252829932237864e+08
2.312937606891419888e+08
2.312621232902570963e+08
2.312304555546218157e+08
2.311987197399579883e+08
2.311668858102919757e+08
2.311349861743389070e+08
2.311030353760434389e+08
2.310710000396626294e+08
2.310388804876292348e+08
2.310067138504579961e+08
2.309744674447307587e+08
2.309421436288457215e+08
2.309097538007732630e+08
2.308773016111669242e+08
2.308447690618517995e+08
2.308121662512108386e+08
2.307795025754878819e+08
2.307467639354123473e+08
2.307139517545709014e+08
2.306810764787930250e+08
2.306481324698410928e+08
2.306151123788760006e+08
2.305820292603226602e+08
2.305488771635347605e+08
2.305156539775968194e+08
2.304823621255006492e+08
2.304490054095990062e+08
2.304155775788535476e+08
2.303820813502749801e+08
2.303485194239099622e+08
2.303148888634939492e+08
2.302811895148996711e+08
2.302474240194329917e+08
2.302135915891732574e+08
2.301796904907541275e+08
2.301457232338896096e+08
2.301116896103296876e+08
2.300775884261140525e+08
2.300434205863797963e+08
2.300091872830705941e+08
2.299748868261671364e+08
2.299405202887487710e+08
2.299060881052039266e+08
2.298715899798780680e+08
2.298370257190887630e+08
2.298023962732526362e+08
2.297677014138756692e+08
2.297329408653899431e+08
2.296981153942206800e+08
2.296632249988010526e+08
2.296282694185077250e+08
2.295932491940401793e+08
2.295581644573538303e+08
2.295230150886849463e+08
2.294878013160452545e+08
2.294525235109443069e+08
2.294171814754939079e+08
2.293817754506613910e+08
2.293463057279416621e+08
2.293107722395026982e+08
2.292751751511335075e+08
2.292395147040784657e+08
2.292037909442558289e+08
2.291680039600284994e+08
2.291321539798353612e+08
2.290962411089146435e+08
2.290602653828840554e+08
2.290242270561338067e+08
2.289881261975586712e+08
2.289519629085905552e+08
2.289157373583703935e+08
2.288794496742139161e+08
2.288430999412084222e+08
2.288066883125792146e+08
2.287702149275005460e+08
2.287336798715725541e+08
2.286970832874373794e+08
2.286604253168772161e+08
2.286237060457704067e+08
2.285869256177926064e+08
