3.125566913402794600e+08
6.881203149868190918e+11
1.886246525112942810e+11
3.970263918948357544e+11
3.550579932585839233e+11
2.222597705500168152e+11
1.437564794992784729e+11
1.438767513796585388e+11
1.774897803791575012e+11
1.713109537550838928e+11
1.187222387190357513e+11
8.459839367046759033e+10
9.136779046663313293e+10
9.542709419380453491e+10
7.632020556098818970e+10
6.162947637721958160e+10
6.644156451349608612e+10
6.823386358416258240e+10
5.085842752426670837e+10
3.354206265615560150e+10
3.494601645466838074e+10
4.381715297362191010e+10
4.256842364662988281e+10
3.279396007235586929e+10
2.463839905391701126e+10
2.055163976495725632e+10
1.993493622194502640e+10
2.346810989132353210e+10
2.609803322953025055e+10
2.019854808102806473e+10
9.981202648800832748e+09
8.001693816627737999e+09
1.496218853161559868e+10
1.820716853135058594e+10
1.224003881385397911e+10
5.704981609825374603e+09
5.803904912214032173e+09
9.028823083531114578e+09
9.663475330451162338e+09
7.460003308371814728e+09
4.989471070655807495e+09
3.968117032142204762e+09
4.666059783888502121e+09
5.576828746769001007e+09
4.909192378007988930e+09
3.317741891567870617e+09
2.712555193383646011e+09
3.061241314898662090e+09
3.140553544422707558e+09
2.843013999146822453e+09
2.514553423967649460e+09
2.037574023937260151e+09
1.689713172406761408e+09
1.865903380123683453e+09
2.033404616743398905e+09
1.671320542159599304e+09
1.249017936563458443e+09
1.195408006816658735e+09
1.262203408966236353e+09
1.250789060321712971e+09
1.164745992909153461e+09
9.425826311558407545e+08
7.474880761128731966e+08
8.334246872003490925e+08
9.788129953687975407e+08
8.317621941134949923e+08
5.715403228250342607e+08
5.642044878423973322e+08
7.232082172507050037e+08
7.134276812038389444e+08
5.269065892817961574e+08
4.450781761739476919e+08
5.330310999359947443e+08
5.728113025898336172e+08
4.841138369017938375e+08
4.123935450515156984e+08
4.259589011351769567e+08
4.510537133122432232e+08
4.352493389975132942e+08
3.949214360471509099e+08
3.717799718945769668e+08
3.798697981216989756e+08
3.859177332991840243e+08
3.698139642309018373e+08
3.506493617813405991e+08
3.425988940209024549e+08
3.449370293563829064e+08
3.480292668675171733e+08
3.376019027352473140e+08
3.219973166607757211e+08
3.209073186523795724e+08
3.285906150116841793e+08
3.258032670378482342e+08
3.116561551921427846e+08
3.059330361211060286e+08
3.151214452216687799e+08
3.160313114689184427e+08
3.028547175623465776e+08
2.996642131369934082e+08
3.067174945809415579e+08
3.053585530752367377e+08
2.988482520896436572e+08
2.972274588830138445e+08
2.988920245129007697e+08
2.993036711753941178e+08
2.965987969697685242e+08
2.942086072822467685e+08
2.948574198585236073e+08
2.953928736903342009e+08
2.942022835503495336e+08
2.925786881853188872e+08
2.920403465616628528e+08
2.929288454893072248e+08
2.925433963642123342e+08
2.908589648161212206e+08
2.907181126837471724e+08
2.912458469601293206e+08
2.909092831171644926e+08
2.901270581989920735e+08
2.896058299072356820e+08
2.900192564400804043e+08
2.901341038405036330e+08
2.891959842051237822e+08
2.889626884305456281e+08
2.894307868934424520e+08
2.892153722341920137e+08
2.886783283013809919e+08
2.886177801999408603e+08
2.888056977832313776e+08
2.886420494406020641e+08
2.883227833195011616e+08
2.882971861063274145e+08
2.883366775080476403e+08
2.882426751124618053e+08
2.880663938709203601e+08
2.879691692441868186e+08
2.880297701190887094e+08
2.879566665247278810e+08
2.877846989085835814e+08
2.877651629340071082e+08
2.877703888120054603e+08
2.876942944664819837e+08
2.875965069129438996e+08
2.875557701601756215e+08
2.875551328576555848e+08
2.874927718694382906e+08
2.874071008153702021e+08
2.873773548586176634e+08
2.873716254611542225e+08
2.873078636648764610e+08
2.872296198881950974e+08
2.872259524589566588e+08
2.871991378079642057e+08
2.871230099172009826e+08
2.870901601675751209e+08
2.870684620176500678e+08
2.870241636812834740e+08
2.869758026958307028e+08
2.869394031928554773e+08
2.869124451848601103e+08
2.868691848782737255e+08
2.868255629813591242e+08
2.867936445188210607e+08
2.867586199038233161e+08
2.867198053917325735e+08
2.866791101615927815e+08
2.866445614113012552e+08
2.866117280537944436e+08
2.865706742395019531e+08
2.865317702222593427e+08
2.864994470143736005e+08
2.864633469702687860e+08
2.864218149956595302e+08
2.863865343896572590e+08
2.863534178368993402e+08
2.863129495549302101e+08
2.862753436378006339e+08
2.862411610271839499e+08
2.862031833966884017e+08
2.861651939342708588e+08
2.861284881388550997e+08
2.860918983013245463e+08
2.860544394436705112e+08
2.860163553565177321e+08
2.859794652509989738e+08
2.859423623481550813e+08
2.859042849484568834e+08
2.858664283927331567e+08
2.858291637731761336e+08
2.857914168614041805e+08
2.857530231695020199e+08
2.857151537126376033e+08
2.856774567551491261e+08
2.856390261584205627e+08
2.856004905921095014e+08
2.855625560579344034e+08
2.855240896804198027e+08
2.854852318037248850e+08
2.854468118489166498e+08
2.854081716169670820e+08
2.853692375787985921e+08
2.853302650053653121e+08
2.852913989431769848e+08
2.852523109584597349e+08
2.852129821857792139e+08
2.851737878170157075e+08
2.851344506908729672e+08
2.850949161929562688e+08
2.850553384045545459e+08
2.850157314227808118e+08
2.849759761493889093e+08
2.849360839440739155e+08
2.848961627298723459e+08
2.848561631653986573e+08
2.848160005773342848e+08
2.847757622160807848e+08
2.847354929638919234e+08
2.846950666597711444e+08
2.846545424248166680e+08
2.846139719257565141e+08
2.845732911860629916e+08
2.845324884217547178e+08
2.844916227953040600e+08
2.844506727659208179e+08
2.844096020280143023e+08
2.843684498142912984e+08
2.843272209068336487e+08
2.842858850702317953e+08
2.842444544094414115e+08
2.842029456483085752e+08
2.841613404126217365e+08
2.841196411654563546e+08
2.840778504108644128e+08
2.840359788504276276e+08
2.839940084390828609e+08
2.839519454942845106e+08
2.839098025839279294e+08
2.838675644429483414e+08
2.838252331019924879e+08
2.837828187889567018e+08
2.837403148617554307e+08
2.836977166717026234e+08
2.836550345112996101e+08
2.836122638622048497e+08
2.835694026211504936e+08
2.835264532688828707e+08
2.834834189490368366e+08
2.834402941998069882e+08
2.833970819572566748e+08
2.833537839487926364e+08
2.833103981571040750e+08
2.832669244541133642e+08
2.832233649778733850e+08
2.831797193518999219e+08
2.831359859729171395e+08
2.830921672595750690e+08
2.830482627931751609e+08
2.830042719695885181e+08
2.829601953960943818e+08
2.829160341299080253e+08
2.828717870545016527e+08
2.828274548154982328e+08
2.827830380607711673e+08
2.827385366069195867e+08
2.826939501671840549e+08
2.826492798550807834e+08
2.826045253650551438e+08
2.825596865746412277e+08
2.825147642564796209e+08
2.824697583668898344e+08
2.824246688375203609e+08
2.823794961384350061e+08
2.823342404655945897e+08
2.822889017583346963e+08
2.822434803066710234e+08
2.821979764423178434e+08
2.821523900914011002e+08
2.821067215157684088e+08
2.820609709923197627e+08
2.820151385747309923e+08
2.819692244131020308e+08
2.819232288043855429e+08
2.818771518374134302e+08
2.818309936367486715e+08
2.817847544742188454e+08
2.817384344785900116e+08
2.816920337506657839e+08
2.816455525612317920e+08
2.815989910239500999e+08
2.815523492857476473e+08
2.815056275484030247e+08
2.814588259720239639e+08
2.814119446921211481e+08
2.813649838930097818e+08
2.813179437457657456e+08
2.812708243872246146e+08
2.812236259880345464e+08
2.811763487251586914e+08
2.811289927336131930e+08
2.810815581803119779e+08
