1.040692949835798005e+06
8.120638562082003336e+05
6.256432279058693675e+05
4.820054731636265060e+05
3.804971346156229265e+05
3.186203968181444798e+05
2.914023427481266554e+05
2.911025455441006343e+05
3.077710655319183134e+05
3.308832704641396413e+05
3.514729008884096984e+05
3.636699544543955126e+05
3.650331261285959044e+05
3.559277327392632724e+05
3.385389768552016467e+05
3.159381723383443896e+05
2.913586377026835107e+05
2.676896374989041942e+05
2.471514762872912106e+05
2.311177990530242678e+05
2.200659581619706005e+05
2.136456623819623783e+05
2.108536816678060859e+05
2.102888478790360678e+05
2.104440528305899061e+05
2.099809789331313223e+05
2.079371388068443630e+05
2.038336538911004318e+05
1.976782568599355291e+05
1.898809991314581421e+05
1.811136106113920687e+05
1.721467979331029928e+05
1.636961409383407445e+05
1.563002907264693058e+05
1.502470588655944448e+05
1.455543314150608494e+05
1.420035945568651077e+05
1.392148098908437241e+05
1.367440147494646662e+05
1.341814312741659232e+05
1.312294568478231668e+05
1.277463966038596554e+05
1.237511419210235617e+05
1.193933289683686744e+05
1.149003959028887766e+05
1.105161776517199469e+05
1.064452506746834697e+05
1.028139730906444747e+05
9.965417818655664450e+04
9.690993398404039908e+04
9.446277959056690452e+04
9.216734527692994743e+04
8.988790726579999318e+04
8.752737812799199310e+04
8.504307127792449319e+04
8.244742174356061150e+04
7.979563437334221089e+04
7.716504975196917076e+04
7.463232470143541286e+04
7.225421774270027527e+04
7.005613251048992970e+04
6.803014537901514268e+04
6.614168645033151552e+04
6.434198702909320855e+04
6.258231547664703976e+04
6.082608242813566176e+04
5.905597172363549907e+04
5.727494527636467683e+04
5.550174906276227557e+04
5.376292157316112571e+04
5.208395755675324472e+04
5.048213008913000522e+04
4.896267067954071535e+04
4.751885334019725269e+04
4.613538227458849724e+04
4.479365604863259068e+04
4.347716127523082832e+04
4.217546082056756131e+04
4.088585765374264884e+04
3.961260845308126591e+04
3.836428102476608183e+04
3.715029905273024633e+04
3.597780253884612466e+04
3.484969606826119707e+04
3.376427971910864289e+04
3.271632898527566067e+04
3.169907474136849851e+04
3.070634233908121678e+04
2.973416939483898386e+04
2.878148269390577843e+04
2.784976836900198759e+04
2.694199340674552877e+04
2.606123326660427119e+04
2.520948558288406639e+04
2.438701936414471129e+04
2.359238596362326280e+04
2.282298661633574375e+04
2.207592717169218668e+04
2.134883758177136770e+04
2.064039353475133612e+04
