2.736283504603268623e+09
2.736283451932230949e+09
2.736283473427290916e+09
2.736283474179693222e+09
2.736283488353960514e+09
2.736283490478884220e+09
2.736283487726522446e+09
2.736283507275403976e+09
3.625960235255641460e+09
3.625960180869307518e+09
3.625960160813914299e+09
3.625960208951364040e+09
3.625960209613112926e+09
3.625960215855083466e+09
3.625960225191535950e+09
3.625960233954353809e+09
7.093722751493381336e+06
7.093722184850522317e+06
7.093722318446565419e+06
7.093722428424072452e+06
7.093722235793958418e+06
7.093722342650765553e+06
7.093721998677386902e+06
7.093722992642410100e+06
6.094276277397984639e+06
6.094276945096737705e+06
6.094277024624664336e+06
6.094276536855785176e+06
6.094276230198715813e+06
6.094276243466822430e+06
6.094275811070315540e+06
6.094276446404148825e+06
5.522601250860222615e+06
5.522601779834267683e+06
5.522601854802765884e+06
5.522601449419971555e+06
5.522601205113062635e+06
5.522601214255385101e+06
5.522600809643195942e+06
5.522601391876691021e+06
3.465174265004239045e+06
3.465174209271766711e+06
3.465174237996318378e+06
3.465174222093634307e+06
3.465174389338784385e+06
3.465174335558455903e+06
3.465174122133204248e+06
3.465174149690279737e+06
3.243359627815508284e+06
3.243359555716572795e+06
3.243359577835532837e+06
3.243359580172853544e+06
3.243359728723385837e+06
3.243359681621376425e+06
3.243359499791923445e+06
3.243359498678970616e+06
2.556232942605383229e+06
2.556232805967570748e+06
2.556232801382832229e+06
2.556232875983955339e+06
2.556232950791281648e+06
2.556232930747549981e+06
2.556232869551964104e+06
2.556232759498224128e+06
1.230971902126022382e+06
1.230971829173700418e+06
1.230971778038760182e+06
1.230971883540647570e+06
1.230971787718399661e+06
1.230971813266552286e+06
1.230971876776296645e+06
1.230971736884282203e+06
2.348838235609588446e+05
2.348834390911078954e+05
2.348834236445038405e+05
2.348836601598060224e+05
2.348836434711145412e+05
2.348836911062679137e+05
2.348837152455901960e+05
2.348838699684767344e+05
7.244755270255089272e+04
7.244751320665262756e+04
7.244747791864888859e+04
7.244755174129563966e+04
7.244753213735492318e+04
7.244753782470386068e+04
7.244752898071442905e+04
7.244756101753514668e+04
6.312985886882367049e+04
6.312986314579083410e+04
6.312982698623196484e+04
6.312987786381724436e+04
6.312986038912530785e+04
6.312986056163947069e+04
6.312987518566976360e+04
6.312987473353400128e+04
5.821789455278219975e+04
5.821792157159356429e+04
5.821788515080259822e+04
5.821792354550134769e+04
5.821790731348423287e+04
5.821790440459257661e+04
5.821790257975624263e+04
5.821790291078873270e+04
4.625362727941368939e+04
4.625368769859430904e+04
4.625365558936041634e+04
4.625366857362793235e+04
4.625365607236047799e+04
4.625364874527923530e+04
4.625362013416266564e+04
4.625361942690768046e+04
3.277468378842762468e+04
3.277466856760931114e+04
3.277465869845434645e+04
3.277468317688138632e+04
3.277467831609416316e+04
3.277468006835014967e+04
3.277470342243430787e+04
3.277469835912673443e+04
2.590191054448037539e+04
2.590190669888583943e+04
2.590190742167349526e+04
2.590190991700524683e+04
2.590191002149938504e+04
2.590191033104601956e+04
2.590192050851649401e+04
2.590191161916990677e+04
2.586162628459696134e+04
2.586162747667007352e+04
2.586162804053110085e+04
2.586162772906241662e+04
2.586162589589385243e+04
2.586162628895699527e+04
2.586163521328622301e+04
2.586162624862621669e+04
2.585474044208531996e+04
2.585474060879532044e+04
2.585474141711474658e+04
2.585474137218730903e+04
2.585474038592438228e+04
2.585474064062436810e+04
2.585474926431418135e+04
2.585474022354784393e+04
2.584844674886131543e+04
2.584844652074259284e+04
2.584844740980994902e+04
2.584844748349505608e+04
2.584844680754813453e+04
2.584844701241901203e+04
2.584845553621814179e+04
2.584844646366898451e+04
2.579753761382262019e+04
2.579753515910256465e+04
2.579753646032002143e+04
2.579753724210740620e+04
2.579753822579570260e+04
2.579753817509399596e+04
2.579754624932403021e+04
2.579753697798388021e+04
2.570970117536292673e+04
2.570969621938175260e+04
2.570969790728435692e+04
2.570969954321688783e+04
2.570970226378663938e+04
2.570970196241301528e+04
2.570970972304058523e+04
2.570970019496699024e+04
2.551337475246272516e+04
2.551336582946057024e+04
2.551336792453620001e+04
2.551337107903220749e+04
2.551337612881452515e+04
2.551337555895276819e+04
2.551338343974958116e+04
2.551337344244304404e+04
2.525320485518681380e+04
2.525319379097124329e+04
2.525319591054788179e+04
2.525319988416506749e+04
2.525320617168537865e+04
2.525320546765831750e+04
2.525321421139880476e+04
2.525320398993098934e+04
2.521257469663714073e+04
2.521255559166523744e+04
2.521255650436749784e+04
2.521256623396321811e+04
2.521257023291359292e+04
2.521257106180723349e+04
2.521258447908133166e+04
2.521257193764561089e+04
2.484035458181324066e+04
2.484035144971598857e+04
2.484035201391556984e+04
2.484035298597545989e+04
2.484035515753198342e+04
2.484035474705099477e+04
2.484036483651935487e+04
2.484035509036211079e+04
2.481354792474353599e+04
2.481354833458590656e+04
2.481354851052635786e+04
2.481354808380046234e+04
2.481354836357427484e+04
2.481354811068128038e+04
2.481355751814831456e+04
2.481354781158082551e+04
2.481198686977420948e+04
2.481198683474703648e+04
2.481198686372501834e+04
2.481198687276101919e+04
2.481198694843473277e+04
2.481198679426269155e+04
2.481199660388548727e+04
2.481198682809040110e+04
2.481193388650973066e+04
2.481193381931822660e+04
2.481193385129404123e+04
2.481193387476041244e+04
2.481193390209120116e+04
2.481193376815087686e+04
2.481194368732542353e+04
2.481193392748319457e+04
2.481181873341095707e+04
2.481181883664245834e+04
2.481181881582573624e+04
2.481181881030220029e+04
2.481181880907411323e+04
2.481181865893365102e+04
2.481182850855981815e+04
2.481181876385494616e+04
2.481163832118889695e+04
2.481163845327017407e+04
2.481163842628661223e+04
2.481163841375313496e+04
2.481163842080170798e+04
2.481163826472924484e+04
2.481164808073372842e+04
2.481163833904267085e+04
2.481099902202610610e+04
2.481099926941693047e+04
2.481099921777416967e+04
2.481099917724314946e+04
2.481099921739516503e+04
2.481099903759168228e+04
2.481100871917523546e+04
2.481099898952978765e+04
2.480762713994797741e+04
2.480762772265115927e+04
2.480762753843354221e+04
2.480762751221413055e+04
2.480762764938545661e+04
2.480762740925622711e+04
2.480763663353267111e+04
2.480762697605154244e+04
2.480498672454540429e+04
2.480498730638967027e+04
2.480498707290297898e+04
2.480498712271590921e+04
2.480498726865208300e+04
2.480498704533218552e+04
2.480499617704725824e+04
2.480498655329288886e+04
2.480307642905167086e+04
2.480307697197268499e+04
2.480307700648168975e+04
2.480307662448057090e+04
2.480307696266368293e+04
2.480307680983840692e+04
2.480308561710865615e+04
2.480307586520183031e+04
2.479815854689286425e+04
2.479815893101047186e+04
2.479815887481980462e+04
2.479815874517590419e+04
2.479815879483848403e+04
2.479815873160966294e+04
2.479816809755222130e+04
2.479815847661100270e+04
2.479787747315393062e+04
2.479787754660806604e+04
2.479787752407975131e+04
2.479787751771682815e+04
2.479787753830616566e+04
2.479787751932661195e+04
2.479788711465191227e+04
2.479787745062514296e+04
2.479784722839925598e+04
2.479784722732725641e+04
2.479784722594425330e+04
2.479784722878891989e+04
2.479784722913109727e+04
2.479784722863989009e+04
2.479785690234854337e+04
2.479784722712489020e+04
2.479784702076721442e+04
2.479784702185175047e+04
2.479784702156885760e+04
2.479784702139051296e+04
2.479784702050907435e+04
2.479784702061505959e+04
2.479785669535860870e+04
2.479784702039882177e+04
2.479784739475102469e+04
2.479784737415780182e+04
2.479784737417210636e+04
2.479784738535385623e+04
2.479784739018408072e+04
2.479784739120511585e+04
2.479785707198991076e+04
2.479784739515030742e+04
2.479784701569966637e+04
2.479784701505208795e+04
2.479784701479318392e+04
2.479784701552248589e+04
2.479784701509782099e+04
2.479784701527692596e+04
2.479785669050361685e+04
2.479784701539342495e+04
