3.477579140663146973e+01
6.958982753753662109e+01
1.043991000652313232e+02
1.392225193977355957e+02
1.739871184825897217e+02
2.088024950027465820e+02
2.434734020233154297e+02
2.783160755634307861e+02
3.159708249568939209e+02
3.536258504390716553e+02
3.912450582981109619e+02
4.288945922851562500e+02
4.665779280662536621e+02
5.042675034999847412e+02
5.419782221317291260e+02
5.797053611278533936e+02
6.169929330348968506e+02
6.542560193538665771e+02
6.914369089603424072e+02
7.287099726200103760e+02
7.659194874763488770e+02
8.031850104331970215e+02
8.404210336208343506e+02
8.776539576053619385e+02
9.150168411731719971e+02
9.523787641525268555e+02
9.897316057682037354e+02
1.027112988710403442e+03
1.064510701417922974e+03
1.101916305303573608e+03
1.139242437124252319e+03
1.176574353456497192e+03
1.213878169059753418e+03
1.251167120933532715e+03
1.288448573827743530e+03
1.325767985582351685e+03
1.362951924085617065e+03
1.400105827331542969e+03
1.437269921302795410e+03
1.474439792156219482e+03
1.511781731128692627e+03
1.549081692218780518e+03
1.586533652305603027e+03
1.623895018100738525e+03
1.661187648534774780e+03
1.698591769218444824e+03
1.735939584255218506e+03
1.773186647176742554e+03
1.810615213394165039e+03
1.847964784622192383e+03
1.885332061290740967e+03
1.922674319744110107e+03
1.960004360437393188e+03
1.997416230440139771e+03
2.034757195472717285e+03
2.072042554855346680e+03
2.109313285350799561e+03
2.146603025436401367e+03
2.183887073993682861e+03
2.221099442005157471e+03
2.258288594722747803e+03
2.295518911600112915e+03
2.332712938785552979e+03
2.369916481256484985e+03
2.407276886224746704e+03
2.444812105178833008e+03
2.482210659265518188e+03
2.519650414228439331e+03
2.557051493167877197e+03
2.594507503271102905e+03
2.631943295240402222e+03
2.669281427621841431e+03
2.706596551656723022e+03
2.743933935403823853e+03
2.781210775852203369e+03
2.818563106060028076e+03
2.855853828191757202e+03
2.893165253639221191e+03
2.930426137447357178e+03
2.967752801418304443e+03
3.005147288560867310e+03
3.042463079929351807e+03
3.079772776365280151e+03
3.117190870761871338e+03
3.154517107009887695e+03
3.191907454013824463e+03
3.229210284709930420e+03
3.266514120340347290e+03
3.303850076436996460e+03
3.341208198547363281e+03
3.378628530025482178e+03
3.416085086107254028e+03
3.453467056512832642e+03
3.490749454021453857e+03
3.528099513769149780e+03
3.565323257446289062e+03
3.602637722492218018e+03
3.639990298986434937e+03
3.677397299766540527e+03
3.714851023912429810e+03
3.752244361162185669e+03
3.789705373287200928e+03
3.827173676013946533e+03
3.864588261127471924e+03
3.902112960100173950e+03
3.939798783540725708e+03
3.977283723115921021e+03
4.014829908609390259e+03
4.052290539741516113e+03
4.089807954549789429e+03
4.127423756599426270e+03
4.164874822378158569e+03
4.202415457010269165e+03
4.240000685930252075e+03
4.277502317428588867e+03
4.315092288255691528e+03
4.352639708518981934e+03
4.390082051992416382e+03
4.427577192783355713e+03
4.465112743854522705e+03
4.502759975433349609e+03
4.540234225988388062e+03
4.577655076742172241e+03
4.615121791839599609e+03
4.652635437726974487e+03
4.690130721330642700e+03
4.727569908380508423e+03
4.765052828311920166e+03
4.802545924901962280e+03
4.839988583564758301e+03
4.877466448545455933e+03
4.915014206886291504e+03
4.952436578273773193e+03
4.989875996828079224e+03
5.027240891695022583e+03
5.064757986783981323e+03
5.102270474433898926e+03
5.139758016109466553e+03
5.177174785375595093e+03
5.214684677124023438e+03
5.252240377426147461e+03
5.289716885805130005e+03
5.327145648241043091e+03
5.364619929075241089e+03
5.402111582279205322e+03
5.439610528230667114e+03
5.477124587774276733e+03
5.514575210809707642e+03
5.552050856590270996e+03
5.589501077651977539e+03
5.626986146926879883e+03
5.664417568206787109e+03
5.701939476490020752e+03
5.739446268796920776e+03
5.776901347160339355e+03
5.814394165754318237e+03
5.851854933500289917e+03
5.889267751216888428e+03
5.926740704059600830e+03
5.964223447322845459e+03
6.001727651119232178e+03
6.039202956914901733e+03
6.076652816534042358e+03
6.114137531280517578e+03
6.151618283748626709e+03
6.189187823772430420e+03
6.226608170270919800e+03
6.264061790227890015e+03
6.301604415893554688e+03
6.339057942867279053e+03
6.376621548891067505e+03
6.414107076883316040e+03
6.451632448196411133e+03
6.489132272481918335e+03
6.526632467269897461e+03
6.564110659122467041e+03
6.601594432115554810e+03
6.639110939979553223e+03
6.676608727931976318e+03
6.714142950773239136e+03
6.751768667697906494e+03
6.789277074575424194e+03
6.826821436405181885e+03
6.864323855638504028e+03
6.901855696439743042e+03
6.939397564411163330e+03
6.976958273410797119e+03
7.014451791048049927e+03
7.051950051069259644e+03
7.089459226846694946e+03
7.127009393215179443e+03
7.164518117904663086e+03
7.202159858703613281e+03
7.239665256023406982e+03
7.277164089679718018e+03
7.314679026842117310e+03
7.352223785161972046e+03
7.389703449964523315e+03
7.427229098081588745e+03
7.464757460355758667e+03
7.502270533800125122e+03
7.539754465579986572e+03
7.577260771989822388e+03
7.614732188224792480e+03
7.652279193401336670e+03
7.689819192409515381e+03
7.727240173816680908e+03
7.764781507492065430e+03
7.802419509410858154e+03
7.839991373538970947e+03
7.877507833003997803e+03
7.915004572629928589e+03
7.952506261348724365e+03
7.990135487079620361e+03
8.027599875211715698e+03
8.065046429157257080e+03
8.102590685129165649e+03
8.140150928020477295e+03
8.177746122837066650e+03
8.215236748695373535e+03
8.252742775678634644e+03
8.290306915044784546e+03
8.327808709383010864e+03
8.365442257165908813e+03
8.402996676921844482e+03
8.440458277702331543e+03
8.477954323768615723e+03
8.515454520463943481e+03
8.553145622014999390e+03
8.590656209468841553e+03
8.628152155399322510e+03
8.665669679403305054e+03
8.703192345380783081e+03
8.740753617286682129e+03
8.778280303001403809e+03
8.815819775104522705e+03
8.853386297225952148e+03
8.890900669336318970e+03
8.928365677356719971e+03
8.965893579483032227e+03
9.003430609226226807e+03
9.040955843210220337e+03
9.078481706380844116e+03
9.116024923801422119e+03
9.153584782600402832e+03
9.191080865383148193e+03
9.228631016731262207e+03
9.266155870437622070e+03
9.303648038387298584e+03
9.341159286737442017e+03
9.378696195125579834e+03
9.416310719966888428e+03
9.453878372907638550e+03
9.491439335823059082e+03
9.528996088981628418e+03
9.566506495714187622e+03
9.604129782915115356e+03
9.641732907056808472e+03
9.679379743099212646e+03
9.716900233268737793e+03
9.754426560878753662e+03
9.791986940145492554e+03
9.829530929803848267e+03
9.867065896272659302e+03
9.904559633016586304e+03
9.942055628299713135e+03
9.979601850986480713e+03
1.001710132527351379e+04
1.005466367459297180e+04
1.009240010452270508e+04
1.012996774816513062e+04
1.016751229882240295e+04
1.020503250384330750e+04
1.024256820631027222e+04
1.028009969019889832e+04
1.031770216989517212e+04
1.035522143125534058e+04
1.039271542787551880e+04
1.043026717972755432e+04
1.046776346421241760e+04
1.050532392740249634e+04
1.054287233185768127e+04
1.058034795379638672e+04
1.061789408183097839e+04
1.065543704199790955e+04
1.069296443700790405e+04
1.073063215017318726e+04
1.076824492478370667e+04
1.080582782721519470e+04
1.084333452558517456e+04
1.088089119815826416e+04
1.091852935051918030e+04
1.095610980939865112e+04
1.099366635227203369e+04
1.103120063042640686e+04
1.106876250290870667e+04
1.110634691476821899e+04
1.114389553380012512e+04
1.118146439504623413e+04
1.121911727976799011e+04
1.125662742877006531e+04
1.129430402088165283e+04
1.133181294775009155e+04
1.136935956358909607e+04
1.140699215507507324e+04
1.144452953767776489e+04
1.148216512823104858e+04
1.151973757219314575e+04
1.155728273940086365e+04
1.159479922080039978e+04
1.163232895088195801e+04
1.166988448929786682e+04
1.170749668836593628e+04
1.174512778592109680e+04
1.178270923519134521e+04
1.182026072573661804e+04
1.185784025573730469e+04
1.189542138314247131e+04
1.193300200629234314e+04
1.197054336977005005e+04
