2.736283504603257656e+09
2.626582833976806641e+09
2.517955535018309593e+09
2.410528370024940968e+09
2.304421213583264351e+09
2.199761897679894447e+09
2.096679476019020081e+09
1.995295989112699032e+09
1.895736415048455238e+09
1.798123412496672630e+09
1.702570969605569601e+09
1.610035464146589756e+09
1.519789602126176119e+09
1.431800866212124825e+09
1.346160359847989798e+09
1.262954154489640713e+09
1.182268921705272198e+09
1.104191530950963974e+09
1.028802680993480921e+09
9.561742081206839085e+08
8.863690191878569126e+08
8.194395047408813238e+08
7.554271567493636608e+08
6.943642599009009600e+08
6.362746403409647942e+08
5.811732983011806011e+08
5.290656238873340487e+08
4.799469319967597723e+08
4.338017525485239029e+08
3.906028811967073679e+08
3.503118765021892786e+08
3.128784154465675354e+08
2.782408781960608959e+08
2.463261731092862487e+08
2.170503330566961765e+08
1.903193198915426731e+08
1.660304114901999831e+08
1.440734469842299223e+08
1.243320927395657897e+08
1.066850139792734087e+08
9.100698974631890655e+07
7.717004307783943415e+07
6.504459360072714835e+07
5.450064365664859116e+07
4.540886063986467570e+07
3.764175118519431353e+07
3.107459906567364186e+07
2.558640016349973157e+07
2.106068553084162623e+07
1.738624839782246202e+07
1.445776579563731328e+07
1.217630501034965366e+07
1.044971622202420421e+07
9.192906682495394722e+06
8.328000941860294901e+06
7.784394568749610335e+06
7.498706110683804378e+06
7.414636525988517329e+06
7.482751454216472805e+06
7.660187848330961540e+06
7.910305691615726799e+06
8.202290270285949111e+06
8.510720814536742866e+06
8.815112770618408918e+06
9.099444896811705083e+06
9.351682287061903626e+06
9.563303460249464959e+06
9.728835716735398397e+06
9.845410694175068289e+06
9.912340294252473861e+06
9.930720809638312086e+06
9.903066632283683866e+06
9.832976487330049276e+06
9.724833497608503327e+06
9.583539876931631938e+06
9.414284992461621761e+06
9.222348884056424722e+06
9.012936657344957814e+06
8.791043467462835833e+06
8.561348903276991099e+06
8.328137712764516473e+06
8.095242899360344745e+06
7.866012240396625362e+06
7.643291378490632400e+06
7.429423718666025437e+06
7.226263417479884811e+06
7.035199042916783132e+06
6.857186289218807593e+06
6.692785796152875759e+06
6.542206451261674985e+06
6.405350581412639469e+06
6.281860284773801453e+06
6.171163378801291808e+06
6.072518085056088865e+06
5.985054028749093413e+06
5.907813346257060766e+06
5.839783600529275835e+06
5.779930658125232905e+06
5.727225592841912061e+06
5.680667158656338230e+06
5.639301141291432083e+06
5.602234786320437677e+06
5.568647811769448221e+06
5.537800058147377335e+06
5.509035581616524607e+06
5.481784378668219782e+06
5.455561547021553852e+06
5.429964467703420669e+06
5.404668102434000000e+06
5.379420041219180450e+06
5.354032971408495679e+06
5.328378100918604992e+06
5.302377255042605102e+06
5.275995692692711949e+06
5.249234406708096154e+06
5.222123072363303043e+06
5.194713385618403554e+06
5.167072962393353693e+06
5.139279872303918004e+06
5.111417851640701294e+06
5.083572214870661497e+06
5.055826461805663072e+06
5.028259558910974301e+06
5.000943858007088304e+06
4.973943603749948554e+06
4.947313972581499256e+06
4.921100580087415874e+06
4.895339390600748360e+06
4.870056962135140784e+06
4.845270927994092926e+06
4.820990849795814604e+06
4.797218848772251979e+06
4.773950869874947704e+06
4.751177518391389400e+06
4.728884817680611275e+06
4.707055807796175592e+06
4.685671052770592272e+06
4.664709612197546288e+06
4.644149813336852938e+06
4.623969922044957988e+06
4.604148707479149103e+06
4.584665899760901928e+06
4.565502543357853778e+06
4.546641251850395463e+06
4.528066372003806755e+06
4.509764066704263911e+06
4.491722327383263968e+06
4.473930927108500153e+06
4.456381325622498989e+06
4.439066537333495915e+06
4.421980972673653625e+06
4.405120262407950126e+06
4.388463481138791889e+06
4.371982918549306691e+06
4.355668440734112635e+06
4.339510962650921196e+06
4.323502324117202312e+06
4.307635167352288961e+06
4.291902820528662764e+06
4.276299190639961511e+06
4.260818667939104140e+06
4.245455954875537194e+06
4.230206350871235132e+06
4.215065164549816400e+06
4.200028025249908678e+06
4.185090762232502922e+06
4.170249382846666500e+06
4.155500059271605685e+06
4.140839122216592077e+06
4.126263059964821208e+06
4.111768521218388341e+06
4.097352320324419532e+06
4.083011551790161058e+06
4.068743189203102142e+06
4.054544637841674034e+06
4.040413387716914527e+06
4.026347311418133788e+06
4.012344253122517373e+06
3.998402316998832859e+06
3.984519789620761294e+06
3.970695132752276491e+06
3.956926974112019874e+06
3.943214096417172812e+06
3.929555425054508727e+06
3.915950014751474373e+06
3.902397035626525059e+06
3.888895758987074718e+06
3.875445543219553307e+06
3.862045820081331767e+06
3.848696107970325276e+06
3.835395894381659105e+06
3.822144783146549948e+06
3.808942378814813681e+06
3.795788304467544891e+06
3.782682194347936660e+06
3.769623687766005285e+06
3.756612424232729245e+06
3.743648039750787430e+06
3.730730164166834205e+06
3.717858419474401511e+06
3.705032418945760466e+06
3.692251766966344789e+06
3.679516059444937855e+06
3.666824884676546324e+06
3.654177824541988317e+06
3.641574455937939696e+06
3.629014352342753205e+06
3.616497085436003283e+06
3.604022226703166962e+06
3.591589167148974724e+06
3.579197845324725378e+06
3.566847659745746292e+06
3.554538195197291672e+06
3.542269042567946948e+06
3.530039799621028826e+06
3.517850071597876493e+06
3.505699471663619392e+06
3.493587647765321657e+06
3.481514176415085327e+06
3.469478722600878682e+06
3.457480933041954413e+06
3.445520462819712237e+06
3.433596975234679878e+06
3.421710141626314260e+06
3.409859641169480048e+06
3.398045160659413785e+06
3.386266394294664264e+06
3.374523043465508148e+06
3.362814816553145647e+06
3.351141428743323777e+06
3.339502601856153458e+06
3.327898064192870632e+06
3.316327550398793072e+06
3.304790801341322251e+06
3.293287648644618224e+06
3.281817675538445823e+06
3.270380726048132870e+06
3.258976564935073256e+06
3.247604962719243951e+06
3.236265695599605329e+06
3.224958545374128502e+06
3.213683299358115997e+06
3.202439750299759675e+06
3.191227696292297915e+06
3.180046940682534594e+06
3.168897291975612752e+06
3.157778563736338168e+06
3.146690574487469159e+06
3.135633147605579346e+06
3.124606111215169542e+06
3.113609323418967891e+06
3.102642570659179240e+06
3.091705803344252054e+06
3.080798700772133656e+06
3.069921196776550263e+06
3.059073145738984458e+06
3.048254406055624597e+06
3.037464840040167794e+06
3.026704313829417806e+06
3.015972697291659191e+06
3.005269863937799353e+06
2.994595690835212357e+06
2.983950058524003252e+06
2.973332850935696624e+06
2.962743955313917715e+06
2.952183262137014419e+06
2.941650665042245761e+06
2.931146060751414392e+06
2.920669348997753114e+06
2.910220432453754824e+06
2.899799216659979429e+06
2.889405609954582527e+06
2.879039523403550498e+06
2.868700870731546078e+06
2.858389568253389560e+06
2.848105534806055948e+06
2.837848691681379452e+06
2.827618962559277657e+06
2.817416273441768251e+06
2.807240552587605081e+06
2.797091760882171337e+06
2.786969769764229655e+06
2.776874544581881724e+06
2.766806021984721068e+06
2.756764140565312468e+06
2.746748840799368452e+06
2.736760064986941405e+06
2.726797757194741629e+06
2.716861863199493382e+06
2.706952330432439223e+06
2.697069107924868818e+06
2.687212146254846826e+06
2.677381417339064181e+06
2.667576834850458428e+06
2.657798373692994937e+06
2.648045990120312199e+06
2.638319641681978479e+06
2.628619287176429294e+06
2.618944886604855303e+06
2.609296401126026176e+06
