4.964590620994567871e+01
9.831281018257141113e+01
1.471361794471740723e+02
1.960905532836914062e+02
2.451644484996795654e+02
2.943560397624969482e+02
3.437055926322937012e+02
3.931233453750610352e+02
4.429698967933654785e+02
4.928197853565216064e+02
5.427138209342956543e+02
5.929955487251281738e+02
6.435130038261413574e+02
6.940725400447845459e+02
7.448218772411346436e+02
7.955968084335327148e+02
8.468327689170837402e+02
8.980382778644561768e+02
9.494254293441772461e+02
1.000787809133529663e+03
1.052398397207260132e+03
1.103885071516036987e+03
1.155758803844451904e+03
1.208124988079071045e+03
1.259977861642837524e+03
1.311733659982681274e+03
1.363573142051696777e+03
1.415371819972991943e+03
1.467301570415496826e+03
1.518725577116012573e+03
1.570088181734085083e+03
1.621430965900421143e+03
1.672647801637649536e+03
1.723530746936798096e+03
1.774086052417755127e+03
1.824369033813476562e+03
1.874612815380096436e+03
1.924903310537338257e+03
1.975051061153411865e+03
2.025072767257690430e+03
2.074950938463211060e+03
2.125060705661773682e+03
2.175090102434158325e+03
2.225378984689712524e+03
2.275638759136199951e+03
2.325986480712890625e+03
2.376278436899185181e+03
2.426619013547897339e+03
2.476931866168975830e+03
2.527320150375366211e+03
2.577740966320037842e+03
2.627992134332656860e+03
2.678508482456207275e+03
2.728818962097167969e+03
2.779202789068222046e+03
2.829659026861190796e+03
2.880217562198638916e+03
2.930737431287765503e+03
2.981262530803680420e+03
3.031821754932403564e+03
3.082331139564514160e+03
3.132864043235778809e+03
3.183437061548233032e+03
3.234071423292160034e+03
3.284569467544555664e+03
3.335207627534866333e+03
3.385821543216705322e+03
3.436390817642211914e+03
3.486966168403625488e+03
3.537564020872116089e+03
3.588064197063446045e+03
3.638541868209838867e+03
3.689099942684173584e+03
3.739618637800216675e+03
3.790175192594528198e+03
3.840728451251983643e+03
3.891354396343231201e+03
3.941916977167129517e+03
3.992663033246994019e+03
4.043192334890365601e+03
4.093893537759780884e+03
4.144593127727508545e+03
4.195297015905380249e+03
4.245847267627716064e+03
4.296441302537918091e+03
4.347055090665817261e+03
4.397762876033782959e+03
4.448509473323822021e+03
4.499223946094512939e+03
4.549976407051086426e+03
4.600758657932281494e+03
4.651399270534515381e+03
4.701970401525497437e+03
4.752638928651809692e+03
4.803290357351303101e+03
4.853811305761337280e+03
4.904303942918777466e+03
4.954747445344924927e+03
5.005307797908782959e+03
5.055939774036407471e+03
5.106482567310333252e+03
5.156912487983703613e+03
5.207522054433822632e+03
5.257972570419311523e+03
5.308584141969680786e+03
5.359157131195068359e+03
5.409727122545242310e+03
5.460220540761947632e+03
5.510785804986953735e+03
5.561282202482223511e+03
5.611778175115585327e+03
5.662248077392578125e+03
5.712734766960144043e+03
5.763202256679534912e+03
5.813588708877563477e+03
5.864088280916213989e+03
5.914443196058273315e+03
5.964964834690093994e+03
6.015490838289260864e+03
6.065868005037307739e+03
6.116250333547592163e+03
6.166641916275024414e+03
6.216894032716751099e+03
6.267374753713607788e+03
6.317872506618499756e+03
6.368376822948455811e+03
6.418917749643325806e+03
6.469460860490798950e+03
6.519981631278991699e+03
6.570511607408523560e+03
6.621045032501220703e+03
6.671626507520675659e+03
6.722186058282852173e+03
6.772757192134857178e+03
6.823315174579620361e+03
6.873805511474609375e+03
6.924385161876678467e+03
6.974961939811706543e+03
7.025604049444198608e+03
7.076157004117965698e+03
7.126746441125869751e+03
7.177240889787673950e+03
7.227754209041595459e+03
7.278405771970748901e+03
7.329121311426162720e+03
7.379917815208435059e+03
7.430683273077011108e+03
7.481416428804397583e+03
7.532255898952484131e+03
7.583070245981216431e+03
7.634013489723205566e+03
7.684954469203948975e+03
7.735993601560592651e+03
7.786905093908309937e+03
7.837933036804199219e+03
7.888915864944458008e+03
7.939957815408706665e+03
7.990856425046920776e+03
8.041793850898742676e+03
8.092654159545898438e+03
8.143435501813888550e+03
8.194297937393188477e+03
8.245306248903274536e+03
8.296262931823730469e+03
8.347173159599304199e+03
8.398012901782989502e+03
8.448864790916442871e+03
8.499715502977371216e+03
8.550533466100692749e+03
8.601446138143539429e+03
8.652420089960098267e+03
8.703356054782867432e+03
8.754288999319076538e+03
8.805162033319473267e+03
8.856102447509765625e+03
8.907072055578231812e+03
8.957996308326721191e+03
9.009012315750122070e+03
9.060033157110214233e+03
9.111026781320571899e+03
9.162103696823120117e+03
9.213279642105102539e+03
9.264376525402069092e+03
9.315547217845916748e+03
9.366575858116149902e+03
9.417688493728637695e+03
9.468709060668945312e+03
9.519745404005050659e+03
9.570679069757461548e+03
9.621657991647720337e+03
9.672682224512100220e+03
9.723624993562698364e+03
9.774533326148986816e+03
9.825484635829925537e+03
9.876450080633163452e+03
9.927295785188674927e+03
9.978168645858764648e+03
1.002904186606407166e+04
1.007999989938735962e+04
1.013081789827346802e+04
1.018181603884696960e+04
1.023276068687438965e+04
1.028366232204437256e+04
1.033455276751518250e+04
1.038548992657661438e+04
1.043639784431457520e+04
1.048733942222595215e+04
1.053833590745925903e+04
1.058930004072189331e+04
1.064021730184555054e+04
1.069124584197998047e+04
1.074213350296020508e+04
1.079310220885276794e+04
1.084403489899635315e+04
1.089503596830368042e+04
1.094598399901390076e+04
1.099697980093955994e+04
1.104778097987174988e+04
1.109864222836494446e+04
1.114951794004440308e+04
1.120040537571907043e+04
1.125133748507499695e+04
1.130217770648002625e+04
1.135305878829956055e+04
1.140394959306716919e+04
1.145493431663513184e+04
1.150591252303123474e+04
1.155694964313507080e+04
1.160789128065109253e+04
1.165894653463363647e+04
1.170999078488349915e+04
1.176107026934623718e+04
1.181212314558029175e+04
1.186317385792732239e+04
1.191418649005889893e+04
1.196522383260726929e+04
1.201620122718811035e+04
1.206738006186485291e+04
1.212389808535575867e+04
1.217630365347862244e+04
1.222758306074142456e+04
1.227933290839195251e+04
1.233056358814239502e+04
1.238184590673446655e+04
1.243308466982841492e+04
1.248916455149650574e+04
1.254049158740043640e+04
1.259196710014343262e+04
1.264307978439331055e+04
1.269485704207420349e+04
1.274586769008636475e+04
1.279684654545783997e+04
1.284786415934562683e+04
1.289928272652626038e+04
1.295050550532341003e+04
1.300189006018638611e+04
1.305325375843048096e+04
1.310449854874610901e+04
1.315571625256538391e+04
1.320708044457435608e+04
1.325958417558670044e+04
1.331077114439010620e+04
1.336209821438789368e+04
1.341350822734832764e+04
1.346483320641517639e+04
1.351603488373756409e+04
1.356730031037330627e+04
1.361852852320671082e+04
1.366952464151382446e+04
1.372905914592742920e+04
1.378269605493545532e+04
1.383843792963027954e+04
1.388979102182388306e+04
1.394104968476295471e+04
1.399242637968063354e+04
1.404413182520866394e+04
1.409630134582519531e+04
1.414902117633819580e+04
1.420273768591880798e+04
1.425432497692108154e+04
1.430574423217773438e+04
1.435721968173980713e+04
1.441264337015151978e+04
1.446403159356117249e+04
1.451534880375862122e+04
1.456659081172943115e+04
1.461797361183166504e+04
1.466925647544860840e+04
1.472077583479881287e+04
1.477590440726280212e+04
1.482718326926231384e+04
1.487841550970077515e+04
1.492958693695068359e+04
1.498095699262619019e+04
1.503216852784156799e+04
1.508337626218795776e+04
1.513475039958953857e+04
1.518569447946548462e+04
1.523803797864913940e+04
1.528894607806205750e+04
