1.018857265472412109e+03
2.039919938802719116e+03
3.060562458515167236e+03
4.080368097782135010e+03
5.099544559955596924e+03
6.113939467906951904e+03
7.128386984825134277e+03
8.144272313117980957e+03
9.163291007041931152e+03
1.018353974580764771e+04
1.120686217832565308e+04
1.222907653784751892e+04
1.325072948312759399e+04
1.427309157204627991e+04
1.529799739360809326e+04
1.633405199909210205e+04
1.737087666654586792e+04
1.839546765804290771e+04
1.941910978341102600e+04
2.043794153046607971e+04
