2.524919820359380722e+09
8.673357676660385914e+04
4.209247246396250557e+04
1.111642490016004886e+05
4.574158725414209039e+04
5.060841571500479040e+04
4.959927136529512063e+04
4.847582310645570396e+04
8.851620734071146580e+04
4.845048565484628489e+04
5.992015537490010320e+04
4.892690229233244463e+04
5.646951237503964512e+04
6.011615446020709351e+04
5.184351875314528297e+04
1.780535861196941987e+05
4.334987373626380577e+04
1.021138706407676364e+05
4.630296885045009549e+04
7.478346412549125671e+04
