2.669340263390827775e+08
2.379175385243052542e+08
2.135595543660514355e+08
1.938833312650054693e+08
1.794088499418212771e+08
1.692175530013662279e+08
1.619772918886068165e+08
1.573536451140783131e+08
1.549143356824505329e+08
1.541441110054972172e+08
1.544841232779511213e+08
1.553892264903351367e+08
1.563861009327952266e+08
1.571152370516228974e+08
1.573096295540268421e+08
1.566502885539372265e+08
1.551861093708331287e+08
1.530801887550024986e+08
1.505580461933193803e+08
1.478639768397892416e+08
1.452263859795214534e+08
1.428323123272037804e+08
1.408109162277591228e+08
1.392257296087481380e+08
1.380754463095606863e+08
1.373027957200052738e+08
1.368101324891682565e+08
1.364793020581476688e+08
1.361925505015093684e+08
1.358509323108365834e+08
1.353872960154988468e+08
1.347722301144296825e+08
1.340128772048605084e+08
1.331458603096360564e+08
1.322264090519146770e+08
1.313160372452733219e+08
1.304709683341700137e+08
1.297330553840862066e+08
1.291243404536829740e+08
1.286457237265525162e+08
1.282795118772728145e+08
1.279949872610084862e+08
1.277556624810194373e+08
1.275266765488865674e+08
1.272809041871442795e+08
1.270027463330298960e+08
1.266891556583060622e+08
1.263480730849971771e+08
1.259949293229675889e+08
1.256481786679675728e+08
1.253248811472104639e+08
1.250372076894702613e+08
1.247904514636512995e+08
1.245827434255566746e+08
1.244063185385393202e+08
1.242498581621769369e+08
1.241012734138884097e+08
1.239502648576360792e+08
1.237901406184820384e+08
1.236185895161288232e+08
1.234373691218440831e+08
1.232511547965245098e+08
1.230659054328730702e+08
1.228871943347088844e+08
1.227188942531122416e+08
1.225624633565901369e+08
1.224169174390962869e+08
1.222793950396588147e+08
1.221461005790272653e+08
1.220133353132916093e+08
1.218783573088621497e+08
1.217398803805006891e+08
1.215981405374202132e+08
1.214545750750147402e+08
1.213112521629500985e+08
1.211702308294026852e+08
1.210330252246265113e+08
1.209002951659483165e+08
1.207718088431196213e+08
1.206466474007096738e+08
1.205235610674370974e+08
1.204013595524868071e+08
1.202792270587859601e+08
1.201568873136888295e+08
1.200345971304015517e+08
1.199129951942027509e+08
1.197928685827726424e+08
1.196749155148449838e+08
1.195595699254421890e+08
1.194469276494459957e+08
1.193367797897279859e+08
1.192287270613382310e+08
1.191223297643530965e+08
1.190172444301066995e+08
1.189133091695491672e+08
1.188105614901916087e+08
1.187091917405382842e+08
1.186094586840323955e+08
1.185115966344930828e+08
1.184157442070935667e+08
1.183219131541734338e+08
1.182300000280945301e+08
1.181398320383427888e+08
1.180512263642010391e+08
1.179640409538340569e+08
1.178782086666940153e+08
1.177937381399533600e+08
1.177106921122277975e+08
1.176291528159444034e+08
1.175491857996726632e+08
1.174708162772058994e+08
1.173940199428411871e+08
1.173187360784972012e+08
1.172448862594913542e+08
1.171723978098335117e+08
1.171012211348107457e+08
1.170313365669685602e+08
1.169627496068974286e+08
1.168954787275108546e+08
1.168295403832567632e+08
1.167649373961101174e+08
1.167016542201345414e+08
1.166396588023086339e+08
1.165789103343529403e+08
1.165193688698105812e+08
1.164610026487711519e+08
1.164037923106774390e+08
1.163477292359033674e+08
1.162928108586753756e+08
1.162390345136897862e+08
1.161863925939356834e+08
1.161348700522005260e+08
1.160844453105366826e+08
1.160350932913773507e+08
1.159867892412242293e+08
1.159395117719096839e+08
1.158932441149042249e+08
1.158479734571218342e+08
1.158036886985146254e+08
1.157603782808320671e+08
1.157180282554078698e+08
1.156766216202478707e+08
1.156361356670545042e+08
1.155965578482198119e+08
1.155578652461879849e+08
1.155200407282114923e+08
1.154830692014757246e+08
1.154469372353859246e+08
1.154116321715889424e+08
1.153771394091806412e+08
1.153434451328063011e+08
1.153105349685015529e+08
1.152783912394772023e+08
1.152469995350495726e+08
1.152163423661126494e+08
1.151864063343733251e+08
1.151571781732857823e+08
1.151286449917528331e+08
1.151007940344984084e+08
1.150736113495896757e+08
1.150470836539196074e+08
1.150211970640524030e+08
1.149959386856412590e+08
1.149712937386411428e+08
1.149472510859899521e+08
1.149238000840878487e+08
1.149009236853035390e+08
1.148786144813038409e+08
1.148568577641505897e+08
1.148356434303289801e+08
1.148149596282621920e+08
1.147947941746298820e+08
1.147751362905458212e+08
1.147559749230912775e+08
1.147372993132553101e+08
1.147190989352149367e+08
1.147013657754154205e+08
1.146840848064754009e+08
1.146672482350606769e+08
1.146508542750018090e+08
1.146348762559071779e+08
1.146193129379125237e+08
1.146041548523143977e+08
1.145893927555427402e+08
1.145750169978199303e+08
1.145610196997541785e+08
1.145473918836540878e+08
1.145341247123858035e+08
1.145212096829157770e+08
1.145086384483231008e+08
1.144964028346008658e+08
1.144844948458957970e+08
1.144729066569829881e+08
1.144616306032783985e+08
1.144506591728067398e+08
1.144399850385409296e+08
1.144296007227383852e+08
1.144194992235767096e+08
1.144096736859253049e+08
1.144001170494163483e+08
1.143908229121169299e+08
1.143817844558061659e+08
1.143729954405442774e+08
1.143644494306797385e+08
1.143561406463291794e+08
1.143480628990843743e+08
1.143402103057520390e+08
1.143325766745392829e+08
1.143251572523323745e+08
1.143179461016023159e+08
1.143109378416073918e+08
1.143041272078264803e+08
1.142975090490004718e+08
1.142910783120182157e+08
1.142848300975263715e+08
1.142787596029813588e+08
1.142728620738707781e+08
1.142671329423316568e+08
1.142615677211516649e+08
1.142561620261732340e+08
1.142509113341691494e+08
1.142458119651905149e+08
1.142408595361759663e+08
1.142360501642113030e+08
1.142313799066027254e+08
1.142268448379577994e+08
1.142224413366608620e+08
1.142181657883374244e+08
1.142140146907711923e+08
1.142099844183767140e+08
1.142060717201061547e+08
1.142022733091972172e+08
1.141985859801022410e+08
1.141950066069219410e+08
1.141915321416007876e+08
1.141881596459512711e+08
1.141848861541278064e+08
1.141817088745732903e+08
1.141786250528477430e+08
1.141756320042290390e+08
1.141727271123710871e+08
1.141699078278855979e+08
1.141671716668472141e+08
1.141645162092811763e+08
1.141619390977053642e+08
1.141594380357701629e+08
1.141570107869893312e+08
1.141546551735156178e+08
1.141523690749070942e+08
1.141501504268528223e+08
1.141479972198624462e+08
1.141459074979523271e+08
1.141438793573674113e+08
1.141419109453613162e+08
1.141400004590339661e+08
1.141381461442059577e+08
1.141363462943058610e+08
1.141345992492572814e+08
1.141329033943680525e+08
1.141312571592356265e+08
1.141296590166831762e+08
1.141281074817325473e+08
1.141266011106093228e+08
1.141251384997675270e+08
1.141237182849227488e+08
1.141223391400892138e+08
1.141209997766245604e+08
1.141196989422908276e+08
1.141184354203396440e+08
1.141172080286247134e+08
1.141160156187389940e+08
1.141148570751711875e+08
1.141137313144768625e+08
1.141126372844625115e+08
1.141115739633849561e+08
1.141105403591684252e+08
1.141095355086421072e+08
1.141085584767971933e+08
1.141076082954780608e+08
1.141066842047687471e+08
1.141057852951640636e+08
1.141049107257955670e+08
1.141040596975619197e+08
1.141032314296455234e+08
1.141024251645927429e+08
1.141016402005613744e+08
1.141008757592194825e+08
1.141001311823889166e+08
1.140994057999674678e+08
1.140986989622328579e+08
1.140980100392861962e+08
1.140973384205092490e+08
1.140966835140356421e+08
1.140960447462343127e+08
1.140954215612053126e+08
1.140948147399328053e+08
1.140942215031327903e+08
1.140936421812373102e+08
1.140930761655928493e+08
1.140925231389795244e+08
