8.804687459242429733e+08
8.014154466643981934e+08
7.298949566679201126e+08
6.632653580559372902e+08
6.016539303409049511e+08
5.451549828789155483e+08
4.938176347019388676e+08
4.476366987016562819e+08
4.065484444222859144e+08
3.704313702062993050e+08
3.391080926807802916e+08
3.123475068226211071e+08
2.898678779148534536e+08
2.713403784900724888e+08
2.563939191742243171e+08
2.446213254536587000e+08
2.355882976901808083e+08
2.288453663317387700e+08
2.239421335443412066e+08
2.204424633884033263e+08
2.179389397759993076e+08
2.160653901455459297e+08
2.145062631398352385e+08
2.130024984833968878e+08
2.113538246751003861e+08
2.094178638474955261e+08
2.071063697406780720e+08
2.043798006341755986e+08
2.012401651512477100e+08
1.977232367775281072e+08
1.938904417861404419e+08
1.898208614641807675e+08
1.856036882497707605e+08
1.813313851299308538e+08
1.770937464030745625e+08
1.729729913627275527e+08
1.690399681246958375e+08
1.653514983899008334e+08
1.619488446528461277e+08
1.588572403063195348e+08
1.560863822618830800e+08
1.536317481003828943e+08
1.514765741422066092e+08
1.495943128420361876e+08
1.479513683387816250e+08
1.465099072230325341e+08
1.452305933002992272e+08
1.440750404221920073e+08
1.430078902010027170e+08
1.419984155322922468e+08
1.410215986930672526e+08
1.400586913798505366e+08
1.390972706485285163e+08
1.381308684875145257e+08
1.371582511913004518e+08
1.361824492709903419e+08
1.352096533443244100e+08
1.342480132863680124e+08
1.333065740982032716e+08
1.323942486567849815e+08
1.315189893667764515e+08
1.306871766324663758e+08
1.299032272879073024e+08
1.291694222671845704e+08
1.284859372459114194e+08
1.278510430785715729e+08
1.272614340446934402e+08
1.267126402474696934e+08
1.261994779519684613e+08
1.257164952383682579e+08
1.252583772674816847e+08
1.248202877134048939e+08
1.243981173887167573e+08
1.239886436626864672e+08
1.235895931637163013e+08
1.231996201323873550e+08
1.228182125409656614e+08
1.224455459476797283e+08
1.220823042267874926e+08
1.217294882251559496e+08
1.213882298744296432e+08
1.210596270404266715e+08
1.207446103585610241e+08
1.204438483928421438e+08
1.201576931440809071e+08
1.198861645520704091e+08
1.196289695555269867e+08
1.193855473441720754e+08
1.191551322725420743e+08
1.189368275727061927e+08
1.187296787440547943e+08
1.185327415669623613e+08
1.183451379032957107e+08
1.181660968742660582e+08
1.179949791920764297e+08
1.178312852426911891e+08
1.176746487217257321e+08
1.175248187842268199e+08
1.173816343283355236e+08
1.172449941950034052e+08
1.171148271736613214e+08
1.169910643176731020e+08
1.168736164746614993e+08
1.167623585893419683e+08
1.166571206947945356e+08
1.165576864769526571e+08
1.164637956155753434e+08
1.163751548086405993e+08
1.162914479180412292e+08
1.162123492125972807e+08
1.161375364738393426e+08
1.160667016403441131e+08
1.159995599065717310e+08
1.159358554454237521e+08
1.158753639473767877e+08
1.158178924432157576e+08
1.157632765825268179e+08
1.157113762024292350e+08
1.156620698767669499e+08
1.156152491818726957e+08
1.155708133193282336e+08
1.155286645681363940e+08
1.154887050301657468e+08
1.154508344591636062e+08
1.154149496037521064e+08
1.153809445794227719e+08
1.153487120303739756e+08
1.153181449951722175e+08
1.152891388647071868e+08
1.152615932958904058e+08
1.152354138303790241e+08
1.152105130365207493e+08
1.151868111029233932e+08
1.151642358825775385e+08
1.151427224515211135e+08
1.151222122931622267e+08
1.151026522459627241e+08
1.150839933636862785e+08
1.150661897882146835e+08
1.150491977634706348e+08
1.150329751133596152e+08
1.150174804025411308e+08
1.150026729480392337e+08
1.149885127569531202e+08
1.149749607000283599e+08
1.149619787982656062e+08
1.149495305572917312e+08
1.149375812899075300e+08
1.149260983791454732e+08
1.149150514498766959e+08
1.149044124339827895e+08
1.148941555300828516e+08
1.148842570719873607e+08
1.148746953292759657e+08
1.148654502681709379e+08
1.148565033013396114e+08
1.148478370520549566e+08
1.148394351522762477e+08
1.148312823163999617e+08
1.148233633171822131e+08
1.148156643083186448e+08
1.148081718977252543e+08
1.148008733479774594e+08
1.147937566672235131e+08
1.147868105979252309e+08
1.147800246509920359e+08
1.147733891143403798e+08
1.147668950424017608e+08
1.147605342259576470e+08
1.147542991446248591e+08
1.147481829064625353e+08
1.147421791803639680e+08
1.147362821271400601e+08
1.147304863346116394e+08
1.147247867608285844e+08
1.147191786879759282e+08
1.147136576878825426e+08
1.147082195985473543e+08
1.147028605099183470e+08
1.146975767564070076e+08
1.146923649133237153e+08
1.146872217945454419e+08
1.146821444491842985e+08
1.146771301557013988e+08
1.146721764126732498e+08
1.146672809261514693e+08
1.146624415941637456e+08
1.146576564893240333e+08
1.146529238407261968e+08
1.146482420162963271e+08
1.146436095066073239e+08
1.146390249108718187e+08
1.146344869254837036e+08
1.146299943351337314e+08
1.146255459826649278e+08
1.146211408582795262e+08
1.146167779555395842e+08
1.146124563618282080e+08
1.146081752323074043e+08
1.146039337868389040e+08
1.145997313063749671e+08
1.145955671287514865e+08
1.145914406439611912e+08
1.145873512890911549e+08
1.145832985431676954e+08
1.145792819221640527e+08
1.145753009743951261e+08
1.145713552764648795e+08
1.145674444298555702e+08
1.145635680581703782e+08
1.145597258049729615e+08
1.145559173321172446e+08
1.145521423184335828e+08
1.145484004586326182e+08
1.145446914623031616e+08
1.145410150529103726e+08
1.145373709667357951e+08
1.145337589517398626e+08
1.145301787663589865e+08
1.145266301782732010e+08
1.145231129631934911e+08
1.145196269037194103e+08
1.145161717883107364e+08
1.145127474104030132e+08
1.145093535676795095e+08
1.145059900614961833e+08
1.145026566964408904e+08
1.144993532799993306e+08
1.144960796222952008e+08
1.144928355358728170e+08
1.144896208354953527e+08
1.144864353379397541e+08
1.144832788617778867e+08
1.144801512271417975e+08
1.144770522554789335e+08
1.144739817693061531e+08
1.144709395919742733e+08
1.144679255474547744e+08
1.144649394601564109e+08
1.144619811547771990e+08
1.144590504561927319e+08
1.144561471893779635e+08
1.144532711793570966e+08
1.144504222511743307e+08
1.144476002298781872e+08
1.144448049405122995e+08
1.144420362081080377e+08
1.144392938576750010e+08
1.144365777141888142e+08
1.144338876025762558e+08
1.144312233476997018e+08
1.144285847743431628e+08
1.144259717072020769e+08
1.144233839708792418e+08
1.144208213898874670e+08
1.144182837886595130e+08
1.144157709915645570e+08
1.144132828229298592e+08
1.144108191070659906e+08
1.144083796682937890e+08
1.144059643309713453e+08
1.144035729195199907e+08
1.144012052584483624e+08
1.143988611723743975e+08
1.143965404860454351e+08
1.143942430243566632e+08
1.143919686123693287e+08
1.143897170753282309e+08
1.143874882386800796e+08
1.143852819280925393e+08
1.143830979694742262e+08
1.143809361889954805e+08
1.143787964131099284e+08
1.143766784685762227e+08
1.143745821824795604e+08
1.143725073822532296e+08
1.143704538956989497e+08
1.143684215510068089e+08
1.143664101767742783e+08
1.143644196020244360e+08
1.143624496562237144e+08
1.143605001692989171e+08
1.143585716762802005e+08
1.143566631170684397e+08
1.143547742421015948e+08
1.143529048660486341e+08
1.143510551041301489e+08
1.143492247896089554e+08
1.143474137563008964e+08
1.143456218385919183e+08
1.143438488714541644e+08
1.143420946904611588e+08
1.143403591318026185e+08
1.143386420322985053e+08
1.143369432294124365e+08
1.143352625612647831e+08
1.143335998666451275e+08
1.143319549850246310e+08
1.143303277565676868e+08
1.143287186652502120e+08
