3.204765572661036253e+08
2.724711396056721210e+08
2.315091455580983460e+08
1.977249151333082318e+08
1.712597839833990335e+08
1.539025728774259686e+08
1.415181424805060923e+08
1.334856663026315570e+08
1.290506344691107869e+08
1.273661406129379869e+08
1.275587560040023774e+08
1.288043292136677355e+08
1.303960784110823721e+08
1.317913655721139908e+08
1.326310838385517895e+08
1.327331717976540476e+08
1.320671670086664855e+08
1.307185250273521841e+08
1.288095145828092545e+08
1.264641067126062512e+08
1.239635568298475444e+08
1.215776061483298838e+08
1.195298950082274675e+08
1.179745077568014115e+08
1.169842420370283723e+08
1.165505539882864058e+08
1.165943106006869674e+08
1.169853188993772864e+08
1.175673657239946276e+08
1.181845414827418178e+08
1.187044706357713193e+08
1.190348646675283015e+08
1.191313943267749846e+08
1.189967355617382228e+08
1.186722583379372060e+08
1.182248546474554241e+08
1.177317706283338070e+08
1.172661330306304693e+08
1.168853290683150291e+08
1.166236690583152771e+08
1.164899387276023328e+08
1.164696338873736709e+08
1.165309387434411049e+08
1.166329526792955995e+08
1.167344322870030105e+08
1.168013840570011586e+08
1.168122472629451156e+08
1.167600190316472352e+08
1.166513412381154746e+08
1.165031542519463450e+08
1.163378960979036838e+08
1.161783696567102671e+08
1.160433052759968638e+08
1.159443610952269435e+08
1.158849402335475087e+08
1.158607962947336435e+08
1.158620552304230332e+08
1.158760513735617995e+08
1.158902915813396126e+08
1.158949264332822561e+08
1.158842948564750850e+08
1.158573620963325202e+08
1.158171214946903586e+08
1.157692474112094343e+08
1.157203912646845579e+08
1.156765428857744932e+08
1.156417930836856365e+08
1.156177086684961915e+08
1.156033628467093110e+08
1.155959167435723245e+08
1.155915404839498997e+08
1.155864173399198949e+08
1.155775913906104565e+08
1.155634915389320850e+08
1.155440586201012135e+08
1.155205093564769328e+08
1.154948450959462821e+08
1.154692589334106892e+08
1.154455945264399201e+08
1.154249751602452397e+08
1.154076634948971272e+08
1.153931485533021837e+08
1.153804036815646440e+08
1.153682255334281921e+08
1.153555596247181594e+08
1.153417350412732214e+08
1.153265652865853012e+08
1.153103117596313059e+08
1.152935411753605902e+08
1.152769289952478409e+08
1.152610676499665380e+08
1.152463267796058506e+08
1.152327929575615823e+08
1.152202916350791156e+08
1.152084725790278316e+08
1.151969267603025734e+08
1.151852993427455723e+08
1.151733701301714927e+08
1.151610857156365216e+08
1.151485427595141679e+08
1.151359347832417786e+08
1.151234825516315103e+08
1.151113692734517753e+08
1.150996971551857889e+08
1.150884734430367202e+08
1.150776248100416064e+08
1.150670314336512387e+08
1.150565681364238858e+08
1.150461400711688250e+08
1.150357039650074691e+08
1.150252713932327330e+08
1.150148961260973215e+08
1.150046517354341447e+08
1.149946072272596657e+08
1.149848082032889128e+08
1.149752675744891167e+08
1.149659671732291728e+08
1.149568678793917000e+08
1.149479239682152867e+08
1.149390968579287678e+08
1.149303643995041102e+08
1.149217237760304958e+08
1.149131882556615025e+08
1.149047797960324883e+08
1.148965203830408454e+08
1.148884248804950267e+08
1.148804972580100000e+08
1.148727307494383603e+08
1.148651112286528349e+08
1.148576222434036136e+08
1.148502499078190625e+08
1.148429861953054368e+08
1.148358299001656473e+08
1.148287853663566262e+08
1.148218597464169562e+08
1.148150598764189035e+08
1.148083897898235917e+08
1.148018495257185251e+08
1.147954353774249554e+08
1.147891412565215975e+08
1.147829605550419092e+08
1.147768878372215629e+08
1.147709198587614596e+08
1.147650557084366679e+08
1.147592961792706400e+08
1.147536427030366361e+08
1.147480953697097301e+08
1.147426557537180036e+08
1.147373213724565059e+08
1.147320892878639847e+08
1.147269561913659573e+08
1.147219188376375288e+08
1.147169746367573738e+08
1.147121217620289624e+08
1.147073595358827114e+08
1.147026873766958416e+08
1.146981048612462282e+08
1.146936112528002262e+08
1.146892053204674423e+08
1.146848853597391248e+08
1.146806493720828444e+08
1.146764953155352622e+08
1.146724213294491470e+08
1.146684258624233454e+08
1.146645076759051085e+08
1.146606657449725568e+08
1.146568991071565300e+08
1.146532067202956676e+08
1.146495873765927851e+08
1.146460396927847564e+08
1.146425621667958796e+08
1.146391532699989080e+08
1.146358115372025371e+08
1.146325356237646043e+08
1.146293243158914745e+08
1.146261764988632202e+08
1.146230911925918758e+08
1.146200671327126622e+08
1.146171032812727541e+08
1.146141984550769627e+08
1.146113514361392558e+08
1.146085610055170655e+08
1.146058259771502614e+08
1.146031452195594311e+08
1.146005176597031653e+08
1.145979422706850916e+08
1.145954180505251735e+08
1.145929438982599974e+08
1.145905190122700930e+08
1.145881422713645697e+08
1.145858126538034379e+08
1.145835291478405446e+08
1.145812907645021975e+08
1.145790965452904105e+08
1.145769455628716350e+08
1.145748369157258123e+08
1.145727697197832763e+08
1.145707431006575078e+08
1.145687561892235875e+08
1.145668081215611547e+08
1.145648980424689054e+08
1.145630251105548292e+08
1.145611885026611090e+08
1.145593874160210490e+08
1.145576210676807165e+08
1.145558886918329597e+08
1.145541895363900214e+08
1.145525228601802886e+08
1.145508879316758513e+08
1.145492840294152796e+08
1.145477104436094463e+08
1.145461664780533910e+08
1.145446514515016675e+08
1.145431646980176270e+08
1.145417055662867874e+08
1.145402734182853997e+08
1.145388676278742999e+08
1.145374875798159838e+08
1.145361326694587618e+08
1.145348023030271977e+08
1.145334958982309103e+08
1.145322128848297894e+08
1.145309527048744112e+08
1.145297148125195205e+08
1.145284986734959632e+08
1.145273037644481659e+08
1.145261295723620206e+08
1.145249755563392490e+08
1.145238412990620434e+08
1.145227262796954215e+08
1.145216300254823118e+08
1.145205520739648491e+08
1.145194919728839248e+08
1.145184492799170613e+08
1.145174235623242855e+08
1.145164143965966702e+08
1.145154213681845367e+08
1.145144440713353157e+08
1.145134821090228111e+08
1.145125350929147601e+08
1.145116026433214545e+08
1.145106843890857697e+08
1.145097799674089998e+08
1.145088890236337930e+08
1.145080112110222876e+08
1.145071461905622780e+08
1.145062936308193505e+08
1.145054532078294456e+08
1.145046246088732779e+08
1.145038075169255435e+08
1.145030016337605566e+08
1.145022066643128097e+08
1.145014223203945756e+08
1.145006483205285072e+08
1.144998843897899091e+08
1.144991302596674711e+08
1.144983856679426730e+08
1.144976503585810959e+08
1.144969240816250592e+08
1.144962065930804610e+08
1.144954976547947824e+08
1.144947970343285799e+08
1.144941045048267543e+08
1.144934198448951989e+08
1.144927428384867013e+08
1.144920732747952938e+08
1.144914109481563866e+08
1.144907556579479426e+08
1.144901072084889412e+08
1.144894654089344442e+08
1.144888300731678903e+08
1.144882010196933448e+08
1.144875780715305656e+08
1.144869610561144948e+08
1.144863498051992953e+08
1.144857441547657400e+08
1.144851439449307173e+08
1.144845490198568106e+08
1.144839592276622057e+08
1.144833744203312099e+08
1.144827944536261261e+08
1.144822191870016158e+08
1.144816484835222960e+08
1.144810822097825706e+08
1.144805202358287871e+08
1.144799624350823015e+08
1.144794086842631847e+08
1.144788588633142859e+08
1.144783128553260267e+08
1.144777705464620292e+08
1.144772318258869946e+08
1.144766965856957287e+08
1.144761647208447158e+08
1.144756361290848702e+08
1.144751107108957767e+08
1.144745883694213331e+08
1.144740690104062557e+08
1.144735525421339273e+08
1.144730388753658235e+08
1.144725279232822955e+08
