3.350772578261522055e+08
2.898109293474802971e+08
2.505730565430832803e+08
2.174336617262166440e+08
1.903733586058720648e+08
1.692565962106092572e+08
1.538027851303073764e+08
1.435598018068179488e+08
1.378883718162731826e+08
1.359691280535881817e+08
1.368426716509380937e+08
1.394853774099689722e+08
1.429094358724660873e+08
1.462633623716647625e+08
1.489066817403952479e+08
1.504429021427952647e+08
1.507108773051451445e+08
1.497465193593632281e+08
1.477301579149789810e+08
1.449319265503934920e+08
1.416625464900091588e+08
1.382327125675146282e+08
1.349217679159653187e+08
1.319553421902025044e+08
1.294913563808858097e+08
1.276139414298051894e+08
1.263348109103754312e+08
1.256015164022790194e+08
1.253114467192690521e+08
1.253300938483571112e+08
1.255110560700480640e+08
1.257153864825588614e+08
1.258277226050160527e+08
1.257673348612348586e+08
1.254931451994705200e+08
1.250028015543963015e+08
1.243267776013461649e+08
1.235190353187130243e+08
1.226460180434794277e+08
1.217756702980654985e+08
1.209679023412776589e+08
1.202675290055084527e+08
1.197002564103990495e+08
1.192718470711284429e+08
1.189701794552195370e+08
1.187695461108648777e+08
1.186363084273544550e+08
1.185349238007436842e+08
1.184334007732789814e+08
1.183074396211590022e+08
1.181428089673120081e+08
1.179358377134816796e+08
1.176922147355276495e+08
1.174245247428014427e+08
1.171490858217124939e+08
1.168866014002068788e+08
1.166479955417433381e+08
1.164414396766526699e+08
1.162715538531351835e+08
1.161376872344246358e+08
1.160347669595005959e+08
1.159547544623589516e+08
1.158883852236111313e+08
1.158268558049437404e+08
1.157631814022421241e+08
1.156930377378285527e+08
1.156150165266082883e+08
1.155303362360209823e+08
1.154421392801548392e+08
1.153545614712986946e+08
1.152717730405251086e+08
1.151971668357842863e+08
1.151328178312052339e+08
1.150792781467805207e+08
1.150357183187496811e+08
1.150001086900315285e+08
1.149699229009731859e+08
1.149425909939858615e+08
1.149159541644876152e+08
1.148885707383997291e+08
1.148598379655588567e+08
1.148299349299973845e+08
1.147996251934665591e+08
1.147699794396120608e+08
1.147420847262399346e+08
1.147167994747655690e+08
1.146945955208145380e+08
1.146755048608428389e+08
1.146591652420456111e+08
1.146449397394010425e+08
1.146320742365168184e+08
1.146198546484739929e+08
1.146077314270789921e+08
1.145953907361092120e+08
1.145827660884180069e+08
1.145699972024673223e+08
1.145573533090836406e+08
1.145451426838158518e+08
1.145336297949626148e+08
1.145229764556201398e+08
1.145132157878867388e+08
1.145042589890729785e+08
1.144959283874793500e+08
1.144880050129755735e+08
1.144802779373707175e+08
1.144725841622646451e+08
1.144648317213900089e+08
1.144570035601541251e+08
1.144491444342288971e+08
1.144413365857217759e+08
1.144336711631255746e+08
1.144262232116691172e+08
1.144190346719114780e+08
1.144121082278230488e+08
1.144054112077021301e+08
1.143988880422182828e+08
1.143924754012695998e+08
1.143861171584355980e+08
1.143797752496689558e+08
1.143734344368032962e+08
1.143671012479594946e+08
1.143607977853651643e+08
1.143545530986684263e+08
1.143483944360525310e+08
1.143423405143000484e+08
1.143363980866039097e+08
1.143305620788219720e+08
1.143248186526602805e+08
1.143191499451004714e+08
1.143135390286063254e+08
1.143079738228689134e+08
1.143024491584848613e+08
1.142969667849664390e+08
1.142915336633300632e+08
1.142861592771360725e+08
1.142808526919048727e+08
1.142756204055815935e+08
1.142704650670536011e+08
1.142653854829639643e+08
1.142603778762439191e+08
1.142554362946095765e+08
1.142505559288994074e+08
1.142457332389820069e+08
1.142409668340685368e+08
1.142362574685729742e+08
1.142316074011484683e+08
1.142270194965935349e+08
1.142224963106374443e+08
1.142180394099127352e+08
1.142136490677334070e+08
1.142093243526429534e+08
1.142050635189344883e+08
1.142008645426997244e+08
1.141967256341985613e+08
1.141926452655863762e+08
1.141886236055255830e+08
1.141846604325289577e+08
1.141807563159047663e+08
1.141769117764761746e+08
1.141731271707091331e+08
1.141694024344471395e+08
1.141657370824979246e+08
1.141621302866341323e+08
1.141585810396340191e+08
1.141550883375413418e+08
1.141516513260561973e+08
1.141482693762817681e+08
1.141449420809146166e+08
1.141416691860017180e+08
1.141384504890914112e+08
1.141352857388997525e+08
1.141321745651606321e+08
1.141291164537539780e+08
1.141261107665837705e+08
1.141231567928397954e+08
1.141202538114653528e+08
1.141174011448382288e+08
1.141145981896390766e+08
1.141118444199284762e+08
1.141091393664307296e+08
1.141064825823103189e+08
1.141038736079271138e+08
1.141013119452049434e+08
1.140987970475683510e+08
1.140963283257513046e+08
1.140939051650058925e+08
1.140915269466086030e+08
1.140891930665088892e+08
1.140869029460662901e+08
1.140846560330884904e+08
1.140824517946297824e+08
1.140802897052574456e+08
1.140781692352319658e+08
1.140760898423011303e+08
1.140740509690589309e+08
1.140720520457711518e+08
1.140700924968999028e+08
1.140681717487196922e+08
1.140662892355274111e+08
1.140644444028130323e+08
1.140626367069820762e+08
1.140608656123640239e+08
1.140591305920003951e+08
1.140574311035414785e+08
1.140557665264751315e+08
1.140541365040195286e+08
1.140525404075485170e+08
1.140509776969453096e+08
1.140494478389983177e+08
1.140479503052796572e+08
1.140464845739546716e+08
1.140450501293870509e+08
1.140436464609508514e+08
1.140422730616178513e+08
1.140409294268619120e+08
1.140396150468521565e+08
1.140383294361174703e+08
1.140370720904493034e+08
1.140358425171264112e+08
1.140346402285408974e+08
1.140334647968291491e+08
1.140323156368696541e+08
1.140311923325487822e+08
1.140300944178987443e+08
1.140290214313975722e+08
1.140279729157074839e+08
1.140269484176808894e+08
1.140259474886022210e+08
1.140249696845597625e+08
1.140240145668161362e+08
1.140230817020690441e+08
1.140221706625492722e+08
1.140212810259661376e+08
1.140204123753591627e+08
1.140195642989353240e+08
1.140187363899605721e+08
1.140179282467420101e+08
1.140171394726988822e+08
1.140163696764883548e+08
1.140156184721379429e+08
1.140148854791412055e+08
1.140141703224921077e+08
1.140134726326577663e+08
1.140127920455090106e+08
1.140121282022394985e+08
1.140114807492999434e+08
1.140108493383650929e+08
1.140102336263343990e+08
1.140096332753555775e+08
1.140090479528531581e+08
1.140084773315447569e+08
1.140079210894353092e+08
1.140073789063500166e+08
1.140068504658010006e+08
1.140063354596817195e+08
1.140058335850027204e+08
1.140053445438625216e+08
1.140048680434274673e+08
1.140044037959169298e+08
1.140039515185871571e+08
1.140035109337085485e+08
1.140030817685333043e+08
1.140026637552534938e+08
1.140022565580629408e+08
1.140018600645199120e+08
1.140014739485930502e+08
1.140010979617443681e+08
1.140007318601381928e+08
1.140003754045998454e+08
1.140000283605737984e+08
1.139996904980788678e+08
1.139993615916596800e+08
1.139990414203347266e+08
1.139987297675417066e+08
1.139984264210825413e+08
1.139981311730685383e+08
1.139978438198667616e+08
1.139975641620475501e+08
1.139972920043320209e+08
1.139970271555392742e+08
1.139967694285318851e+08
1.139965186401603222e+08
1.139962746112056077e+08
1.139960371663215309e+08
1.139958061339767277e+08
1.139955813463969529e+08
1.139953626379934549e+08
1.139951498468745649e+08
1.139949428156585991e+08
1.139947413905165941e+08
1.139945454211139977e+08
1.139943547605511844e+08
1.139941692653045207e+08
1.139939887951684892e+08
1.139938132130771726e+08
1.139936423855347037e+08
1.139934761818397343e+08
1.139933144745077938e+08
1.139931571390980333e+08
1.139930040541580468e+08
