1.562211319400300086e+08
1.363520413007938862e+08
1.181634604951173216e+08
1.017043046177372336e+08
8.701054026470002532e+07
7.410174786248105764e+07
6.297796683311201632e+07
5.361654789638692141e+07
4.596898576106163859e+07
3.995809797931990027e+07
3.547604608517751098e+07
3.238386749926523864e+07
3.051325520862971991e+07
2.967105739045859501e+07
2.964658898951572552e+07
3.022144415892054886e+07
3.118095156981261820e+07
3.232594962895630300e+07
3.348330458555027843e+07
3.451378713610436022e+07
3.531651688477936387e+07
3.582972705557104200e+07
3.602828536532191187e+07
3.591874287620919943e+07
3.553284669995103776e+07
3.492038849341128021e+07
3.414209971468827128e+07
3.326310209929452464e+07
3.234724301708271354e+07
3.145249621490947530e+07
3.062751750921695307e+07
2.990936129064834863e+07
2.932233475570697337e+07
2.887790977108850703e+07
2.857557477240028232e+07
2.840448025828798115e+07
2.834568157954581454e+07
2.837474988882368803e+07
2.846451411471638456e+07
2.858769080980091915e+07
2.871918977611627430e+07
2.883792666596727446e+07
2.892803876162937656e+07
2.897946662012232840e+07
2.898793007727514580e+07
2.895438311575034633e+07
2.888406978229203448e+07
2.878532458517289534e+07
2.866826534128432721e+07
2.854351401405625045e+07
2.842106215661454573e+07
2.830936430388766900e+07
2.821471579021875560e+07
2.814093525510127842e+07
2.808933164957371727e+07
2.805894444339663535e+07
2.804696568754623458e+07
2.804929772799906135e+07
2.806116755355655402e+07
2.807771940343591571e+07
2.809453236151219904e+07
2.810801545395298675e+07
2.811565530329148471e+07
2.811610981558058783e+07
2.810916057251726836e+07
2.809554839839144796e+07
2.807672755500686914e+07
2.805458030688016862e+07
2.803112543697714061e+07
2.800825868704013526e+07
2.798754833278447762e+07
2.797010038742539659e+07
2.795649992492102832e+07
2.794682297101291269e+07
2.794070735488627106e+07
2.793746486546715349e+07
2.793621532594595850e+07
2.793602267044916376e+07
2.793601668989873677e+07
2.793548741712141410e+07
2.793394471582917124e+07
2.793114120792973042e+07
2.792706118163627014e+07
2.792188217597204447e+07
2.791591834424119815e+07
2.790955543370652199e+07
2.790318743280279636e+07
2.789716224300856143e+07
2.789174221694186330e+07
2.788708272823875025e+07
2.788322812329053134e+07
2.788012257586438954e+07
2.787763441077550128e+07
2.787558493650674075e+07
2.787377960321054980e+07
2.787203638411624730e+07
2.787020805173562095e+07
2.786819566130206734e+07
2.786595316157281399e+07
2.786348446891915426e+07
2.786083351170852780e+07
2.785807075605531782e+07
2.785527761875706539e+07
2.785253270507453755e+07
2.784990153204423934e+07
2.784742667584577948e+07
2.784512668045241758e+07
2.784299676757752523e+07
2.784101326051126420e+07
2.783913936720549315e+07
2.783733344507061690e+07
2.783555544564322382e+07
2.783377232900146767e+07
2.783196168279865384e+07
2.783011309910329431e+07
2.782822748721116781e+07
2.782631483712460101e+07
2.782439095448526740e+07
2.782247393975639343e+07
2.782058079560378194e+07
2.781872490549214184e+07
2.781691446439827979e+07
2.781515199689834565e+07
2.781343486088672280e+07
2.781175648704189807e+07
2.781010803715550900e+07
2.780848014351490140e+07
2.780686444859632850e+07
2.780525471808236837e+07
2.780364742873740941e+07
2.780204181979846954e+07
2.780043948958686739e+07
2.779884367891221121e+07
2.779725841073863208e+07
2.779568765134331957e+07
2.779413462754742801e+07
2.779260138672009856e+07
2.779108863174788654e+07
2.778959581209306419e+07
2.778812141237858683e+07
2.778666335646190494e+07
2.778521943906174600e+07
2.778378770689139888e+07
2.778236673275382444e+07
2.778095575367852673e+07
2.777955467225188017e+07
2.777816394394279644e+07
2.777678438910206407e+07
2.777541697492323816e+07
2.777406261033349484e+07
2.777272198736648262e+07
2.777139548883325979e+07
2.777008316714684293e+07
2.776878478579506651e+07
2.776749990529109165e+07
2.776622799057760090e+07
2.776496851690402254e+07
2.776372105533933640e+07
2.776248533245876804e+07
2.776126122085962445e+07
2.776004876171478629e+07
2.775884809741657600e+07
2.775765942402687669e+07
2.775648293648067117e+07
2.775531878328909725e+07
2.775416703749003261e+07
2.775302768645309284e+07
2.775190063920786604e+07
2.775078574692701921e+07
2.774968283047700301e+07
2.774859170865391195e+07
2.774751222167358175e+07
2.774644424629970640e+07
2.774538770118902624e+07
2.774434254313040897e+07
2.774330875647329167e+07
2.774228633895112574e+07
2.774127528724984080e+07
2.774027558514872193e+07
2.773928719608152658e+07
2.773831006079378724e+07
2.773734409966642410e+07
2.773638921843982115e+07
2.773544531562440842e+07
2.773451228984704986e+07
2.773359004569590464e+07
2.773267849717052653e+07
2.773177756847257167e+07
2.773088719244796783e+07
2.773000730740726739e+07
2.772913785325180367e+07
2.772827876781426743e+07
2.772742998412369937e+07
2.772659142899712175e+07
2.772576302302241325e+07
2.772494468170369416e+07
2.772413631734263152e+07
2.772333784115210548e+07
2.772254916513676569e+07
2.772177020340259746e+07
2.772100087273240089e+07
2.772024109244310111e+07
2.771949078368595988e+07
2.771874986843796074e+07
2.771801826845345646e+07
2.771729590440654010e+07
2.771658269537439942e+07
2.771587854255846888e+07
2.771518339407696575e+07
2.771449714868795499e+07
2.771381972081709653e+07
2.771315102500902861e+07
2.771249097633580863e+07
2.771183949060612917e+07
2.771119648436993361e+07
2.771056187475802749e+07
2.770993557922524586e+07
2.770931751527464390e+07
2.770870782806714624e+07
2.770810629346986488e+07
2.770751254885797203e+07
2.770692660082322359e+07
2.770634845196661726e+07
2.770577802939809859e+07
2.770521525524133071e+07
2.770466004655339196e+07
2.770411232088433951e+07
2.770357199624167383e+07
2.770303899104863405e+07
2.770251322407584637e+07
2.770199461436943710e+07
2.770148308119510859e+07
2.770097854401072115e+07
2.770048092247115076e+07
2.769999013646114990e+07
2.769950610614632443e+07
2.769902875203001872e+07
2.769855799500456452e+07
2.769809375638873503e+07
2.769763595794783160e+07
2.769718452189737558e+07
2.769673940236547589e+07
2.769630045950009674e+07
2.769586765605120361e+07
2.769544090037703514e+07
2.769502012458344549e+07
2.769460525342430547e+07
2.769419621209840849e+07
2.769379292627172545e+07
2.769339532209917158e+07
2.769300332624292001e+07
2.769261686588521302e+07
2.769223586873546615e+07
2.769186026303246245e+07
2.769148998765368015e+07
2.769112495166534558e+07
2.769076509500607103e+07
2.769041034707055613e+07
2.769006064062391594e+07
2.768971590614704788e+07
2.768937607560110092e+07
2.768904108150014654e+07
2.768871085691827908e+07
2.768838533549536765e+07
2.768806445144112408e+07
2.768774813953752071e+07
2.768743633514025062e+07
2.768712897417960316e+07
2.768682599316147342e+07
2.768652732916880772e+07
2.768623291986376420e+07
2.768594270349034667e+07
2.768565661887738854e+07
2.768537460544141382e+07
2.768509660318920016e+07
2.768482254283340275e+07
2.768455238532364741e+07
2.768428606257347018e+07
2.768402351696203649e+07
2.768376469146146998e+07
2.768350952963620424e+07
2.768325797564233840e+07
2.768300997422713041e+07
2.768276547072849423e+07
2.768252441107459366e+07
2.768228674178336561e+07
2.768205240996183082e+07
2.768182136330524832e+07
2.768159355009591952e+07
2.768136891920181364e+07
2.768114742007496580e+07
2.768092901439933851e+07
2.768071362948267162e+07
2.768050126392774284e+07
2.768029179798129201e+07
2.768008521976113319e+07
2.767988148218403012e+07
2.767968053873711824e+07
2.767948235129300505e+07
2.767928685884769261e+07
