2.740178969171637297e+08
2.637972287075706422e+08
2.540706143395233154e+08
2.449576417164345086e+08
2.364998280061723292e+08
2.284916840348976851e+08
2.209319618070806265e+08
2.138119483835538626e+08
2.071170189567354918e+08
2.008299054649479091e+08
1.949346070866409242e+08
1.894189430432558656e+08
1.842740794745288193e+08
1.794912309712926149e+08
1.750576945971643329e+08
1.709549591509201825e+08
1.671602869069799185e+08
1.636506941555094123e+08
1.604064199127164185e+08
1.574113488398044407e+08
1.546504278381813169e+08
1.521065538366897702e+08
1.497597992683930993e+08
1.475896330285668969e+08
1.455780827029045224e+08
1.437068138497987688e+08
1.419559050854429007e+08
1.403117711768409014e+08
1.387604679258169234e+08
1.372891455436306894e+08
1.358879385048825741e+08
1.345502159633468986e+08
1.332710242707653344e+08
1.320455254125795513e+08
1.308686847657314539e+08
1.297369340132197142e+08
1.286488967451330423e+08
1.276047036578679979e+08
1.266045574085956514e+08
1.256481152323897183e+08
1.247351470507798791e+08
1.238663474293349981e+08
1.230431385084369481e+08
1.222666858765013665e+08
1.215373164518191963e+08
1.208549031651023626e+08
1.202194988760908395e+08
1.196312853632617295e+08
1.190899185859048665e+08
1.185941357434275448e+08
1.181420858983990699e+08
1.177318334620660245e+08
1.173613544601012021e+08
1.170281443941568285e+08
1.167291537186065167e+08
1.164611250179458857e+08
1.162209802104828060e+08
1.160057988250073344e+08
1.158126066460900754e+08
1.156384236514071971e+08
1.154805740013505220e+08
1.153368630443196595e+08
1.152054516635994017e+08
1.150847018953808248e+08
1.149732439940538853e+08
1.148701199510932863e+08
1.147747374665955901e+08
1.146866743103634715e+08
1.146055824897983372e+08
1.145312418393342495e+08
1.144635771721161306e+08
1.144025346815813333e+08
1.143479681008100808e+08
1.142996555535099655e+08
1.142573606544219553e+08
1.142208041778990626e+08
1.141895977055212259e+08
1.141632552264124155e+08
1.141412680789886713e+08
1.141231327560856640e+08
1.141083227595785558e+08
1.140962931233132780e+08
1.140865367229776233e+08
1.140786198787590563e+08
1.140721519963287711e+08
1.140667887777436227e+08
1.140622470699111968e+08
1.140583244364725202e+08
1.140548765472310036e+08
1.140517927008089423e+08
1.140490010747579038e+08
1.140464734573469460e+08
1.140442052646177113e+08
1.140421934826493412e+08
1.140404373656001389e+08
1.140389435043106675e+08
1.140377146508755684e+08
1.140367380462107360e+08
1.140359899149681628e+08
1.140354440500838161e+08
1.140350685830604285e+08
1.140348220353187025e+08
1.140346603279541433e+08
1.140345445926741809e+08
1.140344400999786854e+08
1.140343140779438019e+08
1.140341405085165501e+08
1.140339039299060702e+08
1.140335963320399374e+08
1.140332142611762583e+08
1.140327606017392725e+08
1.140322448612110019e+08
1.140316791437609792e+08
1.140310756011875272e+08
1.140304472985134423e+08
1.140298076395119578e+08
1.140291675790687203e+08
1.140285349681479484e+08
1.140279157398151159e+08
1.140273141556838453e+08
1.140267315103047192e+08
1.140261669514372945e+08
1.140256190224069655e+08
1.140250856917582154e+08
1.140245640843842030e+08
1.140240514689293206e+08
1.140235460732743442e+08
1.140230466882950962e+08
1.140225524619619250e+08
1.140220634266590774e+08
1.140215804870102406e+08
1.140211047747957259e+08
1.140206375067678541e+08
1.140201801780937612e+08
1.140197342398755550e+08
1.140193006778015792e+08
1.140188801156609207e+08
1.140184729370855093e+08
1.140180790657651275e+08
1.140176979312380254e+08
1.140173287415335625e+08
1.140169705645629317e+08
1.140166222546367347e+08
1.140162826025805473e+08
1.140159505310300738e+08
1.140156250655419528e+08
1.140153053124207705e+08
1.140149905773528218e+08
1.140146804383814633e+08
1.140143744167381972e+08
1.140140723067505509e+08
1.140137739801668525e+08
1.140134793658756614e+08
1.140131883816371262e+08
1.140129009568623155e+08
1.140126170226743221e+08
1.140123364556468427e+08
1.140120590851935595e+08
1.140117847288070023e+08
1.140115131778208613e+08
1.140112441939906180e+08
1.140109775492910892e+08
1.140107130391650945e+08
1.140104504699572176e+08
1.140101896749532521e+08
1.140099305313230604e+08
1.140096729458587468e+08
1.140094168483156562e+08
1.140091622006050348e+08
1.140089089866672158e+08
1.140086571954194903e+08
1.140084068217010498e+08
1.140081578644427508e+08
1.140079103140954077e+08
1.140076641516785026e+08
1.140074193542528152e+08
1.140071758906306326e+08
1.140069337197797596e+08
1.140066927979489714e+08
1.140064530804111511e+08
1.140062145201151073e+08
1.140059770727196634e+08
1.140057406997256577e+08
1.140055053659206927e+08
1.140052710399400443e+08
1.140050376961391270e+08
1.140048053120732307e+08
1.140045738669254035e+08
1.140043433425843269e+08
1.140041137220297754e+08
1.140038849870890379e+08
1.140036571190250069e+08
1.140034300984829366e+08
1.140032039043936133e+08
1.140029785149184465e+08
1.140027539084932655e+08
1.140025300633383989e+08
1.140023069578892589e+08
1.140020845718350410e+08
1.140018628859882951e+08
1.140016418824012578e+08
1.140014215450851172e+08
1.140012018597412705e+08
1.140009828132323623e+08
1.140007643937082142e+08
1.140005465903659761e+08
1.140003293929934800e+08
1.140001127920860648e+08
1.139998967787945420e+08
1.139996813445209563e+08
1.139994664809241593e+08
1.139992521800248474e+08
1.139990384340967536e+08
1.139988252358213067e+08
1.139986125785010159e+08
1.139984004559615850e+08
1.139981888625282496e+08
1.139979777931211144e+08
1.139977672431903481e+08
1.139975572087034285e+08
1.139973476862143576e+08
1.139971386727528572e+08
1.139969301656879932e+08
1.139967221627054513e+08
1.139965146617422253e+08
1.139963076609428525e+08
1.139961011587035060e+08
1.139958951536432803e+08
1.139956896445376873e+08
1.139954846303254068e+08
1.139952801101110578e+08
1.139950760831672400e+08
1.139948725489824265e+08
1.139946695072644949e+08
1.139944669578977972e+08
1.139942649009306431e+08
1.139940633365655094e+08
1.139938622651462555e+08
1.139936616871713549e+08
1.139934616032849848e+08
1.139932620142379403e+08
1.139930629208678603e+08
1.139928643240905255e+08
1.139926662248960137e+08
1.139924686243630499e+08
1.139922715236603022e+08
1.139920749240280390e+08
1.139918788267686069e+08
1.139916832332447022e+08
1.139914881448809206e+08
1.139912935631740838e+08
1.139910994896916449e+08
1.139909059260557145e+08
1.139907128739311695e+08
1.139905203350198865e+08
1.139903283110590726e+08
1.139901368038253486e+08
1.139899458151304424e+08
1.139897553468086720e+08
1.139895654007082283e+08
1.139893759786879271e+08
1.139891870826185942e+08
1.139889987143869847e+08
1.139888108758931011e+08
1.139886235690421760e+08
1.139884367957392633e+08
1.139882505578873903e+08
1.139880648573895693e+08
1.139878796961505562e+08
1.139876950760735422e+08
1.139875109990535975e+08
1.139873274669734687e+08
1.139871444817026854e+08
1.139869620450993180e+08
1.139867801590107679e+08
1.139865988252708912e+08
1.139864180456956178e+08
1.139862378220808208e+08
1.139860581562027037e+08
1.139858790498196483e+08
1.139857005046725571e+08
1.139855225224821419e+08
1.139853451049460769e+08
1.139851682537378073e+08
1.139849919705071747e+08
1.139848162568815947e+08
1.139846411144655049e+08
1.139844665448378325e+08
1.139842925495501012e+08
1.139841191301259696e+08
1.139839462880620360e+08
1.139837740248284638e+08
1.139836023418682367e+08
1.139834312405951917e+08
1.139832607223930210e+08
1.139830907886155993e+08
1.139829214405877590e+08
1.139827526796055138e+08
1.139825845069350302e+08
1.139824169238114655e+08
