3.607823516913405657e+08
3.278530064791270494e+08
2.965745726341112852e+08
2.670012072773760557e+08
2.391819632540094256e+08
2.131586380632351935e+08
1.889650845068466365e+08
1.666265184513064027e+08
1.461570779243171811e+08
1.275573923542147577e+08
1.108136894951387346e+08
9.589771029810763896e+07
8.276668162253762782e+07
7.136312992500582337e+07
6.161461706764622778e+07
5.343387506299410760e+07
4.714704980941036344e+07
4.245433448729039729e+07
3.868220442621711642e+07
3.573435554671344161e+07
3.351407473408850282e+07
3.192541180702251941e+07
3.087446039676905423e+07
3.027067334613838792e+07
3.002813165952621028e+07
3.006670463468583301e+07
3.031305179755268991e+07
3.070141972612479329e+07
3.117420326394738257e+07
3.168226895890311152e+07
3.218502105032183230e+07
3.265023492704942822e+07
3.305367653054276109e+07
3.337853808945053816e+07
3.361473133498764038e+07
3.375807261961171031e+07
3.380940310352949798e+07
3.377367941413781047e+07
3.364389997629203647e+07
3.342996759685616940e+07
3.314773882284715772e+07
3.281445381046006083e+07
3.244767299343743175e+07
3.206435941767342761e+07
3.168012335823604837e+07
3.130864255564562604e+07
3.096125682027432323e+07
3.064673499947481602e+07
3.037119649361345544e+07
3.013817619989204779e+07
2.994880705000935495e+07
2.980209608562187105e+07
2.969527373301918805e+07
2.962417668134496361e+07
2.958365842911055684e+07
2.956798791853258759e+07
2.957122953955927864e+07
2.958758304652725160e+07
2.961162292828075215e+07
2.963856174535968900e+07
2.966438850090528280e+07
2.968595776271901280e+07
2.970101821729684621e+07
2.970818776399713382e+07
2.970688415718405321e+07
2.969722111239945143e+07
2.967988105761249363e+07
2.965597501880760863e+07
2.962689964010573924e+07
2.959420014240961522e+07
2.955944610868961364e+07
2.952412602562495321e+07
2.948956336275246739e+07
2.945685654281714186e+07
2.942684291198689491e+07
2.940008428471070901e+07
2.937687340903305262e+07
2.935725590806879848e+07
2.934106525757449493e+07
2.932796567977106571e+07
2.931750003770060092e+07
2.930913715478699282e+07
2.930231821487889439e+07
2.929649620082529634e+07
2.929116923470132053e+07
2.928590566697121039e+07
2.928036015328621492e+07
2.927428054026955366e+07
2.926751102239813656e+07
2.925998321706346422e+07
2.925170671260523051e+07
2.924275370576684922e+07
2.923324265818894655e+07
2.922332124578502402e+07
2.921315020720696449e+07
2.920288879135226086e+07
2.919268293174938112e+07
2.918265630273546651e+07
2.917290455705343187e+07
2.916349235167929903e+07
2.915445413099166006e+07
2.914579534312958643e+07
2.913749725649008155e+07
2.912952184183051437e+07
2.912181821182483435e+07
2.911432787673796713e+07
2.910699073667063937e+07
2.909974916060572490e+07
2.909255234228491038e+07
2.908535871770858765e+07
2.907813749483919889e+07
2.907086899502767622e+07
2.906354416962826252e+07
2.905616356921730563e+07
2.904873490201268718e+07
2.904127165338779986e+07
2.903379044682854414e+07
2.902630962245856598e+07
2.901884684666145220e+07
2.901141803342002630e+07
2.900403560167681426e+07
2.899670887806249410e+07
2.898944326666409895e+07
2.898224051220589131e+07
2.897509914718367904e+07
2.896801512262149528e+07
2.896098255244315416e+07
2.895399466881425306e+07
2.894704384332784265e+07
2.894012330423163995e+07
2.893322692792278528e+07
2.892634978313608468e+07
2.891948827825184166e+07
2.891264027502784133e+07
2.890580495734306052e+07
2.889898265842206031e+07
2.889217460922093317e+07
2.888538265281566978e+07
2.887860895546731725e+07
2.887185574028477073e+07
2.886512506315134466e+07
2.885841864360924810e+07
2.885173775643115491e+07
2.884508318921861425e+07
2.883845522416137159e+07
2.883185372480937839e+07
2.882527819402106106e+07
2.881872788597474620e+07
2.881220189857731014e+07
2.880569930153912678e+07
2.879921921082498133e+07
2.879276086382255703e+07
2.878632366764609888e+07
2.877990722397521138e+07
2.877351133206593990e+07
2.876713598185313493e+07
2.876078129050731659e+07
2.875444751570330560e+07
2.874813497954604030e+07
2.874184403623679280e+07
2.873557503572032973e+07
2.872932829766108096e+07
2.872310407859505713e+07
2.871690257946526259e+07
2.871072394489374012e+07
2.870456821583029255e+07
2.869843541633019596e+07
2.869232552528323606e+07
2.868623850018152222e+07
2.868017427667620033e+07
2.867413280948110670e+07
2.866811406448059902e+07
2.866211803046603501e+07
2.865614472268632054e+07
2.865019418307136744e+07
2.864426654140552878e+07
2.863836175547315180e+07
2.863247998836564273e+07
2.862662134646003321e+07
2.862078593733771145e+07
2.861497386456437409e+07
2.860918522369557619e+07
2.860342009970436618e+07
2.859767856584831700e+07
2.859196068384252116e+07
2.858626650509275123e+07
2.858059607267534733e+07
2.857494942372594029e+07
2.856932659191406146e+07
2.856372760972680524e+07
2.855815251035166532e+07
2.855260147667131573e+07
2.854707425113476068e+07
2.854157102275341377e+07
2.853609186052351445e+07
2.853063675971662253e+07
2.852520579255503789e+07
2.851979900602100044e+07
2.851441644615533203e+07
2.850905821226038784e+07
2.850372423554407433e+07
2.849841460999199003e+07
2.849312937098663300e+07
2.848786855062532425e+07
2.848263217787108570e+07
2.847742027882790565e+07
2.847223287708428875e+07
2.846706999407166988e+07
2.846193164939267188e+07
2.845681786108572781e+07
2.845172864580634609e+07
2.844666401891845465e+07
2.844162398335915431e+07
2.843660857409555092e+07
2.843161779130800068e+07
2.842665164466788620e+07
2.842171014210380986e+07
2.841679329805902764e+07
2.841190109859297052e+07
2.840703355646367744e+07
2.840219067062327266e+07
2.839737243905830383e+07
2.839257885778335482e+07
2.838780992091935128e+07
2.838306567228363454e+07
2.837834599927639961e+07
2.837365094260583073e+07
2.836898051771920919e+07
2.836433465438888967e+07
2.835971336538093537e+07
2.835511663383061439e+07
2.835054444147150964e+07
2.834599676863268763e+07
2.834147359422832727e+07
2.833697489574430138e+07
2.833250064922553301e+07
2.832805082926718891e+07
2.832362540901186317e+07
2.831922436015351489e+07
2.831484765294829756e+07
2.831049526658583432e+07
2.830616714772042260e+07
2.830186327283819765e+07
2.829758360665056854e+07
2.829332811254529655e+07
2.828909675261104852e+07
2.828488948765996844e+07
2.828070627724818885e+07
2.827654712946179137e+07
2.827241190167103708e+07
2.826830060159464926e+07
2.826421318016579375e+07
2.826014959282115102e+07
2.825610979193602502e+07
2.825209373796510696e+07
2.824810136251533404e+07
2.824413262389760464e+07
2.824018747005408630e+07
2.823626584787187725e+07
2.823236770320537314e+07
2.822849298763111979e+07
2.822464163146464154e+07
2.822081358439834416e+07
2.821700878837249801e+07
2.821322720753151923e+07
2.820946873550008237e+07
2.820573333482522517e+07
2.820202094383620471e+07
2.819833149999986589e+07
2.819466493993583694e+07
2.819102119943131879e+07
2.818740021345590800e+07
2.818380196432889998e+07
2.818022628893201798e+07
2.817667316821470112e+07
2.817314253402438760e+07
2.816963431746530905e+07
2.816614844891360402e+07
2.816268485803236812e+07
2.815924347378658876e+07
2.815582422445816174e+07
2.815242703766060621e+07
2.814905184035385400e+07
2.814569855885882676e+07
2.814236711887199804e+07
2.813905745079455525e+07
2.813576936146554351e+07
2.813250299381369352e+07
2.812925816450190172e+07
2.812603479631988704e+07
2.812283281151867658e+07
2.811965213182464242e+07
2.811649268792018667e+07
2.811335438157965615e+07
2.811023714251460880e+07
2.810714089048951864e+07
2.810406554481166229e+07
2.810101102001689002e+07
2.809797724309121072e+07
2.809496412781760842e+07
