5.189722858544144779e+07
4.980307489243085682e+07
4.881958478726015240e+07
4.769917430869390070e+07
4.634634145462038368e+07
4.494582621538210660e+07
4.364255913044653833e+07
4.250414754850153625e+07
4.151342945213156939e+07
4.059372850414000452e+07
3.967541747533745319e+07
3.874693378729458153e+07
3.784576627852204442e+07
3.701657670196180046e+07
3.627647693462646008e+07
3.560678080929704010e+07
3.497206691827304661e+07
3.434824519126453251e+07
3.373627094244940579e+07
3.315535268356284499e+07
3.262579976489072293e+07
3.215426293682956323e+07
3.173026766703638434e+07
3.133579321145315096e+07
3.095966946542084590e+07
3.060448097082218528e+07
3.028140413105336577e+07
2.999896359950917214e+07
2.975530592489844561e+07
2.953964868281541392e+07
2.934075709467791393e+07
2.915452806772353500e+07
2.898442312818185985e+07
2.883552558305826038e+07
2.870821847506107762e+07
2.859698171609200537e+07
2.849487966181235760e+07
2.839902210463930666e+07
2.831176138355697319e+07
2.823697874416399375e+07
2.817549691282385588e+07
2.812399685245189816e+07
2.807800939878411964e+07
2.803557189366236329e+07
2.799784100002839044e+07
2.796649445551320165e+07
2.794100251792813092e+07
2.791863004205469042e+07
2.789685360447978228e+07
2.787539425623438135e+07
2.785571602044027299e+07
2.783888725971234590e+07
2.782427892336986959e+07
2.781036441325777769e+07
2.779642727338820696e+07
2.778312890061284602e+07
2.777143972356753796e+07
2.776136008039204776e+07
2.775192852503412962e+07
2.774233636339350417e+07
2.773271333180046082e+07
2.772371959473362565e+07
2.771560761109118909e+07
2.770795161170170829e+07
2.770027136451287940e+07
2.769265313905028999e+07
2.768559326851920411e+07
2.767935789978562295e+07
2.767371495055703074e+07
2.766831286563891172e+07
2.766313101079709828e+07
2.765842228279446065e+07
2.765430481892509758e+07
2.765058966909774393e+07
2.764703865859765559e+07
2.764365404162752256e+07
2.764061495224739984e+07
2.763799737139520422e+07
2.763568026936160773e+07
2.763353053890617192e+07
2.763157007903306559e+07
2.762989975621985644e+07
2.762852121406783909e+07
2.762731960558862239e+07
2.762620746653184295e+07
2.762520755154433846e+07
2.762437106092455611e+07
2.762367388477674872e+07
2.762304135117954761e+07
2.762244528984898329e+07
2.762192228103697672e+07
2.762149820613362640e+07
2.762114180752074718e+07
2.762080874256986380e+07
2.762049696080365777e+07
2.762023071476088837e+07
2.762000888902854174e+07
2.761980051388140395e+07
2.761958703279354423e+07
2.761938105311525613e+07
2.761919744987500831e+07
2.761902787364872545e+07
2.761885608619705960e+07
2.761868345739714056e+07
2.761852349462758750e+07
2.761837852038828284e+07
2.761823715026495606e+07
2.761809303764723241e+07
2.761795246375242993e+07
2.761782107583055645e+07
2.761769422254277021e+07
2.761756557564578950e+07
2.761743736462694407e+07
2.761731562756762654e+07
2.761720035579122603e+07
2.761708691887914762e+07
2.761697443135737255e+07
2.761686635970097035e+07
2.761676371461451799e+07
2.761666319959411025e+07
2.761656260704890639e+07
2.761646353650224581e+07
2.761636751591962576e+07
2.761627306167127937e+07
2.761617835606061295e+07
2.761608409593322501e+07
2.761599168046622723e+07
2.761590050647930056e+07
2.761580902989321202e+07
2.761571716932490468e+07
2.761562579508770630e+07
2.761553470985359699e+07
2.761544285167746246e+07
2.761535001889669150e+07
2.761525691127948090e+07
2.761516369507131726e+07
2.761506979506356642e+07
2.761497503480226919e+07
2.761487989108489826e+07
2.761478455760156363e+07
2.761468865451378375e+07
2.761459198703196645e+07
2.761449484926441312e+07
2.761439742715878040e+07
2.761429951988700032e+07
2.761420102005613595e+07
2.761410216071868315e+07
2.761400311809775233e+07
2.761390378195745498e+07
2.761380406787401438e+07
2.761370410962654650e+07
2.761360400529246777e+07
2.761350366018736362e+07
2.761340300243661553e+07
2.761330211891206726e+07
2.761320107973062247e+07
2.761309982753624767e+07
2.761299832133007422e+07
2.761289662111949921e+07
2.761279476402591169e+07
2.761269269737712294e+07
2.761259038450397551e+07
2.761248785785795376e+07
2.761238513198328763e+07
2.761228216665345803e+07
2.761217894207361713e+07
2.761207548463720083e+07
2.761197180261067301e+07
2.761186786895202100e+07
2.761176367501104251e+07
2.761165923962483183e+07
2.761155456384032220e+07
2.761144962786400318e+07
2.761134442903478816e+07
2.761123898082569987e+07
2.761113328223370761e+07
2.761102732257239521e+07
2.761092110614011437e+07
2.761081464474794269e+07
2.761070793768125772e+07
2.761060097983132303e+07
2.761049377649609372e+07
2.761038633437930048e+07
2.761027865105928853e+07
2.761017072454527393e+07
2.761006256080726534e+07
2.760995416477332264e+07
2.760984553547257558e+07
2.760973667389215156e+07
2.760962758515261859e+07
2.760951827145625278e+07
2.760940873173200339e+07
2.760929896775532514e+07
2.760918898346276581e+07
2.760907878019747511e+07
2.760896835826332867e+07
2.760885772039383650e+07
2.760874686961438507e+07
2.760863580685876310e+07
2.760852453333531693e+07
2.760841305200064182e+07
2.760830136528461426e+07
2.760818947439597920e+07
2.760807738129673153e+07
2.760796508873305470e+07
2.760785259863594174e+07
2.760773991260181367e+07
2.760762703315765411e+07
2.760751396303989366e+07
2.760740070429785177e+07
2.760728725904012471e+07
2.760717362987922505e+07
2.760705981918207183e+07
2.760694582899220288e+07
2.760683166176041961e+07
2.760671732024367154e+07
2.760660280692666024e+07
2.760648812422025949e+07
2.760637327479577437e+07
2.760625826127445698e+07
2.760614308607205749e+07
2.760602775175824389e+07
2.760591226110998541e+07
2.760579661680718139e+07
2.760568082146290690e+07
2.760556487781734020e+07
2.760544878861852363e+07
2.760533255651653185e+07
2.760521618423546851e+07
2.760509967462988943e+07
2.760498303053023666e+07
2.760486625473465770e+07
2.760474935010951012e+07
2.760463231954261661e+07
2.760451516589027643e+07
2.760439789206473529e+07
2.760428050106647611e+07
2.760416299590159953e+07
2.760404537956880778e+07
2.760392765510524809e+07
2.760380982556321099e+07
2.760369189398884028e+07
2.760357386347123981e+07
2.760345573715732247e+07
2.760333751820772886e+07
2.760321920978970081e+07
2.760310081509720534e+07
2.760298233733796328e+07
2.760286377972903103e+07
2.760274514552574605e+07
2.760262643802612647e+07
2.760250766054681316e+07
2.760238881642059982e+07
2.760226990900409967e+07
2.760215094167022035e+07
2.760203191781063378e+07
2.760191284085163102e+07
2.760179371425193921e+07
2.760167454148894548e+07
2.760155532605775446e+07
2.760143607147310302e+07
2.760131678126617521e+07
2.760119745898974687e+07
2.760107810822644830e+07
2.760095873258467019e+07
2.760083933569108322e+07
2.760071992119038105e+07
2.760060049274521321e+07
2.760048105403599143e+07
2.760036160876593739e+07
2.760024216066421568e+07
2.760012271348163113e+07
2.760000327098641545e+07
2.759988383696348593e+07
2.759976441521381587e+07
2.759964500955543667e+07
2.759952562382670864e+07
2.759940626188625768e+07
2.759928692760936171e+07
2.759916762488549575e+07
2.759904835761764273e+07
2.759892912972213700e+07
2.759880994513025880e+07
2.759869080778975785e+07
2.759857172166348249e+07
2.759845269072677940e+07
2.759833371896603703e+07
2.759821481037812307e+07
2.759809596897072345e+07
2.759797719876344502e+07
2.759785850378773361e+07
2.759773988808493316e+07
2.759762135570439696e+07
2.759750291070230305e+07
2.759738455714133754e+07
2.759726629909101874e+07
2.759714814062799141e+07
2.759703008583498001e+07
2.759691213879907131e+07
2.759679430361028761e+07
