2.729910009665543437e+08
2.429012404079281688e+08
2.147672264321859181e+08
1.886516220058935881e+08
1.646062620087282956e+08
1.426700698993757665e+08
1.228669610461402684e+08
1.052037075229440182e+08
8.966780950250974298e+07
7.622541864122220874e+07
6.481951268863911182e+07
5.536862360281067342e+07
4.776631742974035442e+07
4.188161013750100881e+07
3.756045321821685135e+07
3.462845048956145346e+07
3.289486653455420956e+07
3.215790895887077600e+07
3.221109725906417519e+07
3.285028415764252096e+07
3.388109405680055171e+07
3.512563593762594461e+07
3.642832899192210287e+07
3.766022290179365128e+07
3.872151336566822976e+07
3.954216157900510728e+07
4.008083947031192482e+07
4.032235107662501931e+07
4.027398486980739236e+07
3.996117920315426588e+07
3.942287946608147025e+07
3.870691213237633556e+07
3.786563166900606453e+07
3.695203177532331645e+07
3.601644592235495150e+07
3.510391458749207854e+07
3.425224802933967113e+07
3.349078454292226210e+07
3.283981133889101818e+07
3.231058984587049112e+07
3.190591198517249152e+07
3.162109060609332472e+07
3.144527538173120469e+07
3.136298060226438940e+07
3.135570469261936471e+07
3.140352983727018908e+07
3.148660118989708275e+07
3.158640203452626616e+07
3.168676375842314586e+07
3.177457768491792306e+07
3.184019594986183941e+07
3.187753635891515389e+07
3.188392374308744818e+07
3.185971525808528066e+07
3.180776698984291032e+07
3.173280253570701182e+07
3.164074276362352818e+07
3.153805123081172258e+07
3.143114030682482943e+07
3.132587288814875484e+07
3.122718324578790367e+07
3.113882684469005466e+07
3.106326079866811633e+07
3.100164416747037321e+07
3.095394058520563692e+07
3.091910207165164500e+07
3.089530536980645359e+07
3.088021586950103939e+07
3.087125330067818239e+07
3.086583760383946821e+07
3.086159703272012621e+07
3.085652751564412564e+07
3.084909642341326550e+07
3.083829093498072773e+07
3.082361489003650099e+07
3.080504202350678295e+07
3.078293661637474597e+07
3.075795304454439133e+07
3.073092634829527885e+07
3.070276476020878553e+07
3.067435310840531439e+07
3.064647476623428613e+07
3.061975485477394983e+07
3.059462769354319572e+07
3.057132719676114991e+07
3.054989695399677753e+07
3.053021689169505239e+07
3.051204063127636909e+07
3.049503878240091354e+07
3.047884301939421147e+07
3.046308668411336094e+07
3.044743876419574022e+07
3.043162871269024163e+07
3.041546165675263852e+07
3.039882373336564004e+07
3.038167875034023076e+07
3.036405786738108099e+07
3.034604442683183774e+07
3.032775622863644361e+07
3.030932726545090973e+07
3.029089116017727181e+07
3.027256724247152731e+07
3.025445050021877512e+07
3.023660578439318761e+07
3.021906601826837659e+07
3.020183402949068323e+07
3.018488723902425170e+07
3.016818414291622490e+07
3.015167186515944824e+07
3.013529337803024799e+07
3.011899417227051780e+07
3.010272748168961331e+07
3.008645780672952905e+07
3.007016265976780653e+07
3.005383263237886503e+07
3.003747005489911512e+07
3.002108662556964532e+07
3.000470043609850109e+07
2.998833281625222787e+07
2.997200537085495889e+07
2.995573750066434965e+07
2.993954459800015762e+07
2.992343700261439756e+07
2.990741970540806651e+07
2.989149270680730045e+07
2.987565187914832681e+07
2.985989015098411962e+07
2.984419882520828396e+07
2.982856885894908756e+07
2.981299196601935104e+07
2.979746144595605507e+07
2.978197269079909474e+07
2.976652336577496305e+07
2.975111329817067459e+07
2.973574413664253056e+07
2.972041885941649601e+07
2.970514121431054920e+07
2.968991516761056334e+07
2.967474442490890622e+07
2.965963206798598915e+07
2.964458033072910458e+07
2.962959052157774195e+07
2.961466305230024457e+07
2.959979759791113436e+07
2.958499330690912902e+07
2.957024903071900830e+07
2.955556355940822884e+07
2.954093582114386186e+07
2.952636502986404300e+07
2.951185077185819298e+07
2.949739303102190048e+07
2.948299216014287993e+07
2.946864881099735200e+07
2.945436383897899091e+07
2.944013819848880917e+07
2.942597284372010827e+07
2.941186864632166550e+07
2.939782633736169338e+07
2.938384647670221329e+07
2.936992944891113415e+07
2.935607548163275793e+07
2.934228465035469085e+07
2.932855704127657413e+07
2.931489262665510550e+07
2.930129139006070048e+07
2.928775338132583350e+07
2.927427870231954008e+07
2.926086752418671548e+07
2.924752008465389162e+07
2.923423667893189192e+07
2.922101763215912133e+07
2.920786329441329092e+07
2.919477401109471545e+07
2.918175010880625993e+07
2.916879188333736733e+07
2.915589959301437438e+07
2.914307345733157545e+07
2.913031366008982062e+07
2.911762035580276698e+07
2.910499367790979147e+07
2.909243374735872447e+07
2.907994068025244772e+07
2.906751459381162375e+07
2.905515560526702553e+07
2.904286385128570348e+07
2.903063946060406044e+07
2.901848256855715811e+07
2.900645205533979088e+07
2.899452851169057190e+07
2.898267235075182095e+07
2.897088364270992950e+07
2.895916245030836016e+07
2.894750882739418000e+07
2.893592281831900030e+07
2.892440445810563862e+07
2.891295377320346609e+07
2.890157078260726854e+07
2.889025549910441786e+07
2.887900793044060469e+07
2.886782808024368808e+07
2.885671594860906154e+07
2.884567153231565654e+07
2.883469482470085472e+07
2.882378581526677683e+07
2.881294448911708593e+07
2.880217082633081079e+07
2.879146480137095600e+07
2.878082638260409981e+07
2.877025553197840601e+07
2.875975220487725735e+07
2.874931635013782233e+07
2.873894791020285711e+07
2.872864682136109844e+07
2.871841301402764767e+07
2.870824641301951185e+07
2.869814693779125065e+07
2.868811450260882452e+07
2.867814901665388420e+07
2.866825038406347483e+07
2.865841850391975418e+07
2.864865327021013945e+07
2.863895457177987695e+07
2.862932229229686782e+07
2.861975631024383754e+07
2.861025649894655496e+07
2.860082272664008662e+07
2.859145485656912625e+07
2.858215273073999956e+07
2.857291623558237776e+07
2.856374520377737284e+07
2.855463947996331751e+07
2.854559890446284786e+07
2.853662331338923424e+07
2.852771253873352706e+07
2.851886641763237119e+07
2.851008475561515242e+07
2.850136738189776987e+07
2.849271411257152259e+07
2.848412475987153500e+07
2.847559914251033589e+07
2.846713704462553561e+07
2.845873827748152241e+07
2.845040263847470656e+07
2.844212992022517323e+07
2.843391991569525003e+07
2.842577241063003242e+07
2.841768719150969759e+07
2.840966403337184340e+07
2.840170271638545766e+07
2.839380301487694681e+07
2.838596470017091557e+07
2.837818754065711051e+07
2.837047130185683072e+07
2.836281574648971111e+07
2.835522063454145938e+07
2.834768572333301976e+07
2.834021076759082824e+07
2.833279551951810718e+07
2.832543972886651754e+07
2.831814314300755411e+07
2.831090550700310990e+07
2.830372656367458031e+07
2.829660605367022008e+07
2.828954371553060040e+07
2.828253934589531645e+07
2.827559255891233310e+07
2.826870313177308440e+07
2.826187082649526373e+07
2.825509535633956641e+07
2.824837644848068431e+07
2.824171382840278372e+07
2.823510721995638683e+07
2.822855634541489184e+07
2.822206092679812387e+07
2.821562068086047471e+07
2.820923532674492896e+07
2.820290458097536117e+07
2.819662815877557918e+07
2.819040577412313968e+07
2.818423713980253413e+07
2.817812196871233732e+07
2.817205996890914440e+07
2.816605085115536302e+07
2.816009432398381829e+07
2.815419009610028565e+07
2.814833787201366201e+07
2.814253735869421065e+07
2.813678826123091951e+07
2.813109028397399932e+07
2.812544313058248535e+07
2.811984650407116488e+07
2.811430010685672611e+07
2.810880364080318809e+07
2.810335680726650357e+07
2.809795930713849515e+07
2.809261084088996798e+07
2.808731110861314088e+07
2.808205981006346643e+07
2.807685664470066875e+07
2.807170131172931939e+07
