2.982665198295372725e+08
2.578004996988285184e+08
2.227291464218109846e+08
1.931567352596015930e+08
1.691054883552158177e+08
1.509083257011901736e+08
1.377085147911212444e+08
1.288598756962043941e+08
1.238574633256226033e+08
1.220444980984318852e+08
1.226423779795074165e+08
1.248092708667240590e+08
1.277121124712651819e+08
1.306483031976911873e+08
1.330709417312859595e+08
1.346288593035759926e+08
1.351641137202350497e+08
1.346219338776498437e+08
1.331383257184948921e+08
1.309566689904399365e+08
1.283634940133052468e+08
1.256475794339986444e+08
1.230678682009831667e+08
1.208304430149230063e+08
1.190743064180604219e+08
1.178656838988804221e+08
1.172003849401780665e+08
1.170134903627289832e+08
1.171949937481492758e+08
1.176092952078976035e+08
1.181158619445012510e+08
1.185881374192605019e+08
1.189282045535344332e+08
1.190755174690345973e+08
1.190091981567244828e+08
1.187444705243050754e+08
1.183246272516665608e+08
1.178103409312385023e+08
1.172682151474748850e+08
1.167602277492879331e+08
1.163353694599208087e+08
1.160243098059347868e+08
1.158374381363579482e+08
1.157661508928928673e+08
1.157867812407020181e+08
1.158663402588741332e+08
1.159689192064913362e+08
1.160616791618755907e+08
1.161195547144796401e+08
1.161280128917259872e+08
1.160837385340595543e+08
1.159933753977976143e+08
1.158708203443348855e+08
1.157336395748753697e+08
1.155999569435328543e+08
1.154846361012648940e+08
1.153974387740761638e+08
1.153421154381978959e+08
1.153166504764326811e+08
1.153145119637127221e+08
1.153264808048697561e+08
1.153426903781727254e+08
1.153544816381108463e+08
1.153557547761328220e+08
1.153436466554973423e+08
1.153185163892627507e+08
1.152833325877082050e+08
1.152426716588291824e+08
1.152015712341893017e+08
1.151644848219640553e+08
1.151344877104371637e+08
1.151128993553196788e+08
1.150992926337390542e+08
1.150918470853533745e+08
1.150879232793028802e+08
1.150847106186658144e+08
1.150798091848550439e+08
1.150716381026889980e+08
1.150596145398390740e+08
1.150441015568411946e+08
1.150261709836938828e+08
1.150072586205403805e+08
1.149887998771291077e+08
1.149719248815184534e+08
1.149572678129898012e+08
1.149449127624878287e+08
1.149344665327768177e+08
1.149252224355747998e+08
1.149163657118482292e+08
1.149071692626054883e+08
1.148971384657448232e+08
1.148860812468648702e+08
1.148740997138384879e+08
1.148615176145510972e+08
1.148487699982140362e+08
1.148362859294584394e+08
1.148243915444177836e+08
1.148132530767512769e+08
1.148028652579424679e+08
1.147930815742194951e+08
1.147836720980321765e+08
1.147743911812502593e+08
1.147650375750295520e+08
1.147554940679957569e+08
1.147457405915477872e+08
1.147358419853723347e+08
1.147259174689138830e+08
1.147161021343034804e+08
1.147065110632182956e+08
1.146972143510941863e+08
1.146882273499123305e+08
1.146795160314617008e+08
1.146710136717024297e+08
1.146626428671883494e+08
1.146543365658426285e+08
1.146460528095123470e+08
1.146377810042012334e+08
1.146295389090114534e+08
1.146213630909403265e+08
1.146132962235189080e+08
1.146053747602097392e+08
1.145976206599975824e+08
1.145900379529192597e+08
1.145826147280633003e+08
1.145753288182330132e+08
1.145681553050882071e+08
1.145610732756246477e+08
1.145540706446800679e+08
1.145471455175011903e+08
1.145403046620254517e+08
1.145335601656672806e+08
1.145269247084144354e+08
1.145204079743055105e+08
1.145140168606422096e+08
1.145077445304168761e+08
1.145015873786039054e+08
1.144955367998686433e+08
1.144895843721327484e+08
1.144837239175547659e+08
1.144779525877681375e+08
1.144722708244864196e+08
1.144666814220525622e+08
1.144611880743648410e+08
1.144557939260597527e+08
1.144505005666383654e+08
1.144453074604437500e+08
1.144402138984823525e+08
1.144352148504437655e+08
1.144303057288956791e+08
1.144254849451293945e+08
1.144207505079790205e+08
1.144161017265463918e+08
1.144115387132385522e+08
1.144070619580231309e+08
1.144026718153226674e+08
1.143983681169577539e+08
1.143941500047856122e+08
1.143900159957203567e+08
1.143859642204555869e+08
1.143819927351441979e+08
1.143780998241761625e+08
1.143742840731291622e+08
1.143705445371244252e+08
1.143668805462763160e+08
1.143632915563181490e+08
1.143597769676997960e+08
1.143563359936483949e+08
1.143529676092892289e+08
1.143496705834886283e+08
1.143464435692357570e+08
1.143432852143619061e+08
1.143401942546068728e+08
1.143371695630665869e+08
1.143342101664915383e+08
1.143313151867969483e+08
1.143284836531151086e+08
1.143257147176915109e+08
1.143230074032073468e+08
1.143203606537057161e+08
1.143177733554791510e+08
1.143152443948309720e+08
1.143127726168930680e+08
1.143103569749721140e+08
1.143079964602088332e+08
1.143056901137053519e+08
1.143034370061347783e+08
1.143012362138478607e+08
1.142990867999607921e+08
1.142969878058034480e+08
1.142949382537690997e+08
1.142929371586634219e+08
1.142909836431610584e+08
1.142890765470745265e+08
1.142872150389294624e+08
1.142853982123519480e+08
1.142836252043412924e+08
1.142818950934057236e+08
1.142802070320310444e+08
1.142785601490494013e+08
1.142769535730067492e+08
1.142753864357930124e+08
1.142738578780709654e+08
1.142723670543876737e+08
1.142709131363215148e+08
1.142694953129657507e+08
1.142681127890820801e+08
1.142667648732413650e+08
1.142654506097429693e+08
1.142641693242994547e+08
1.142629202585659474e+08
1.142617026625500172e+08
1.142605157965214550e+08
1.142593589329159707e+08
1.142582313575678319e+08
1.142571323699606359e+08
1.142560613044393510e+08
1.142550174417551160e+08
1.142540001387672871e+08
1.142530087405691594e+08
1.142520426021300554e+08
1.142511010887078494e+08
1.142501835765525699e+08
1.142492896965191960e+08
1.142484183616245985e+08
1.142475706570464969e+08
1.142467431437638998e+08
1.142459370705459118e+08
1.142451511407171637e+08
1.142443851544222981e+08
1.142436386157568991e+08
1.142429109629494548e+08
1.142422017025463283e+08
1.142415103325155377e+08
1.142408363615577072e+08
1.142401793090100288e+08
1.142395387046258152e+08
1.142389140882968158e+08
1.142383050088701546e+08
1.142377110245909095e+08
1.142371317042084634e+08
1.142365666322428882e+08
1.142360153841624707e+08
1.142354775635858923e+08
1.142349527774086893e+08
1.142344406418754160e+08
1.142339407823997736e+08
1.142334528333611190e+08
1.142329764379081428e+08
1.142325112477921247e+08
1.142320569232364595e+08
1.142316131328330040e+08
1.142311795534484684e+08
1.142307558701212257e+08
1.142303417759383619e+08
1.142299369718908370e+08
1.142295411667143255e+08
1.142291540767278671e+08
1.142287754256809801e+08
1.142284049009545743e+08
1.142280423280017674e+08
1.142276874084847867e+08
1.142273398945839405e+08
1.142269995452797711e+08
1.142266661262173951e+08
1.142263394095634371e+08
1.142260191738602817e+08
1.142257052038824558e+08
1.142253972904990017e+08
1.142250952305428088e+08
1.142247988266852349e+08
1.142245078873133361e+08
1.142242222264068872e+08
1.142239416634134352e+08
1.142236660231218040e+08
1.142233951355351806e+08
1.142231288357457221e+08
1.142228669638127089e+08
1.142226093646441996e+08
1.142223558878818303e+08
1.142221063877884448e+08
1.142218607231360972e+08
1.142216187570944130e+08
1.142213803571189940e+08
1.142211453948404193e+08
1.142209137459546924e+08
1.142206852901158482e+08
1.142204599108313322e+08
1.142202374953600317e+08
1.142200179346126765e+08
1.142198011230538487e+08
1.142195869586056471e+08
1.142193753425526321e+08
1.142191661794481575e+08
1.142189593770226389e+08
1.142187548460935354e+08
1.142185525004780889e+08
1.142183522569075078e+08
1.142181540349435657e+08
1.142179577568967789e+08
1.142177633477461934e+08
