3.164222450222050771e+07
2.961050365113557503e+07
2.916710040008582920e+07
2.942884484836838394e+07
2.959329772184921801e+07
2.944880737388743460e+07
2.908022841756223515e+07
2.876894153345648199e+07
2.866760216175177321e+07
2.874285459000000358e+07
2.883994175977703929e+07
2.883056364378219843e+07
2.870319833773289621e+07
2.853530860987411067e+07
2.841683295682431757e+07
2.838878706232577562e+07
2.842358876624364778e+07
2.845487252076653019e+07
2.843280431485367939e+07
2.835732262859870493e+07
2.826772153615722060e+07
2.820716584491949156e+07
2.819136629492151737e+07
2.820112919742752239e+07
2.820170110940250009e+07
2.817163229300753027e+07
2.811691149399879947e+07
2.806177857568304241e+07
2.802744701961451396e+07
2.801635497642435879e+07
2.801302076273427904e+07
2.799909768140712380e+07
2.796873914932510257e+07
2.793143993819879740e+07
2.790188443146156147e+07
2.788703659599177539e+07
2.788142009301026538e+07
2.787355894696949422e+07
2.785671686756199598e+07
2.783396966751803458e+07
2.781393544551033899e+07
2.780225457354646176e+07
2.779693157558422163e+07
2.779122362890398875e+07
2.778048541599930078e+07
2.776609624786251783e+07
2.775319667371170595e+07
2.774523340646762401e+07
2.774090789234690368e+07
2.773611855005159602e+07
2.772834541209473461e+07
2.771884675807479769e+07
2.771080854275500774e+07
2.770586032081593946e+07
2.770267186429471523e+07
2.769875613560146093e+07
2.769318568814226240e+07
2.768728877752368897e+07
2.768289350377837569e+07
2.768031315409781784e+07
2.767823426742993295e+07
2.767535200388566032e+07
2.767174455519186705e+07
2.766853992323252559e+07
2.766649213973301649e+07
2.766519011218117550e+07
2.766367939293358847e+07
2.766159421837548539e+07
2.765945361165162548e+07
2.765791351026437432e+07
2.765698356477354467e+07
2.765610960369868949e+07
2.765489463763786107e+07
2.765352367730962113e+07
2.765244201522738487e+07
2.765178010127064586e+07
2.765124383606968075e+07
2.765052831053917855e+07
2.764967800428713113e+07
2.764896793522372097e+07
2.764852493884607404e+07
2.764819134650833160e+07
2.764775977796661481e+07
2.764723091515140980e+07
2.764677122205210477e+07
2.764647127488717437e+07
2.764623950174731761e+07
2.764594361880781129e+07
2.764558089661797509e+07
2.764525580037261918e+07
2.764502468895973265e+07
2.764482881738554686e+07
2.764458787099675462e+07
2.764430630093048513e+07
2.764405141677106172e+07
2.764385284336274117e+07
2.764366872396630421e+07
2.764345246885879338e+07
2.764321464622193575e+07
2.764299801212982088e+07
2.764281354395619407e+07
2.764263026517196372e+07
2.764242376910867915e+07
2.764220763484865427e+07
2.764200760357110202e+07
2.764182351449856535e+07
2.764163356360198557e+07
2.764142792446829379e+07
2.764122003463715315e+07
2.764102350845598057e+07
2.764083283162140101e+07
2.764063440126919001e+07
2.764042718535223603e+07
2.764022202275519073e+07
2.764002414098281413e+07
2.763982673069157451e+07
2.763962292638675123e+07
2.763941578153025731e+07
2.763921212527517602e+07
2.763901196887578815e+07
2.763880968682811037e+07
2.763860325352112949e+07
2.763839659418710321e+07
2.763819275677332655e+07
2.763798957902473211e+07
2.763778385944726318e+07
2.763757635290034488e+07
2.763736996916764975e+07
2.763716504431699216e+07
2.763695931742410362e+07
2.763675184530446306e+07
2.763654424040368199e+07
2.763633780532198399e+07
2.763613164312136918e+07
2.763592446630652994e+07
2.763571667974928766e+07
2.763553352826141194e+07
2.763535608620763943e+07
2.763518086652389914e+07
2.763500631585130841e+07
2.763483104692005366e+07
2.763465432470001653e+07
2.763447617836422473e+07
2.763429720310216770e+07
2.763411826554252952e+07
2.763394022240044177e+07
2.763376366254292428e+07
2.763358873508723080e+07
2.763341516383373737e+07
2.763324243561784923e+07
2.763307002381649613e+07
2.763289753458550945e+07
2.763272477314252779e+07
2.763255175928649306e+07
2.763237868186908960e+07
2.763220578909672797e+07
2.763203327151457965e+07
2.763186120527607948e+07
2.763168956198181212e+07
2.763151824624231085e+07
2.763134713888790831e+07
2.763117614642893523e+07
2.763100524285266176e+07
2.763083447650843486e+07
2.763066393978448212e+07
2.763049372974765301e+07
2.763032392211028934e+07
2.763015455702424794e+07
2.762998563174813986e+07
2.762981710605486855e+07
2.762964892236687616e+07
2.762948102785554528e+07
2.762931338565307111e+07
2.762914597647922859e+07
2.762897879771515727e+07
2.762881186015513167e+07
2.762864518018947914e+07
2.762847877156611532e+07
2.762831264282660931e+07
2.762814679965024441e+07
2.762798124716878310e+07
2.762781599116756767e+07
2.762765104018870741e+07
2.762748640768813342e+07
2.762732211121082306e+07
2.762715816862835363e+07
2.762699459445630759e+07
2.762683139772625268e+07
2.762666858071520925e+07
2.762650613873149455e+07
2.762634406217357889e+07
2.762618234033353627e+07
2.762602096464211494e+07
2.762585993009119481e+07
2.762569923537969589e+07
2.762553888231955469e+07
2.762537887445167452e+07
2.762521921543791145e+07
2.762505990839392692e+07
2.762490095643146336e+07
2.762474236351182684e+07
2.762458413484775648e+07
2.762442627680912986e+07
2.762426879637805000e+07
2.762411170010830462e+07
2.762395499297749624e+07
2.762379867783363163e+07
2.762364275565999746e+07
2.762348722625435889e+07
2.762333208890859410e+07
2.762317734295088425e+07
2.762302298804716021e+07
2.762286902417640015e+07
2.762271545145357400e+07
2.762256227011509240e+07
2.762240948073859885e+07
2.762225708449904621e+07
2.762210508328960836e+07
2.762195347966782376e+07
2.762180227661800012e+07
2.762165147717145830e+07
2.762150108405434340e+07
2.762135109953683242e+07
2.762120152548269928e+07
2.762105236346389353e+07
2.762090361483407393e+07
2.762075528072760254e+07
2.762060736198855937e+07
2.762045985908723250e+07
2.762031277212908864e+07
2.762016610101121664e+07
2.762001984566532448e+07
2.761987400627177954e+07
2.761972858336582407e+07
2.761958357781416178e+07
2.761943899069043994e+07
2.761929482312631980e+07
2.761915107622425258e+07
2.761900775106018409e+07
2.761886484873122722e+07
2.761872235985013470e+07
2.761858030663428456e+07
2.761843867963296175e+07
2.761829748053954542e+07
2.761815670834843814e+07
2.761801636423038319e+07
2.761787644837389886e+07
2.761773696090549976e+07
2.761759790197113156e+07
2.761745927176318318e+07
2.761732107049950212e+07
2.761718329838753492e+07
2.761704595561196655e+07
2.761690904236026853e+07
2.761677255886772275e+07
2.761663650544852391e+07
2.761650088248910382e+07
2.761636569040227681e+07
2.761623092956355587e+07
2.761609660026146844e+07
2.761596270268392190e+07
2.761582923693858832e+07
2.761569620308608189e+07
2.761556360116245225e+07
2.761543143117953837e+07
2.761529969310906157e+07
2.761516838686816394e+07
2.761503751232299954e+07
2.761490706931334734e+07
2.761477705768578500e+07
2.761464747731740773e+07
2.761451832811799645e+07
2.761438961001199484e+07
2.761426132291240618e+07
2.761413346670231223e+07
2.761400604123182595e+07
2.761387904632709920e+07
2.761375248180000484e+07
2.761362634744896740e+07
2.761350064304867759e+07
2.761337536833540723e+07
2.761325052299828455e+07
2.761312610668306425e+07
2.761300211900689080e+07
2.761287855957562849e+07
2.761275542799488828e+07
2.761263272387063876e+07
2.761251044680241868e+07
2.761238859637612477e+07
2.761226717216242105e+07
2.761214617372154072e+07
2.761202560061008483e+07
2.761190545238400251e+07
2.761178572859461606e+07
2.761166642877971008e+07
2.761154755245472491e+07
2.761142909910908714e+07
2.761131106820897013e+07
2.761119345920361206e+07
2.761107628158585727e+07
