1.488141964338600636e+08
1.456590059203313589e+08
1.421576775664185286e+08
1.386523427749062777e+08
1.354988741056643724e+08
1.329122358507954776e+08
1.307220863153083175e+08
1.286908241811696440e+08
1.267689507365398705e+08
1.250695350264162123e+08
1.237031775949874818e+08
1.226692227611116171e+08
1.218678245081482232e+08
1.211927388534465730e+08
1.206044480304370522e+08
1.201259816929965019e+08
1.197874381939069331e+08
1.195755223438119292e+08
1.194299727138163000e+08
1.192858408112827241e+08
1.191148520000446141e+08
1.189268105739679039e+08
1.187403998665830046e+08
1.185568840710778236e+08
1.183582585563792586e+08
1.181264236000701040e+08
1.178619764658023417e+08
1.175808956245938838e+08
1.173017231965454519e+08
1.170379735885865241e+08
1.167872775762130618e+08
1.165437630061699152e+08
1.163109601929720938e+08
1.161019880441208482e+08
1.159286931039785147e+08
1.157919724705664217e+08
1.156827908856801838e+08
1.155916469423952699e+08
1.155157564827688038e+08
1.154570050341810286e+08
1.154146365784340501e+08
1.153817492234846056e+08
1.153492364766588211e+08
1.153121208628197312e+08
1.152712111742099226e+08
1.152290757101231515e+08
1.151856774603407085e+08
1.151385530993779749e+08
1.150865091104651093e+08
1.150318822325670123e+08
1.149787665970195383e+08
1.149296556082923412e+08
1.148844349926716536e+08
1.148423709317116141e+08
1.148041608282568604e+08
1.147715161644594669e+08
1.147451332430335283e+08
1.147237828573307693e+08
1.147055333411485106e+08
1.146893880082128644e+08
1.146753689546173811e+08
1.146632942954438329e+08
1.146520782057586461e+08
1.146404334735150039e+08
1.146279227655775249e+08
1.146149854044064134e+08
1.146020577790790796e+08
1.145890321178620309e+08
1.145756546966182441e+08
1.145621385281626284e+08
1.145490926364334524e+08
1.145369171292388737e+08
1.145255156178013831e+08
1.145146374904684126e+08
1.145042812612737417e+08
1.144946071782154441e+08
1.144855739672209024e+08
1.144768657687258720e+08
1.144681930353119522e+08
1.144595157514818311e+08
1.144509110031514168e+08
1.144423426740673780e+08
1.144336814472753108e+08
1.144249055161462724e+08
1.144161581848593801e+08
1.144075895778259188e+08
1.143992310613991469e+08
1.143910638133113533e+08
1.143831370137852728e+08
1.143755442801078409e+08
1.143683108727067113e+08
1.143613727930075377e+08
1.143546673434889019e+08
1.143481877009769380e+08
1.143419332649807781e+08
1.143358562543434799e+08
1.143298937441979200e+08
1.143240277819615155e+08
1.143182799899680316e+08
1.143126603849746883e+08
1.143071561116005182e+08
1.143017675572991520e+08
1.142965239374538064e+08
1.142914523878455907e+08
1.142865534015780091e+08
1.142818175096908212e+08
1.142772478505901694e+08
1.142728514638218582e+08
1.142686191147657037e+08
1.142645298090994060e+08
1.142605706993922442e+08
1.142567396300136596e+08
1.142530309789570868e+08
1.142494321846492589e+08
1.142459355881112516e+08
1.142425434879886210e+08
1.142392586754426360e+08
1.142360778046972901e+08
1.142329972132285833e+08
1.142300182935784012e+08
1.142271425612315238e+08
1.142243663455884755e+08
1.142216833572116196e+08
1.142190902487821430e+08
1.142165849529862702e+08
1.142141627002187669e+08
1.142118174502279758e+08
1.142095458101877868e+08
1.142073465368222445e+08
1.142052173824569583e+08
1.142031552072341293e+08
1.142011584101745784e+08
1.141992267248023748e+08
1.141973588907680809e+08
1.141955524214125127e+08
1.141938053208736181e+08
1.141921162466952652e+08
1.141904830854459703e+08
1.141889028456802815e+08
1.141873729650337845e+08
1.141858915844782442e+08
1.141844566271394044e+08
1.141830656893056333e+08
1.141817168785907328e+08
1.141804089221848845e+08
1.141791404420741051e+08
1.141779098069399595e+08
1.141767156458185166e+08
1.141755568699568808e+08
1.141744321781132817e+08
1.141733400141860247e+08
1.141722789638413042e+08
1.141712477818618268e+08
1.141702450926924944e+08
1.141692694240761250e+08
1.141683194907470047e+08
1.141673941789887995e+08
1.141664923351211548e+08
1.141656128347197175e+08
1.141647546238399893e+08
1.141639168434944451e+08
1.141630985519247055e+08
1.141622988001139462e+08
1.141615167338630855e+08
1.141607515338289589e+08
1.141600023352753371e+08
1.141592682915548086e+08
1.141585486405832916e+08
1.141578426533909291e+08
1.141571495949008167e+08
1.141564687771060616e+08
1.141557995846444070e+08
1.141551414248325229e+08
1.141544937097679526e+08
1.141538558937332630e+08
1.141532274739381671e+08
1.141526079522041529e+08
1.141519968351847529e+08
1.141513936618749201e+08
1.141507979967279136e+08
1.141502094092574269e+08
1.141496274861232638e+08
1.141490518479152620e+08
1.141484821372529119e+08
1.141479180076404959e+08
1.141473591342824101e+08
1.141468052182718813e+08
1.141462559737202972e+08
1.141457111243526191e+08
1.141451704121569097e+08
1.141446335956228822e+08
1.141441004410055876e+08
1.141435707243933380e+08
1.141430442372966409e+08
1.141425207829991877e+08
1.141420001729170680e+08
1.141414822306647450e+08
1.141409667936958820e+08
1.141404537087536305e+08
1.141399428305591643e+08
1.141394340243373513e+08
1.141389271645374000e+08
1.141384221317805350e+08
1.141379188137913346e+08
1.141374171067763567e+08
1.141369169134735465e+08
1.141364181419086307e+08
1.141359207066905200e+08
1.141354245289852917e+08
1.141349295349711478e+08
1.141344356559717655e+08
1.141339428292234838e+08
1.141334509968959838e+08
1.141329601050387323e+08
1.141324701039099693e+08
1.141319809479282945e+08
1.141314925947953165e+08
1.141310050054234266e+08
1.141305181443602145e+08
1.141300319793753773e+08
1.141295464809063077e+08
1.141290616221983731e+08
1.141285773792958707e+08
1.141280937305802256e+08
1.141276106566731930e+08
1.141271281405812800e+08
1.141266461674011350e+08
1.141261647239477336e+08
1.141256837987480760e+08
1.141252033819810748e+08
1.141247234652274251e+08
1.141242440414337218e+08
1.141237651049840152e+08
1.141232866515343487e+08
1.141228086778212339e+08
1.141223311816464961e+08
1.141218545235897899e+08
1.141213785878471285e+08
1.141209031136650890e+08
1.141204281022904515e+08
1.141199535557081401e+08
1.141194794765801132e+08
1.141190058682087958e+08
1.141185327344950885e+08
1.141180600798791647e+08
1.141175879092888236e+08
1.141171162280995846e+08
1.141166450420934111e+08
1.141161743574250042e+08
1.141157041805967987e+08
1.141152345184254944e+08
1.141147653780003786e+08
1.141142967666483968e+08
1.141138286919071674e+08
1.141133611615008265e+08
1.141128941833242774e+08
1.141124277654302865e+08
1.141119619160098433e+08
1.141114966433691680e+08
1.141110319559108913e+08
1.141105678621183038e+08
1.141101043705424666e+08
1.141096414897935838e+08
1.141091792285311222e+08
1.141087175954495221e+08
1.141082565992634594e+08
1.141077962486965358e+08
1.141073365524728894e+08
1.141068775193113387e+08
1.141064191579214185e+08
1.141059614769970179e+08
1.141055044852071702e+08
1.141050481911871135e+08
1.141045926035318673e+08
1.141041377307913452e+08
1.141036835814675987e+08
1.141032301640115827e+08
1.141027774868180156e+08
1.141023255582192689e+08
1.141018743864800632e+08
1.141014239797945023e+08
1.141009743462840617e+08
1.141005254939966053e+08
1.141000774309042096e+08
1.140996301648996025e+08
1.140991837037926167e+08
1.140987380553077459e+08
1.140982932270830572e+08
1.140978492266698927e+08
1.140974060615323782e+08
1.140969637390459776e+08
1.140965222664950490e+08
1.140960816510713995e+08
1.140956418998732567e+08
1.140952030199051797e+08
1.140947650180781782e+08
1.140943279012088180e+08
1.140938916760178506e+08
1.140934563491286188e+08
1.140930219270660877e+08
