2.937003844087653160e+08
2.487998332002245784e+08
2.106275969778246284e+08
1.792796374763021469e+08
1.547258498412656486e+08
1.367650256191829145e+08
1.249776825859184265e+08
1.186880742914253324e+08
1.169537718594219387e+08
1.186045348520887941e+08
1.223433254622924626e+08
1.268975361911743134e+08
1.311797083758438975e+08
1.344070465379389226e+08
1.361482235233494043e+08
1.362992099072699845e+08
1.350131579306627512e+08
1.326133368909584880e+08
1.295096847068903744e+08
1.261289236463119984e+08
1.228609071472389251e+08
1.200205317979883254e+08
1.178238430637665391e+08
1.163773677910547704e+08
1.156801145964464098e+08
1.156374861631491482e+08
1.160853848705290854e+08
1.168212712420935482e+08
1.176375481053735614e+08
1.183520046170185208e+08
1.188306822026975751e+08
1.190002587932256907e+08
1.188493269930834919e+08
1.184200349088881314e+08
1.177929534383351505e+08
1.170685830936597884e+08
1.163487743365658522e+08
1.157207588798521608e+08
1.152457045829973668e+08
1.149528444656562060e+08
1.148393560706024021e+08
1.148753403903934956e+08
1.150125309106769413e+08
1.151948931270114630e+08
1.153691070381988734e+08
1.154931509627520442e+08
1.155417267274576724e+08
1.155079941280285716e+08
1.154018188742797375e+08
1.152453387649948895e+08
1.150670194289856851e+08
1.148954696012111157e+08
1.147541519462606609e+08
1.146578112655950189e+08
1.146110294364784956e+08
1.146088814856635332e+08
1.146392838532109261e+08
1.146863671348034292e+08
1.147340799004576057e+08
1.147692999088353217e+08
1.147839078995480537e+08
1.147755642445445061e+08
1.147472198219069839e+08
1.147056443525067270e+08
1.146594126741345972e+08
1.146168378063051403e+08
1.145842776125085801e+08
1.145651119486368299e+08
1.145594962301241755e+08
1.145648341893007010e+08
1.145767593163998723e+08
1.145903423483631015e+08
1.146012321326477826e+08
1.146064936440768838e+08
1.146050066971060336e+08
1.145974047508293986e+08
1.145856373591175973e+08
1.145723107549700737e+08
1.145599875731252432e+08
1.145506090532174706e+08
1.145451512442841828e+08
1.145435572553683817e+08
1.145449182373323441e+08
1.145478227303637713e+08
1.145507672629966587e+08
1.145525224017518163e+08
1.145523753070831597e+08
1.145502106644042134e+08
1.145464361450830996e+08
1.145417947486535311e+08
1.145371270768451989e+08
1.145331490105517507e+08
1.145302964476197213e+08
1.145286643998152316e+08
1.145280404539279193e+08
1.145280090048496723e+08
1.145280892100906819e+08
1.145278665097824633e+08
1.145270857010191977e+08
1.145256881839026809e+08
1.145237929100385755e+08
1.145216350075908750e+08
1.145194847157723308e+08
1.145175707844836563e+08
1.145160274266124368e+08
1.145148750271096528e+08
1.145140339209051877e+08
1.145133623857916594e+08
1.145127047477472275e+08
1.145119351411442161e+08
1.145109859235193431e+08
1.145098556236175299e+08
1.145085976421984732e+08
1.145072959446261525e+08
1.145060365217501968e+08
1.145048831385768503e+08
1.145038633371080458e+08
1.145029668652172089e+08
1.145021549068798721e+08
1.145013757445170283e+08
1.145005813943845481e+08
1.144997403700903058e+08
1.144988436106384397e+08
1.144979030296865553e+08
1.144969443314706087e+08
1.144959971085771918e+08
1.144950855233885795e+08
1.144942221655990481e+08
1.144934063334069401e+08
1.144926264951418638e+08
1.144918655079075843e+08
1.144911065962276459e+08
1.144903381993504912e+08
1.144895568043485135e+08
1.144887652594235241e+08
1.144879725250509083e+08
1.144871887167501897e+08
1.144864221088799238e+08
1.144856769146902263e+08
1.144849526842367053e+08
1.144842452285743356e+08
1.144835485287067443e+08
1.144828568767636418e+08
1.144821665511412621e+08
1.144814765876291096e+08
1.144807885614630580e+08
1.144801056166124344e+08
1.144794311736379266e+08
1.144787677756907642e+08
1.144781164117558002e+08
1.144774764489512742e+08
1.144768460909970701e+08
1.144762231269810051e+08
1.144756056818563640e+08
1.144749927281999886e+08
1.144743842358811796e+08
1.144737809736233354e+08
1.144731840864728391e+08
1.144725946248248219e+08
1.144720131866912395e+08
1.144714397705969512e+08
1.144708738510737419e+08
1.144703146136179566e+08
1.144697612441661358e+08
1.144692131679421663e+08
1.144686701671702564e+08
1.144681323594118655e+08
1.144676001031722277e+08
1.144670736811253130e+08
1.144665533574961126e+08
1.144660391518267691e+08
1.144655308755011111e+08
1.144650282037445158e+08
1.144645307815920413e+08
1.144640383217163086e+08
1.144635506690516174e+08
1.144630677771197855e+08
1.144625897094744891e+08
1.144621165472751856e+08
1.144616483350951076e+08
1.144611850434467494e+08
1.144607265640195161e+08
1.144602727336078584e+08
1.144598233733479083e+08
1.144593783267993778e+08
1.144589374836485088e+08
1.144585008284986615e+08
1.144580682449289560e+08
1.144576397637342215e+08
1.144572153577511907e+08
1.144567949727596641e+08
1.144563785255117565e+08
1.144559659128378779e+08
1.144555570265946686e+08
1.144551517680145055e+08
1.144547500563506931e+08
1.144543518296720088e+08
1.144539570388970375e+08
1.144535656384423375e+08
1.144531775775171667e+08
1.144527927951609939e+08
1.144524112202050537e+08
1.144520329240250289e+08
1.144516575314657390e+08
1.144512851188077629e+08
1.144509156212515235e+08
1.144505489814598113e+08
1.144501851468160152e+08
1.144498240657136440e+08
1.144494656844425648e+08
1.144491099457375705e+08
1.144487567892408073e+08
1.144484061533591449e+08
1.144480579775590450e+08
1.144477122041420341e+08
1.144473687789108455e+08
1.144470276506646127e+08
1.144466887699236274e+08
1.144463520875109136e+08
1.144460175535645485e+08
1.144456851172879338e+08
1.144453547274051160e+08
1.144450263330204487e+08
1.144446998859747648e+08
1.144443753353556991e+08
1.144440526365675330e+08
1.144437317449222207e+08
1.144434126165791452e+08
1.144430952080357820e+08
1.144427822950277179e+08
1.144424836690887213e+08
1.144421866714177728e+08
1.144418912585288286e+08
1.144415973881469965e+08
1.144413050196770430e+08
1.144410141142074466e+08
1.144407246341254264e+08
1.144404365425626636e+08
1.144401498029220998e+08
1.144398643786607534e+08
1.144395802333680689e+08
1.144392973310542852e+08
1.144390156364917010e+08
1.144387351154578924e+08
1.144384557347966135e+08
1.144381774623003453e+08
1.144379002664913833e+08
1.144376241164049953e+08
1.144373489814590812e+08
1.144370748314437568e+08
1.144368016366080493e+08
1.144365293677851856e+08
1.144362579964920282e+08
1.144359874949607849e+08
1.144357178360974789e+08
1.144354489933934212e+08
1.144351809408322126e+08
1.144349136528284699e+08
1.144346471042165160e+08
1.144343812702815384e+08
1.144341161268106550e+08
1.144338516501359940e+08
1.144335878171502352e+08
1.144333246052903235e+08
1.144330619924988002e+08
1.144327999571802169e+08
1.144325384781683236e+08
1.144322775347127765e+08
1.144320171064834744e+08
1.144317571735835969e+08
1.144314977165605426e+08
1.144312387164062113e+08
1.144309801545453817e+08
1.144307220128158033e+08
1.144304642734469026e+08
1.144302069190442413e+08
1.144299499325824082e+08
1.144296932974055707e+08
1.144294369972313643e+08
1.144291810161538422e+08
1.144289253386409879e+08
1.144286699495271593e+08
1.144284148340014219e+08
1.144281599775949717e+08
1.144279053661707938e+08
1.144276509859162420e+08
1.144273968233389556e+08
1.144271428652635962e+08
1.144268890988284051e+08
1.144266355114797950e+08
1.144263820909652114e+08
1.144261288253250718e+08
1.144258757028848231e+08
1.144256227122486979e+08
1.144253698422949463e+08
1.144251170821722150e+08
1.144248644212965220e+08
1.144246118493477553e+08
1.144243593562650084e+08
1.144241069767930210e+08
