4.623785686288186908e+08
4.238623036996980906e+08
3.870040106534875035e+08
3.518675887288405895e+08
3.185121322728546858e+08
2.869915222838380933e+08
2.573532149250276983e+08
2.296371837975147665e+08
2.038745975327531397e+08
1.800862216060192883e+08
1.582808959887159765e+08
1.384541843684698343e+08
1.205871915051834285e+08
1.046458391285446584e+08
9.058059842796221375e+07
7.832678835409075022e+07
6.780499645086114109e+07
5.892182161151850224e+07
5.157090917827343941e+07
4.563434356965892017e+07
4.098444264067023993e+07
3.748593598481503129e+07
3.499846466122278571e+07
3.337932956239166111e+07
3.248639496959080547e+07
3.218102937172661349e+07
3.233094729536768794e+07
3.281281284578806534e+07
3.351448136232172698e+07
3.433677635757007450e+07
3.519473633388858289e+07
3.601829570941358805e+07
3.675240668861858547e+07
3.735663400025393069e+07
3.780429005006261915e+07
3.808119085798228532e+07
3.818412557476738840e+07
3.811913788338318467e+07
3.789971047390428931e+07
3.754493756532068551e+07
3.707775908323571086e+07
3.652331441666714847e+07
3.590746501566911489e+07
3.525551577229620516e+07
3.459115662094604224e+07
3.393563398287712038e+07
3.330715218013750017e+07
3.272049403673896194e+07
3.218684551742213964e+07
3.171380557230304927e+07
3.130555020469716936e+07
3.096312784717821330e+07
3.068485135549551621e+07
3.046675956451516598e+07
3.030311655586925149e+07
3.018692171543883160e+07
3.011040620028319210e+07
3.006549470246125385e+07
3.004421618628723919e+07
3.003904919001206011e+07
3.004319717514825985e+07
3.005078846349415928e+07
3.005700254714135826e+07
3.005812614648336545e+07
3.005154749474405497e+07
3.003569694850171730e+07
3.000994518503864482e+07
2.997447011140719056e+07
2.993010382503889874e+07
2.987817034869413450e+07
2.982032381811124459e+07
2.975839540132039040e+07
2.969425560038964078e+07
2.962969680955743045e+07
2.956633932192524150e+07
2.950556215898730233e+07
2.944845870453611016e+07
2.939581578872114420e+07
2.934811339631524310e+07
2.930554281233878434e+07
2.926803790186677501e+07
2.923531697141693160e+07
2.920693048547194526e+07
2.918231130089548975e+07
2.916082389685323089e+07
2.914181001542842761e+07
2.912462852229294926e+07
2.910868817116512731e+07
2.909347159279214218e+07
2.907855243864081055e+07
2.906360310880959034e+07
2.904839597346727550e+07
2.903279828272358701e+07
2.901676218979724497e+07
2.900031127000145987e+07
2.898352492162142321e+07
2.896652195243383199e+07
2.894944450487217680e+07
2.893244327293072641e+07
2.891566473443493992e+07
2.889924088197426498e+07
2.888328170131352916e+07
2.886787043144136667e+07
2.885306145629722998e+07
2.883888053188138455e+07
2.882532694768122584e+07
2.881237715871103853e+07
2.879998940173145384e+07
2.878810882189505920e+07
2.877667267800849304e+07
2.876561525864206254e+07
2.875487221988401562e+07
2.874438414120544866e+07
2.873409918187259510e+07
2.872397480079630390e+07
2.871397856317333877e+07
2.870408818296886981e+07
2.869429078760883957e+07
2.868458175567131117e+07
2.867496315369093791e+07
2.866544199552452564e+07
2.865602846785312146e+07
2.864673425240163505e+07
2.863757104741918296e+07
2.862854936010248214e+07
2.861967759158795327e+07
2.861096154000809416e+07
2.860240402341117710e+07
2.859400496792174131e+07
2.858576162852345780e+07
2.857766899908855185e+07
2.856972033259516582e+07
2.856190771322771162e+07
2.855422262788913026e+07
2.854665649343863875e+07
2.853920110658843070e+07
2.853184899476656318e+07
2.852459365741156414e+07
2.851742969730348140e+07
2.851035285005295649e+07
2.850335992637756467e+07
2.849644868611868843e+07
2.848961766511024907e+07
2.848286597618404031e+07
2.847619310408949852e+07
2.846959871130423248e+07
2.846308246804166585e+07
2.845664391564858705e+07
2.845028236842241138e+07
2.844399685500007868e+07
2.843778609713770449e+07
2.843164852108831704e+07
2.842558229498451576e+07
2.841958538465706259e+07
2.841365562011219189e+07
2.840779076534351334e+07
2.840198858512390777e+07
2.839624690319342539e+07
2.839056365165139735e+07
2.838493690125901252e+07
2.837936488325240463e+07
2.837384599505401403e+07
2.836837879494326562e+07
2.836296198526944593e+07
2.835759440048261359e+07
2.835227496899613738e+07
2.834700269663118571e+07
2.834177664008659497e+07
2.833659588382084668e+07
2.833145953088211641e+07
2.832636667934053391e+07
2.832131641996589676e+07
2.831630784458153322e+07
2.831134002804251388e+07
2.830641204937795922e+07
2.830152298484270275e+07
2.829667193952275068e+07
2.829185802448274195e+07
2.828708038378105313e+07
2.828233819545351714e+07
2.827763067574734613e+07
2.827295708152331412e+07
2.826831671086029708e+07
2.826370890205146745e+07
2.825913303129420057e+07
2.825458850944202393e+07
2.825007473954836279e+07
2.824559126751326770e+07
2.824113754639844596e+07
2.823671308756277710e+07
2.823231741922637075e+07
2.822795007930310071e+07
2.822361063401183486e+07
2.821929864720151573e+07
2.821501369995673001e+07
2.821075538586537540e+07
2.820652331149462610e+07
2.820231709699784964e+07
2.819813637672154978e+07
2.819398079970552027e+07
2.818985002999891341e+07
2.818574374674714357e+07
2.818166164403481781e+07
2.817760343049686030e+07
2.817356882873085514e+07
2.816955757455788553e+07
2.816556941618655622e+07
2.816160411333555728e+07
2.815766143636577204e+07
2.815374116546413302e+07
2.814984308991026878e+07
2.814596700744474679e+07
2.814211272374574468e+07
2.813828005201040581e+07
2.813446881262876466e+07
2.813067883293233812e+07
2.812690994699648395e+07
2.812316199547504634e+07
2.811943482544755191e+07
2.811572829026247561e+07
2.811204224936445057e+07
2.810837656809800491e+07
2.810473111748513579e+07
2.810110577397792041e+07
2.809750041919083893e+07
2.809391493961941451e+07
2.809034922635300085e+07
2.808680317326626554e+07
2.808327668282828107e+07
2.807976965672697127e+07
2.807628200169570372e+07
2.807281362777785212e+07
2.806936444812811166e+07
2.806593437883434445e+07
2.806252333875763416e+07
2.805913124938730523e+07
2.805575803470754996e+07
2.805240362107215822e+07
2.804906793708431721e+07
2.804575091347900778e+07
2.804245248300631344e+07
2.803917258031459898e+07
2.803591114183337241e+07
2.803266810565607995e+07
2.802944341142379865e+07
2.802623700021057576e+07
2.802304881441192329e+07
2.801987879763725027e+07
2.801672689460737258e+07
2.801359305105767772e+07
2.801047721364733949e+07
2.800737932987469807e+07
2.800429935262627155e+07
2.800123722155696154e+07
2.799819289089346677e+07
2.799516631075796857e+07
2.799215743176894635e+07
2.798916620498488098e+07
2.798619258185069263e+07
2.798323651414666325e+07
2.798029795393952727e+07
2.797737685353562236e+07
2.797447316543602943e+07
2.797158684229378402e+07
2.796871783687309176e+07
2.796586610201091319e+07
2.796303158985605091e+07
2.796021425472552329e+07
2.795741404874920845e+07
2.795463092471553013e+07
2.795186483532745391e+07
2.794911573317760974e+07
2.794638357072526962e+07
2.794366830027528107e+07
2.794096987395852059e+07
2.793828824371400476e+07
2.793562336127219349e+07
2.793297517813966051e+07
2.793034364558484405e+07
2.792772871462483704e+07
2.792513033601320907e+07
2.792254846022877097e+07
2.791998303746532649e+07
2.791743401762227342e+07
2.791490135029621422e+07
2.791238498477339000e+07
2.790988487002304569e+07
2.790740095469168201e+07
2.790493318709807843e+07
2.790248151522917673e+07
2.790004588673673570e+07
2.789762624893463403e+07
2.789522254879695177e+07
2.789283473295659572e+07
2.789046274693603814e+07
2.788810653821587563e+07
2.788576605164008588e+07
2.788344123247467354e+07
2.788113202564585954e+07
2.787883837574171647e+07
