2.568258371981556118e+08
2.328181988820888102e+08
2.120602125967406034e+08
1.946109827379027903e+08
1.804549771249982119e+08
1.694750040533455610e+08
1.614234917618620992e+08
1.559017338443210125e+08
1.523636236979291141e+08
1.501604366180229783e+08
1.486287386431265175e+08
1.471972516622934043e+08
1.454720912411920130e+08
1.432704535844307840e+08
1.406011535347036123e+08
1.376115380656663775e+08
1.345236648179489374e+08
1.315753190512675345e+08
1.289730885052275956e+08
1.268598211723317206e+08
1.252971413337411135e+08
1.242631751294358373e+08
1.236648422228679359e+08
1.233621442855847776e+08
1.231992955588988960e+08
1.230357131353112608e+08
1.227700106183654666e+08
1.223525300160552263e+08
1.217853982540757358e+08
1.211121998586051911e+08
1.204011719767617285e+08
1.197264648369229883e+08
1.191513612459527254e+08
1.187147169207237959e+08
1.184253929326443672e+08
1.182637752582326829e+08
1.181894416426752210e+08
1.181527114990566671e+08
1.181070143543522954e+08
1.180190175621173382e+08
1.178742945973164886e+08
1.176777000600310862e+08
1.174490634322217852e+08
1.172158973972907066e+08
1.170052981237195730e+08
1.168371145276594758e+08
1.167198801572747976e+08
1.166501620800455064e+08
1.166150487457254827e+08
1.165967516781106591e+08
1.165778453166108876e+08
1.165456679877099842e+08
1.164948105905046910e+08
1.164272782558282167e+08
1.163506071481226385e+08
1.162747374262993336e+08
1.162086930780070871e+08
1.161580133273576200e+08
1.161235715060124099e+08
1.161019342182418853e+08
1.160868901029745489e+08
1.160716082377880961e+08
1.160506740186622143e+08
1.160214111838231236e+08
1.159841934783715010e+08
1.159417989257158190e+08
1.158981414341312349e+08
1.158568624866475910e+08
1.158202323903677016e+08
1.157886616933021843e+08
1.157608801436975300e+08
1.157346260754985511e+08
1.157075526013900042e+08
1.156780205147203952e+08
1.156455415322118402e+08
1.156107755727499127e+08
1.155751506006558836e+08
1.155402865892078429e+08
1.155074443428568989e+08
1.154771789750157595e+08
1.154492842093699127e+08
1.154230005165386349e+08
1.153973771199273169e+08
1.153716387257651091e+08
1.153454258058440983e+08
1.153188557071772218e+08
1.152923949231386334e+08
1.152666330466444641e+08
1.152420442617496699e+08
1.152188276200299114e+08
1.151968742828471363e+08
1.151758472920259684e+08
1.151553344212024659e+08
1.151350028024408668e+08
1.151146996279077530e+08
1.150944695681948066e+08
1.150744975969584584e+08
1.150550086266696006e+08
1.150361680438683629e+08
1.150180255936013162e+08
1.150005099335712641e+08
1.149834731573956013e+08
1.149667576806048006e+08
1.149502558870290816e+08
1.149339414949083030e+08
1.149178636630967855e+08
1.149021119248049706e+08
1.148867719532829225e+08
1.148718896882194877e+08
1.148574569204590023e+08
1.148434235548656881e+08
1.148297206230602860e+08
1.148162907878853083e+08
1.148031074467063397e+08
1.147901777830003202e+08
1.147775322199246585e+08
1.147652052416002303e+08
1.147532181292191595e+08
1.147415700574429333e+08
1.147302400070003867e+08
1.147191967005803436e+08
1.147084089652195275e+08
1.146978662328725755e+08
1.146875637579649985e+08
1.146775104159781188e+08
1.146677177845832705e+08
1.146581919870015532e+08
1.146489301461178660e+08
1.146399228294420540e+08
1.146311505447511524e+08
1.146225994327303767e+08
1.146142611006337106e+08
1.146061328113594055e+08
1.145982161566772759e+08
1.145905136086975038e+08
1.145830251767216027e+08
1.145757462994582057e+08
1.145686699228657782e+08
1.145617856961208880e+08
1.145550857350223213e+08
1.145485644171229750e+08
1.145422186751173437e+08
1.145360469686025828e+08
1.145300476799425483e+08
1.145242178159341812e+08
1.145185526452936530e+08
1.145130461751766801e+08
1.145076923255164176e+08
1.145024858514983952e+08
1.144974228223075569e+08
1.144925004186901301e+08
1.144877162989896238e+08
1.144830679190363586e+08
1.144785517442081571e+08
1.144741639017150104e+08
1.144699007478438020e+08
1.144657572065235525e+08
1.144617301247933507e+08
1.144578167168457657e+08
1.144540143608281910e+08
1.144503206609829515e+08
1.144467326758148074e+08
1.144432467255389094e+08
1.144398607426161468e+08
1.144365707793901116e+08
1.144333740003358126e+08
1.144302671137303263e+08
1.144272487182242721e+08
1.144243161299285293e+08
1.144214664031434059e+08
1.144186975512915552e+08
1.144160070767029375e+08
1.144133923504925817e+08
1.144108510219556540e+08
1.144083808504120260e+08
1.144059808550632894e+08
1.144036467761822939e+08
1.144013784049057364e+08
1.143991739096547514e+08
1.143970288276166171e+08
1.143949433030711263e+08
1.143929148085727096e+08
1.143909409763135165e+08
1.143890206480638534e+08
1.143871521587519497e+08
1.143853345350656807e+08
1.143835648310058117e+08
1.143818421042695791e+08
1.143801647846734822e+08
1.143785315557466894e+08
1.143769407741581202e+08
1.143753910630784929e+08
1.143738809642139375e+08
1.143724091040567756e+08
1.143709745674527884e+08
1.143695732805297524e+08
1.143682087873450518e+08
1.143668784651593864e+08
1.143655799741115868e+08
1.143643124407581985e+08
1.143630750018523932e+08
1.143618666237461269e+08
1.143606871801532209e+08
1.143595339198065996e+08
1.143584073478786498e+08
1.143573053953933120e+08
1.143562277501376867e+08
1.143551735566593707e+08
1.143541419868180454e+08
1.143531322365810573e+08
1.143521435248635411e+08
1.143511751849127710e+08
1.143502263034159690e+08
1.143492962657178193e+08
1.143483843921345919e+08
1.143474900269876420e+08
1.143466125363746583e+08
1.143457513065313399e+08
1.143449057432492524e+08
1.143440752721183598e+08
1.143432593389251083e+08
1.143424574095775187e+08
1.143416689693371058e+08
1.143408935216073394e+08
1.143401305867648870e+08
1.143393797014217973e+08
1.143386404181868434e+08
1.143379123056868166e+08
1.143371949484953582e+08
1.143364879467355311e+08
1.143357909153631181e+08
1.143351034833316207e+08
1.143344252928808481e+08
1.143337559990773052e+08
1.143330952695648819e+08
1.143324427843716741e+08
1.143317982356214523e+08
1.143311613270947486e+08
1.143305317736994624e+08
1.143299093009651452e+08
1.143292936446503252e+08
1.143286845504718125e+08
1.143280817738932669e+08
1.143274850798871517e+08
1.143268942426204979e+08
1.143263090450731218e+08
1.143257292786422819e+08
1.143251547427900434e+08
1.143245852723366916e+08
1.143240206268509030e+08
1.143234606560685933e+08
1.143229051891608834e+08
1.143223540620951653e+08
1.143218071173541546e+08
1.143212642036750913e+08
1.143207251758247912e+08
1.143201898944046944e+08
1.143196582256660461e+08
1.143191300413161963e+08
1.143186052183088958e+08
1.143180836386259347e+08
1.143175651890659630e+08
1.143170497610512376e+08
1.143165372504538596e+08
1.143160275574339777e+08
1.143155205862810612e+08
1.143150162452522218e+08
1.143145144464112520e+08
1.143140151054733843e+08
1.143135181416616440e+08
1.143130234775748551e+08
1.143125310390629917e+08
1.143120407551044077e+08
1.143115525576814115e+08
1.143110663816552609e+08
1.143105821646437943e+08
1.143100998551079035e+08
1.143096193794254065e+08
1.143091406910250634e+08
1.143086637374579906e+08
1.143081884685106575e+08
1.143077148361115158e+08
1.143072427942408621e+08
1.143067722988462448e+08
1.143063033077623248e+08
1.143058357806349844e+08
1.143053696788471937e+08
1.143049049654466659e+08
1.143044416050739288e+08
1.143039795638930351e+08
1.143035188095248044e+08
1.143030593109835982e+08
1.143026010386175215e+08
1.143021439640508294e+08
1.143016880601289272e+08
1.143012333008651733e+08
1.143007796613904387e+08
1.143003271179048419e+08
1.142998756476321518e+08
1.142994252287761122e+08
