2.650587642049677968e+08
2.354024498083239198e+08
2.076299955955011547e+08
1.818191995851846337e+08
1.580360121100433171e+08
1.363325008845794797e+08
1.167451860835440904e+08
9.929222467243124545e+07
8.397014384041061997e+07
7.075142927849981189e+07
5.958285942830477655e+07
5.038442116951752454e+07
4.304891996981259435e+07
3.744248949115611613e+07
3.340614456567979231e+07
3.075867169891342893e+07
2.930100107991413400e+07
2.882210540353759006e+07
2.910618475618992746e+07
2.994065893301504478e+07
3.112430404523860291e+07
3.247479205674051121e+07
3.383494442163906991e+07
3.507717006070265919e+07
3.610580040412371606e+07
3.685729559032469243e+07
3.729852723289497197e+07
3.742351279181972891e+07
3.724905675485511869e+07
3.680976240966074914e+07
3.615284189371620864e+07
3.533306588009043783e+07
3.440812101352878660e+07
3.343456066382528096e+07
3.246446490197004005e+07
3.154287318912768364e+07
3.070600903160142154e+07
2.998027451090789214e+07
2.938197197154744714e+07
2.891767161063550785e+07
2.858512942484409362e+07
2.837463821911003813e+07
2.827067862203615159e+07
2.825373116090484709e+07
2.830211783401410282e+07
2.839374332174977288e+07
2.850763160450576991e+07
2.862517637755271792e+07
2.873105326155706495e+07
2.881377277987471595e+07
2.886588165357694775e+07
2.888384594784210622e+07
2.886766692035411671e+07
2.882029678325705230e+07
2.874692408494839817e+07
2.865420043241387978e+07
2.854947447627230361e+07
2.844008894560723752e+07
2.833278558920338750e+07
2.823324683331206068e+07
2.814579071342759579e+07
2.807322104812883213e+07
2.801682238347428292e+07
2.797648008662895486e+07
2.795089792985375226e+07
2.793788175422627106e+07
2.793465661787909269e+07
2.793818573328925297e+07
2.794546387344840169e+07
2.795376496320726350e+07
2.796082743373811990e+07
2.796497124138859659e+07
2.796514629720426351e+07
2.796091781453048065e+07
2.795239934299338982e+07
2.794014737295302376e+07
2.792503244974057376e+07
2.790810279663951695e+07
2.789045307789367810e+07
2.787311057604400069e+07
2.785694541955462098e+07
2.784261098867973685e+07
2.783051421732481569e+07
2.782081460174033046e+07
2.781344725923027843e+07
2.780816418786916509e+07
2.780458684417426586e+07
2.780226315277615190e+07
2.780072266589487344e+07
2.779952471866816282e+07
2.779829591455716267e+07
2.779675486576200649e+07
2.779472375230742246e+07
2.779212745131428540e+07
2.778898267082041502e+07
2.778537928525926918e+07
2.778145738318435848e+07
2.777738293139778078e+07
2.777332482025521249e+07
2.776943546050229296e+07
2.776583639538436383e+07
2.776260963757154718e+07
2.775979473268451169e+07
2.775739092437645048e+07
2.775536336658908799e+07
2.775365211511450261e+07
2.775218229897134379e+07
2.775087438957123458e+07
2.774965325684333220e+07
2.774845526901759952e+07
2.774723296178468689e+07
2.774595712764856964e+07
2.774461654353148863e+07
2.774321573018457368e+07
2.774177127276382595e+07
2.774030751398776099e+07
2.773885199746315926e+07
2.773743138765336201e+07
2.773606818803783879e+07
2.773477853089655936e+07
2.773357109886461869e+07
2.773244713163477182e+07
2.773140132162468880e+07
2.773042336600531638e+07
2.772949985343866795e+07
2.772861622342974693e+07
2.772775854262864590e+07
2.772691491512583569e+07
2.772607641645854712e+07
2.772523751669896394e+07
2.772439602575438470e+07
2.772355264690873399e+07
2.772271025856990367e+07
2.772187305798316747e+07
2.772104569579322264e+07
2.772023251031511649e+07
2.771943694006225467e+07
2.771866115785869211e+07
2.771790593489775434e+07
2.771717071273647994e+07
2.771645383852977678e+07
2.771575290545771271e+07
2.771506513649839535e+07
2.771438775441743433e+07
2.771371829212573543e+07
2.771305481290904060e+07
2.771239602682742476e+07
2.771174130541765690e+07
2.771109060980144143e+07
2.771044435617487878e+07
2.770980324790526927e+07
2.770916809642067924e+07
2.770853966992144659e+07
2.770791856794653460e+07
2.770730514669076726e+07
2.770669949133687839e+07
2.770610143177813292e+07
2.770551059202824160e+07
2.770492646068126708e+07
2.770434846905164048e+07
2.770377606483419985e+07
2.770320877179759368e+07
2.770264622955600172e+07
2.770208821123098210e+07
2.770153462025841326e+07
2.770098547029300407e+07
2.770044085386075824e+07
2.769990090603607893e+07
2.769936576906174421e+07
2.769883556269865856e+07
2.769831036347382516e+07
2.769779019419729337e+07
2.769727502342687547e+07
2.769676477319524065e+07
2.769625933241916075e+07
2.769575857303550467e+07
2.769526236602162570e+07
2.769477059496209770e+07
2.769428316558215767e+07
2.769380001052884385e+07
2.769332108950109407e+07
2.769284638549789041e+07
2.769237589839562774e+07
2.769190963725483418e+07
2.769144761270692199e+07
2.769098983052980900e+07
2.769053628715534508e+07
2.769008696743665636e+07
2.768964184460923821e+07
2.768920088206198439e+07
2.768876403632819653e+07
2.768833126062393188e+07
2.768790250829456002e+07
2.768747773565478623e+07
2.768705690388930589e+07
2.768663997988284007e+07
2.768622693603597581e+07
2.768581774926989526e+07
2.768541239951410145e+07
2.768501086800054461e+07
2.768461313566243649e+07
2.768421918186832219e+07
2.768382898363001645e+07
2.768344251532505453e+07
2.768305974888665229e+07
2.768268065434870869e+07
2.768230520059705153e+07
2.768193335617128015e+07
2.768156508998070657e+07
2.768120037183526903e+07
2.768083917273935303e+07
2.768048146494330838e+07
2.768012722178767622e+07
2.767977641740229353e+07
2.767942902633519843e+07
2.767908502318479121e+07
2.767874437124164402e+07
2.767840706645311415e+07
2.767807307116227970e+07
2.767774235820537060e+07
2.767741490002367273e+07
2.767709066883444414e+07
2.767676963681900874e+07
2.767645177629441023e+07
2.767613705984373391e+07
2.767582546039131656e+07
2.767551695122053474e+07
2.767521150594201684e+07
2.767490909842690825e+07
2.767460970272307843e+07
2.767431329297197610e+07
2.767401984334055707e+07
2.767372932797759026e+07
2.767344172099791095e+07
2.767315699649278820e+07
2.767287512856032699e+07
2.767259609134769067e+07
2.767231985909603536e+07
2.767204640618036687e+07
2.767177570713871717e+07
2.767150773668782413e+07
2.767124246972535551e+07
2.767097988132093102e+07
2.767071994669997320e+07
2.767046264122464508e+07
2.767020794037608802e+07
2.766995581974120811e+07
2.766970625500567630e+07
2.766945922195362672e+07
2.766921462282240391e+07
2.766897258086537197e+07
2.766873299861015752e+07
2.766849585231892020e+07
2.766826111839886010e+07
2.766802877340812609e+07
2.766779879405841976e+07
2.766757115721435472e+07
2.766734583989058435e+07
2.766712281924766302e+07
2.766690207258775830e+07
2.766668357735115290e+07
2.766646731111408025e+07
2.766625325158823654e+07
2.766604137662179768e+07
2.766583166420155019e+07
2.766562409245569631e+07
2.766541863965667412e+07
2.766521528422366828e+07
2.766501400472431630e+07
2.766481477987564355e+07
2.766461758854408935e+07
2.766442240974500775e+07
2.766422922264166921e+07
2.766403800654427707e+07
2.766384874090904742e+07
2.766366140533760935e+07
2.766347597957685590e+07
2.766329244351906329e+07
2.766311077720234543e+07
2.766293096081127226e+07
2.766275297467743978e+07
2.766257679927995801e+07
2.766240241524574161e+07
2.766222980334955081e+07
2.766205894451377168e+07
2.766188981980809569e+07
2.766172241044898704e+07
2.766155669779919833e+07
2.766139266336724907e+07
2.766123028880698606e+07
2.766106955591725558e+07
2.766091044664160907e+07
2.766075294306812435e+07
2.766059702742918581e+07
2.766044268210130930e+07
2.766028988960490376e+07
2.766013863260395080e+07
2.765998889390566945e+07
2.765984065646004677e+07
2.765969390335938334e+07
