4.633152099879289269e+08
4.011257273940081596e+08
3.464045543834723234e+08
2.993023413097401857e+08
2.598685073148319423e+08
2.280199443945859671e+08
2.035072347017781734e+08
1.858820305244180560e+08
1.744739511267556846e+08
1.683892903702974916e+08
1.665441686671486199e+08
1.677377886484121084e+08
1.707569478109388053e+08
1.742979001276783943e+08
1.776675667198697627e+08
1.803058020452084541e+08
1.816722355893596113e+08
1.816002513959756494e+08
1.801256900174612403e+08
1.774364899734219313e+08
1.738190690219239593e+08
1.696099544280993640e+08
1.651535936691516340e+08
1.607685035966247916e+08
1.567219460155129433e+08
1.532130238638065457e+08
1.503639332975283861e+08
1.482189780499321520e+08
1.467507166527433097e+08
1.458722259995430112e+08
1.454539671043280363e+08
1.453432457176459432e+08
1.453839689572658539e+08
1.454343922431538701e+08
1.453809313682769835e+08
1.451467912112740576e+08
1.446949945458417833e+08
1.440261998677349985e+08
1.431723343375550508e+08
1.421874447205481231e+08
1.411372971743550599e+08
1.400891551369563043e+08
1.391029361437681019e+08
1.382245920837557018e+08
1.374887422425442040e+08
1.368979736646680236e+08
1.364421357640241683e+08
1.360993056992083490e+08
1.358387339841980934e+08
1.356261438245996237e+08
1.354287486307919919e+08
1.352193429027836323e+08
1.349790280176371932e+08
1.346983884628806114e+08
1.343771716283907294e+08
1.340227385214488804e+08
1.336476836445557773e+08
1.332670875410293192e+08
1.328958475375499725e+08
1.325464573140033036e+08
1.322274870315934718e+08
1.319428812163518220e+08
1.316920509931406379e+08
1.314706305995897055e+08
1.312716848326812834e+08
1.310871158168140352e+08
1.309090281036898494e+08
1.307308470813568234e+08
1.305480571601096988e+08
1.303585033043873906e+08
1.301622763707640171e+08
1.299612650837485343e+08
1.297584980745692551e+08
1.295574127240926325e+08
1.293611811730848551e+08
1.291721911788712442e+08
1.289917437121680677e+08
1.288199804037231952e+08
1.286560191462526917e+08
1.284982394404265583e+08
1.283446482819442302e+08
1.281932515105075091e+08
1.280423671495286822e+08
1.278908367612263858e+08
1.277381147642379105e+08
1.275842401782092452e+08
1.274297146744494140e+08
1.272753216525027454e+08
1.271219289663358033e+08
1.269703111390364468e+08
1.268210192666699290e+08
1.266744945604579002e+08
1.265314371066160798e+08
1.263906313763745129e+08
1.262516455026718080e+08
1.261139928196482360e+08
1.259772257350619435e+08
1.258410071403902769e+08
1.257051499880529046e+08
1.255696230200428963e+08
1.254345271196461171e+08
1.253000516344239116e+08
1.251664219245936424e+08
1.250338494702612758e+08
1.249024933803889453e+08
1.247724386160760671e+08
1.246436921113581508e+08
1.245161950755073428e+08
1.243898450151490271e+08
1.242645233616983891e+08
1.241401211452220976e+08
1.240165585808898211e+08
1.238937957016389370e+08
1.237718334703217149e+08
1.236507067545186281e+08
1.235304719090974033e+08
1.234111923130326867e+08
1.232929250517507195e+08
1.231757111764933169e+08
1.230595707777761519e+08
1.229445034602934420e+08
1.228304921502976120e+08
1.227175101709091365e+08
1.226055288925839812e+08
1.224945240423265696e+08
1.223844803674540520e+08
1.222753933922993392e+08
1.221672686363395154e+08
1.220601188519877046e+08
1.219539602015901208e+08
1.218488082935541570e+08
1.217446749674460888e+08
1.216415666801359653e+08
1.215394835534121394e+08
1.214384205540327132e+08
1.213383691536501646e+08
1.212393194510820806e+08
1.211412621603919417e+08
1.210441900683137476e+08
1.209480987451335043e+08
1.208529864892060608e+08
1.207588535673333555e+08
1.206657015165243149e+08
1.205735315200662762e+08
1.204823438147345483e+08
1.203921370261730254e+08
1.203029080083883703e+08
1.202146520690584183e+08
1.201273634459554255e+08
1.200410359326932281e+08
1.199556634330305457e+08
1.198712403843005002e+08
1.197877619236412495e+08
1.197052239020999074e+08
1.196236226520936638e+08
1.195429546904132664e+08
1.194632164010036141e+08
1.193844037785358578e+08
1.193065122803508639e+08
1.192295368017136157e+08
1.191534717589169443e+08
1.190783112430910468e+08
1.190040490740572810e+08
1.189306794540217966e+08
1.188581963302808404e+08
1.187865939310737550e+08
1.187158666193781346e+08
1.186460088251510262e+08
1.185770149568223059e+08
1.185088793171893954e+08
1.184415960434231907e+08
1.183751590818024725e+08
1.183095621977964491e+08
1.182447990136909932e+08
1.181808630608110875e+08
1.181177478321743160e+08
1.180554468237371147e+08
1.179939535571142435e+08
1.179332615822429657e+08
1.178733644634560347e+08
1.178142557557411194e+08
1.177559289790987968e+08
1.176983775979701877e+08
1.176415950102678835e+08
1.175855745474490821e+08
1.175303094841721058e+08
1.174757930540353954e+08
1.174220184670614004e+08
1.173689789249403477e+08
1.173166675742380768e+08
1.172650777391484976e+08
1.172142025774372667e+08
1.171640353045925349e+08
1.171145691400037110e+08
1.170657972652342618e+08
1.170177128771389872e+08
1.169703091520766765e+08
1.169235792590399981e+08
1.168775163655102551e+08
1.168321136438993514e+08
1.167873642773148715e+08
1.167432614637542665e+08
1.166997984183630645e+08
1.166569683739225268e+08
1.166147645801327229e+08
1.165731803024466485e+08
1.165322088211809546e+08
1.164918434314217418e+08
1.164520774439469129e+08
1.164129042029415965e+08
1.163743170250098705e+08
1.163363092971380651e+08
1.162988744156671762e+08
1.162620058042254150e+08
1.162256969151832014e+08
1.161899412305695415e+08
1.161547322626215667e+08
1.161200635541938543e+08
1.160859286792402714e+08
1.160523212435122728e+08
1.160192348855240047e+08
1.159866632777424157e+08
1.159546001278964281e+08
1.159230391802734435e+08
1.158919742168861032e+08
1.158613990584346950e+08
1.158313078971740305e+08
1.158016939203233421e+08
1.157725515273114294e+08
1.157438745900391340e+08
1.157156571623440087e+08
1.156878933104750216e+08
1.156605771445014179e+08
1.156337028006160259e+08
1.156072644794592559e+08
1.155812564182472527e+08
1.155556728990040123e+08
1.155305082490761280e+08
1.155057568415693045e+08
1.154814130957192779e+08
1.154574714772177339e+08
1.154339265235766321e+08
1.154107727432789207e+08
1.153880047691811621e+08
1.153656172558041215e+08
1.153436049056171328e+08
1.153219624693085849e+08
1.153006847460234165e+08
1.152797665835604519e+08
1.152592028785282671e+08
1.152389885764633715e+08
1.152191186719193310e+08
1.151995882085364759e+08
1.151803922790999413e+08
1.151615260255924463e+08
1.151429846392422616e+08
1.151247633605658710e+08
1.151068574794006646e+08
1.150892623349231631e+08
1.150719733156498969e+08
1.150549858594175428e+08
1.150382954533430934e+08
1.150218976337652206e+08
1.150057879861688167e+08
1.149899621450954080e+08
1.149744157940410525e+08
1.149591446653426439e+08
1.149441445400523543e+08
1.149294112477997094e+08
1.149149406666404605e+08
1.149007286814195216e+08
1.148867713494949788e+08
1.148730646516688019e+08
1.148596046579173505e+08
1.148463874856897593e+08
1.148334092996853441e+08
1.148206663116229773e+08
1.148081547800040245e+08
1.147958710098683834e+08
1.147838113558223099e+08
1.147719722086711973e+08
1.147603500148095936e+08
1.147489412628530264e+08
1.147377424866289496e+08
1.147267502648890167e+08
1.147159612210142165e+08
1.147053720227136016e+08
1.146949793774079531e+08
1.146847800407109708e+08
1.146747708237698674e+08
1.146649485602727830e+08
1.146553101316430271e+08
1.146458524712556601e+08
1.146365725450344384e+08
1.146274673637770116e+08
1.146185339796497971e+08
1.146097694858372509e+08
1.146011710161878616e+08
1.145927357448578328e+08
1.145844608859520257e+08
