7.182286514245153666e+08
6.737776630123209953e+08
6.307790010890424252e+08
5.892774496128976345e+08
5.493171715108855963e+08
5.109415407384252548e+08
4.741924957554302216e+08
4.391096795838464499e+08
4.057291445607379675e+08
3.740818831499889493e+08
3.441923335361068845e+08
3.162329544648240209e+08
2.913014876681239009e+08
2.678949557929120064e+08
2.460069380465385020e+08
2.256232853916082978e+08
2.067220225582363009e+08
1.892733473707515001e+08
1.732399701244536638e+08
1.585775801239745319e+08
1.452355361717095077e+08
1.331576658617362827e+08
1.222831437108214349e+08
1.125474486182949841e+08
1.038833095319676101e+08
9.622156991561757028e+07
8.949197862498095632e+07
8.362388494019666314e+07
7.854681887654995918e+07
7.419102009110899270e+07
7.048791406009852886e+07
6.737056740649431944e+07
6.477410615502791107e+07
6.263613520296950638e+07
6.089712269177725911e+07
5.950077067795573920e+07
5.839433667117663473e+07
5.752891921794570982e+07
5.685968870602823049e+07
5.634605636891669780e+07
5.595177568309120834e+07
5.564302410770517588e+07
5.537443977456936240e+07
5.512136855554977059e+07
5.486398379649670422e+07
5.458699036779610813e+07
5.427926589612054825e+07
5.393345473914387822e+07
5.354552901368246973e+07
5.311432612555256486e+07
5.264108233793861419e+07
5.212896849895508587e+07
5.158264474347572774e+07
5.100783768438245356e+07
5.041095317944186181e+07
4.979872560526567698e+07
4.917791289522355795e+07
4.855503697126013041e+07
4.793617153853576630e+07
4.732677726546409726e+07
4.673158252957476676e+07
4.615450760021588206e+07
4.559862696638371050e+07
4.506616922160974890e+07
4.455854563775685430e+07
4.407640339658450335e+07
4.361970035509384423e+07
4.318779313931183517e+07
4.277953531648290157e+07
4.239338023327046633e+07
4.202748402772472054e+07
4.167980541896310449e+07
4.134819939531537145e+07
4.103050156578972936e+07
4.072460212828788161e+07
4.042850705155014992e+07
4.014038832048573345e+07
3.985861977336864918e+07
3.958180162732955813e+07
3.930877341320475191e+07
3.903861632904700935e+07
3.877064741392169148e+07
3.850440394787093997e+07
3.823962554957479984e+07
3.797622833722569793e+07
3.771427806286918372e+07
3.745396170449524373e+07
3.719555852622652054e+07
3.693941226003709435e+07
3.668590495237153023e+07
3.643543422677954286e+07
3.618839262715266645e+07
3.594515059276467562e+07
3.570604414554382861e+07
3.547136478895289451e+07
3.524135365873694420e+07
3.501619791937672347e+07
3.479603146510821581e+07
3.458093641452676058e+07
3.437094722691036016e+07
3.416605627945424616e+07
3.396622004911524802e+07
3.377136573971296847e+07
3.358139871465907991e+07
3.339620881660114229e+07
3.321567721194589138e+07
3.303968113786239177e+07
3.286809898927193135e+07
3.270081402397304028e+07
3.253771703495668620e+07
3.237870835479977727e+07
3.222369876543316618e+07
3.207260947638620436e+07
3.192537179790474102e+07
3.178192665356206149e+07
3.164222230941149592e+07
3.150621341330057383e+07
3.137385896094893292e+07
3.124512057671961188e+07
3.111996115002928674e+07
3.099834310918579251e+07
3.088022722710394859e+07
3.076557162690489739e+07
3.065433104690577835e+07
3.054645643406502903e+07
3.044189462774550170e+07
3.034058882620781660e+07
3.024247821694760770e+07
3.014749878352696076e+07
3.005558371825546771e+07
2.996666401346098632e+07
2.988066907906772569e+07
2.979752738159485906e+07
2.971716694094078243e+07
2.963951598885348439e+07
2.956450333372645080e+07
2.949205875196012855e+07
2.942211326863335818e+07
2.935459949256704748e+07
2.928945115644039214e+07
2.922660402286940068e+07
2.916599528077147901e+07
2.910756362474189699e+07
2.905124907314581424e+07
2.899699316605735570e+07
2.894473836202780157e+07
2.889442821681728959e+07
2.884600720201494545e+07
2.879942059791054204e+07
2.875461441890643910e+07
2.871153536085392162e+07
2.867013079049024731e+07
2.863034866856909171e+07
2.859213767342130840e+07
2.855544716029052436e+07
2.852022707527422905e+07
2.848642860180765390e+07
2.845400333782938868e+07
2.842290393660797551e+07
2.839308403734694421e+07
2.836449823967529833e+07
2.833710226125898957e+07
2.831085289456696808e+07
2.828570805065891147e+07
2.826162677394994721e+07
2.823856924788882211e+07
2.821649679198088869e+07
2.819537185244762152e+07
2.817515798956744373e+07
2.815581985470191389e+07
2.813732316947519779e+07
2.811963470192703977e+07
2.810272224858605862e+07
2.808655463064895198e+07
2.807110152389556915e+07
2.805633369230297580e+07
2.804222278524011374e+07
2.802874136667891964e+07
2.801586289811353385e+07
2.800356172267233580e+07
2.799181305009924248e+07
2.798059295351321995e+07
2.796987830932329595e+07
2.795964685237476230e+07
2.794987711379104108e+07
2.794054845327014849e+07
2.793164089832719788e+07
2.792313522780577838e+07
2.791501327303768694e+07
2.790725724095706269e+07
2.789985016000828147e+07
2.789277578058936447e+07
2.788601836780036986e+07
2.787956298468016833e+07
2.787339526039520651e+07
2.786750142386239022e+07
2.786186829876185209e+07
2.785648322237352654e+07
2.785133402700918913e+07
2.784640932366774976e+07
2.784169795531823486e+07
2.783718934022195637e+07
2.783287336494795233e+07
2.782874036777648702e+07
2.782478112260229141e+07
2.782098682329655439e+07
2.781734906848669052e+07
2.781385984671548754e+07
2.781051152194716036e+07
2.780729682268519700e+07
2.780420881486536562e+07
2.780124090825366229e+07
2.779838682977689803e+07
2.779564061390300840e+07
2.779299658996205777e+07
2.779044936978470534e+07
2.778799383567146212e+07
2.778562512870611995e+07
2.778333863742549717e+07
2.778112998685506359e+07
2.777899497882271931e+07
2.777692977784613520e+07
2.777493060756082833e+07
2.777299393678764254e+07
2.777111642162149400e+07
2.776929489668777585e+07
2.776752636674547195e+07
2.776580799862502143e+07
2.776413711348867416e+07
2.776251117940052226e+07
2.776092780419411510e+07
2.775938472862601280e+07
2.775787981980462372e+07
2.775641106488448754e+07
2.775497656501732767e+07
2.775357452955191210e+07
2.775220327047575265e+07
2.775086119709195942e+07
2.774954681092530489e+07
2.774825870085153356e+07
2.774699553844413534e+07
2.774575607353273779e+07
2.774453912996701896e+07
2.774334360157990456e+07
2.774216844834353775e+07
2.774101269271124527e+07
2.773987541613867134e+07
2.773875575577680394e+07
2.773765290133004636e+07
2.773656609207201749e+07
2.773549461401225254e+07
2.773443779720687494e+07
2.773339501320670545e+07
2.773236567263643816e+07
2.773134922289893776e+07
2.773034514599875361e+07
2.772935295647963881e+07
2.772837219947073609e+07
2.772740244883666188e+07
2.772644330542687699e+07
2.772549439541978762e+07
2.772455536875750497e+07
2.772362589766705409e+07
2.772270567526415363e+07
2.772179441423572972e+07
2.772089184559744596e+07
2.771999771752260625e+07
2.771911179423902184e+07
2.771823385499027371e+07
2.771736369305821508e+07
2.771650111484342813e+07
2.771564593900062144e+07
2.771479799562596530e+07
2.771395712549356744e+07
2.771312317933841050e+07
2.771229601718318835e+07
2.771147550770655274e+07
2.771066152765053511e+07
2.770985396126495302e+07
2.770905269978667423e+07
2.770825764095184207e+07
2.770746868853921816e+07
2.770668575194277614e+07
2.770590874577204138e+07
2.770513758947839960e+07
2.770437220700607821e+07
2.770361252646614611e+07
2.770285847983233258e+07
2.770211000265725702e+07
2.770136703380790353e+07
2.770062951521912217e+07
2.769989739166402817e+07
2.769917061054029688e+07
2.769844912167133018e+07
2.769773287712129205e+07
2.769702183102323115e+07
2.769631593941935897e+07
2.769561516011271626e+07
2.769491945252953097e+07
2.769422877759153768e+07
