6.258212846995548010e+08
5.809521350409777164e+08
5.378439753774423599e+08
4.965470831166419983e+08
4.571048349955149889e+08
4.195528979458318949e+08
3.839187520166218281e+08
3.502214082063438296e+08
3.184712693047385812e+08
2.886701838526133299e+08
2.608116837927713692e+08
2.348814043447275460e+08
2.108575436025694311e+08
1.887112090084816515e+08
1.684065732965144813e+08
1.499009139202977419e+08
1.331445481764106899e+08
1.180807536915703416e+08
1.047447557948582768e+08
9.299980116391029954e+07
8.266516337595573068e+07
7.366247022070299089e+07
6.590829328460981697e+07
5.931463398955594748e+07
5.378960609529975802e+07
4.923831607455082238e+07
4.556393215323103219e+07
4.266890577044249326e+07
4.045628114412008971e+07
3.883104288606281579e+07
3.770143311109797657e+07
3.698018472707873583e+07
3.658562873524551839e+07
3.644262568355505168e+07
3.648329839708661288e+07
3.664755257057748735e+07
3.688010175556177646e+07
3.712707293903696537e+07
3.735218445561347902e+07
3.752764645081877708e+07
3.763360779501719028e+07
3.765745144686087966e+07
3.759297340073714405e+07
3.743948489428748190e+07
3.720087774144281447e+07
3.689814188886731118e+07
3.654622633704331517e+07
3.613499573288515955e+07
3.567586002312427759e+07
3.518315888123821467e+07
3.467027723124831915e+07
3.414995834086664021e+07
3.363389427826166898e+07
3.313241520715894550e+07
3.265427882060969993e+07
3.220654789396894351e+07
3.179455071903984621e+07
3.142191225237724185e+07
3.109064549103467911e+07
3.080129125479644910e+07
3.055309356016420200e+07
3.034420043490127847e+07
3.017187789173839241e+07
3.003272787726305425e+07
2.992290080044233054e+07
2.983829531506898254e+07
2.977474058088617772e+07
2.972815411036598682e+07
2.969467396731971949e+07
2.967076347303529084e+07
2.965328777888492122e+07
2.963956344225946069e+07
2.962738280125424266e+07
2.961501578672384098e+07
2.960119236266706884e+07
2.958506914142749086e+07
2.956618388113133982e+07
2.954440155719466507e+07
2.951985553105718642e+07
2.949288704463985562e+07
2.946366227312957495e+07
2.943270662479841709e+07
2.940063454485952854e+07
2.936807199542515352e+07
2.933561872406817973e+07
2.930381822935217991e+07
2.927313527956085652e+07
2.924394180576280504e+07
2.921650990223294124e+07
2.919101120717279986e+07
2.916752156376333162e+07
2.914603024281720445e+07
2.912645209351385385e+07
2.910864173840001225e+07
2.909240889745050296e+07
2.907753349365443364e+07
2.906378044668187946e+07
2.905091267254353315e+07
2.903870245114722103e+07
2.902694062737759203e+07
2.901544339598388597e+07
2.900405702407704294e+07
2.899266013749468327e+07
2.898116414514661580e+07
2.896951193361962214e+07
2.895767518286640197e+07
2.894565051617602259e+07
2.893345564744582027e+07
2.892112382952646911e+07
2.890869960492277145e+07
2.889623409480267763e+07
2.888378084017097205e+07
2.887139221421029791e+07
2.885911657515559718e+07
2.884699578649696708e+07
2.883506416029749811e+07
2.882334738063394278e+07
2.881186239390255138e+07
2.880061775262878835e+07
2.878961437789957598e+07
2.877884662880558148e+07
2.876830356811362132e+07
2.875797019023686647e+07
2.874782929899533093e+07
2.873786200827090442e+07
2.872804940411754698e+07
2.871837337638599798e+07
2.870881737403645739e+07
2.869936694481986389e+07
2.869001006397995353e+07
2.868073732578844205e+07
2.867154167661550641e+07
2.866241858713789284e+07
2.865336554047752172e+07
2.864438176133922487e+07
2.863546774176952988e+07
2.862662497544560581e+07
2.861785549323873222e+07
2.860916154476485401e+07
2.860054530031342804e+07
2.859200866274973378e+07
2.858355304542144760e+07
2.857517931089298800e+07
2.856688771922351047e+07
2.855867793646403402e+07
2.855054908409244940e+07
2.854249981882691383e+07
2.853452843211415410e+07
2.852663295915020257e+07
2.851881128840852901e+07
2.851106128087702766e+07
2.850338081515185535e+07
2.849576787163480371e+07
2.848822065408761799e+07
2.848073755134999752e+07
2.847331717619281262e+07
2.846595836510421336e+07
2.845866019332310185e+07
2.845142183389600366e+07
2.844424270120116323e+07
2.843712229837917909e+07
2.843006020674131811e+07
2.842305606632382795e+07
2.841610952293522283e+07
2.840922021775471047e+07
2.840238776440560445e+07
2.839561173610281199e+07
2.838889165894184634e+07
2.838222701072390750e+07
2.837561722442789376e+07
2.836906168975149840e+07
2.836255978462872654e+07
2.835611085309457034e+07
2.834971423835952580e+07
2.834336928790660575e+07
2.833707536281101778e+07
2.833083184532783553e+07
2.832463814447169006e+07
2.831849369950274378e+07
2.831239798139883950e+07
2.830635049252478778e+07
2.830035076480551809e+07
2.829439835676631331e+07
2.828849284982511774e+07
2.828263384421184659e+07
2.827682095485424995e+07
2.827105380751548707e+07
2.826533203540297598e+07
2.825965527639665455e+07
2.825402317097517103e+07
2.824843536085437983e+07
2.824289148829799891e+07
2.823739119601813704e+07
2.823193412755424529e+07
2.822651992800287157e+07
2.822114824496706575e+07
2.821581872960054129e+07
2.821053103763675690e+07
2.820528483031336963e+07
2.820007977512640134e+07
2.819491554637295380e+07
2.818979182546491548e+07
2.818470830101697519e+07
2.817966466872907430e+07
2.817466063109620288e+07
2.816969589698618650e+07
2.816477018112934381e+07
2.815988320356363058e+07
2.815503468907462060e+07
2.815022436666374281e+07
2.814545196907012165e+07
2.814071723236321285e+07
2.813601989561492577e+07
2.813135970065245032e+07
2.812673639188683033e+07
2.812214971620717272e+07
2.811759942292770743e+07
2.811308526377277821e+07
2.810860699288531020e+07
2.810416433057706803e+07
2.809975710824851692e+07
2.809538505129577965e+07
2.809104792365488783e+07
2.808674549167600274e+07
2.808247752407024801e+07
2.807824379183721542e+07
2.807404406817637384e+07
2.806987812838674709e+07
2.806574574975993484e+07
2.806164671718103439e+07
2.805758080012510717e+07
2.805354778698971123e+07
2.804954746199387684e+07
2.804557955932921916e+07
2.804164396907019243e+07
2.803774042841371521e+07
2.803386872725614533e+07
2.803002865680046380e+07
2.802622000952849537e+07
2.802244257917851210e+07
2.801869616072623059e+07
2.801498055036740750e+07
2.801129554550055042e+07
2.800764094470850751e+07
2.800401654773833603e+07
2.800042215547902510e+07
2.799685756993706524e+07
2.799332259421022981e+07
2.798981703245997056e+07
2.798634068988312036e+07
2.798289337268352509e+07
2.797947488804430142e+07
2.797608504410129413e+07
2.797272364991817623e+07
2.796939051546356082e+07
2.796608545159029216e+07
2.796280827001702040e+07
2.795955878331197426e+07
2.795633680487872660e+07
2.795314214894390106e+07
2.794997463054630905e+07
2.794683406552756578e+07
2.794372027052357793e+07
2.794063306295701489e+07
2.793757226103038341e+07
2.793453768371953443e+07
2.793152915076769143e+07
2.792854648267981410e+07
2.792558950071728975e+07
2.792265802689304948e+07
2.791975188396703452e+07
2.791687089544215798e+07
2.791401488556071371e+07
2.791118367930128425e+07
2.790837710237619281e+07
2.790559498122943565e+07
2.790283714303516597e+07
2.790010341882799566e+07
2.789739363092518225e+07
2.789470761186569557e+07
2.789204519173788652e+07
2.788940620135845244e+07
2.788679047227291763e+07
2.788419783675628528e+07
2.788162812781373411e+07
2.787908117918147519e+07
2.787655682532760128e+07
2.787405490145299584e+07
2.787157524349228293e+07
2.786911768811478466e+07
2.786668207272553816e+07
2.786426823546631634e+07
2.786187601521675289e+07
2.785950525159544498e+07
2.785715578496116772e+07
2.785482745641413331e+07
2.785252010779729113e+07
2.785023358169768006e+07
2.784796772144789994e+07
2.784572237112750858e+07
