2.387730536966589093e+08
2.177554544243838787e+08
1.981124238340315223e+08
1.798940266607999504e+08
1.631427159854879975e+08
1.478894664162797928e+08
1.341514593243267685e+08
1.219290859342364669e+08
1.112030241939056069e+08
1.019320171775568426e+08
9.405128023462341726e+07
8.747227071372893453e+07
8.208048305257393420e+07
7.771149163008612394e+07
7.405977664783065021e+07
7.105813575710311532e+07
6.863450284114401042e+07
6.669844227136169374e+07
6.516280074568153173e+07
6.394517356996199489e+07
6.296841765647834539e+07
6.208354712896163762e+07
6.121113117731601745e+07
6.029570779910349846e+07
5.930273278918026388e+07
5.821302879309447110e+07
5.702074539204750210e+07
5.573106671933881938e+07
5.435782980911473185e+07
5.292115454650898278e+07
5.144518191930925846e+07
4.995598288015461713e+07
4.847970069480926543e+07
4.704096396314173937e+07
4.566160779229347408e+07
4.440542440857991576e+07
4.326733478132837266e+07
4.220894418314113468e+07
4.123575508474630117e+07
4.034963645446817577e+07
3.954914262084335089e+07
3.882999144698703289e+07
3.818566254107428342e+07
3.760805329309122264e+07
3.708815471715179831e+07
3.661669523399154842e+07
3.618471625261476636e+07
3.578404883688195050e+07
3.540766874872616678e+07
3.504992426048639417e+07
3.470663413678301871e+07
3.437506630340187252e+07
3.405381513417672366e+07
3.374260045150594413e+07
3.344201324776357040e+07
3.315323570589119196e+07
3.287775929096683860e+07
3.261712662148617581e+07
3.237270700949852169e+07
3.214552777193568274e+07
3.193615997854358330e+07
3.174466308045142889e+07
3.157058406391484290e+07
3.141300516628916562e+07
3.127062542707878351e+07
3.114186828662499040e+07
3.102499990062251687e+07
3.091811002841993049e+07
3.081950365927910805e+07
3.072763735644095019e+07
3.064117989323325083e+07
3.055905208499734104e+07
3.048044144976039976e+07
3.040479352057261020e+07
3.033178406847060472e+07
3.026127725685428828e+07
3.019327541814276949e+07
3.012786686829111353e+07
3.006517586814262345e+07
3.000532085857323185e+07
2.994838094133029878e+07
2.989437460858294740e+07
2.984324940684471279e+07
2.979488302307239547e+07
2.974909221817561239e+07
2.970564838045487925e+07
2.966429652176461369e+07
2.962477536752505600e+07
2.958683560027971491e+07
2.955025523918579891e+07
2.951485040292722732e+07
2.948048108035712689e+07
2.944705202407035232e+07
2.941450925485223159e+07
2.938283328398784250e+07
2.935203008331935108e+07
2.932212127968570217e+07
2.929313410055798292e+07
2.926509344303779304e+07
2.923801499111471698e+07
2.921190112300881371e+07
2.918673850726770982e+07
2.916249921999670938e+07
2.913914194237452000e+07
2.911661576640118659e+07
2.909486406894392520e+07
2.907382841646355763e+07
2.905345228781129420e+07
2.903368395123155415e+07
2.901447838970929384e+07
2.899579817834174633e+07
2.897761341188673303e+07
2.895990084898267314e+07
2.894264239013887569e+07
2.892582340629890561e+07
2.890943095112418011e+07
2.889345220419534668e+07
2.887787322700735182e+07
2.886267821336362138e+07
2.884784919103773311e+07
2.883336616439326108e+07
2.881920760522975773e+07
2.880535117563664913e+07
2.879177455508052185e+07
2.877845625071935356e+07
2.876537629068212211e+07
2.875251673014219105e+07
2.873986194486870617e+07
2.872739864796626195e+07
2.871511580415824056e+07
2.870300430307921395e+07
2.869105657712483034e+07
2.867926616897466406e+07
2.866762734808366373e+07
2.865613476325188577e+07
2.864478320105845854e+07
2.863356744427691400e+07
2.862248222845099866e+07
2.861152228020315245e+07
2.860068241209731996e+07
2.858995764666926861e+07
2.857934334232968092e+07
2.856883529876871407e+07
2.855842982623734325e+07
2.854812377096605301e+07
2.853791449664792791e+07
2.852779983804839477e+07
2.851777797929666936e+07
2.850784741608891264e+07
2.849800681975715607e+07
2.848825496131778136e+07
2.847859065242446959e+07
2.846901267218423262e+07
2.845951979367125034e+07
2.845011075624768436e+07
2.844078429195328429e+07
2.843153917313285545e+07
2.842237416789889708e+07
2.841328834154072776e+07
2.840428036717839912e+07
2.839534950521104038e+07
2.838649499388984591e+07
2.837771614403241500e+07
2.836901238554775715e+07
2.836038321442765370e+07
2.835182817956573516e+07
2.834334686402909830e+07
2.833493900553685427e+07
2.832660408987365663e+07
2.831834190058858693e+07
2.831015167996461317e+07
2.830203312394186482e+07
2.829398600497687608e+07
2.828601009292958304e+07
2.827810439196359739e+07
2.827026902262802422e+07
2.826250441837843508e+07
2.825480975758725777e+07
2.824718480925211310e+07
2.823962935673752800e+07
2.823214319219890982e+07
2.822472624221453071e+07
2.821737803874680400e+07
2.821009850286711752e+07
2.820288741757551581e+07
2.819574456363725662e+07
2.818866969872931391e+07
2.818166259030709416e+07
2.817472302414461970e+07
2.816785069680743292e+07
2.816104538778427988e+07
2.815430684599766135e+07
2.814763481827419996e+07
2.814102904885423183e+07
2.813448927855341509e+07
2.812801524374829233e+07
2.812160667536335811e+07
2.811526329801259562e+07
2.810898482940161973e+07
2.810277098003957421e+07
2.809662145325405896e+07
2.809053594545637071e+07
2.808451414657491818e+07
2.807855574056328833e+07
2.807266040589593351e+07
2.806682785242917389e+07
2.806105767596113309e+07
2.805534958403066918e+07
2.804970322192449123e+07
2.804411825164880231e+07
2.803859450076885894e+07
2.803313125972665846e+07
2.802772919464161247e+07
2.802238640661259368e+07
2.801710305182873830e+07
2.801187896280847490e+07
2.800671371319502965e+07
2.800160693135833368e+07
2.799655818827242777e+07
2.799156729143653437e+07
2.798663352776036784e+07
2.798175668520556390e+07
2.797693634506769851e+07
2.797217211212567240e+07
2.796746358327051252e+07
2.796281039473330975e+07
2.795821208894091845e+07
2.795366827438221499e+07
2.794917847882185131e+07
2.794474232945746183e+07
2.794035946297840402e+07
2.793602939121814072e+07
2.793175187301502377e+07
2.792752613172420114e+07
2.792335201372763515e+07
2.791922898179337382e+07
2.791515664394658059e+07
2.791113451324825734e+07
2.790716221371974051e+07
2.790323939968036860e+07
2.789936550438259542e+07
2.789554011212176830e+07
2.789176286698148027e+07
2.788803330930156633e+07
2.788435053597586602e+07
2.788071579660047218e+07
2.787712659387686476e+07
2.787358332852336764e+07
2.787008556694551557e+07
2.786663287695048004e+07
2.786322482325675339e+07
2.785986097447016463e+07
2.785654089859528840e+07
2.785326416426897049e+07
2.785003035032550246e+07
2.784683900796614587e+07
2.784368971772318333e+07
2.784058205162505805e+07
2.783751558275894076e+07
2.783448988535344973e+07
2.783150453486000001e+07
2.782855910803252459e+07
2.782565318300528079e+07
2.782278633936858922e+07
2.781995815824243426e+07
2.781716825109796971e+07
2.781441614475169033e+07
2.781170145416490734e+07
2.780902376727302745e+07
2.780638267388111725e+07
2.780377776572692022e+07
2.780120863654214889e+07
2.779867488211201131e+07
2.779617610033277795e+07
2.779371189126730710e+07
2.779128185719845444e+07
2.778888560268015414e+07
2.778652273458645493e+07
2.778419286215830967e+07
2.778189559704834223e+07
2.777963055336364359e+07
2.777739735532213748e+07
2.777519560683764145e+07
2.777302493722643703e+07
2.777088497080640867e+07
2.776877533453812823e+07
2.776669565805773810e+07
2.776464557370829955e+07
2.776262471656962857e+07
2.776063272448663414e+07
2.775866923809610307e+07
2.775673390085201710e+07
2.775482637030413747e+07
2.775294627308797836e+07
2.775109327251590788e+07
2.774926702353486791e+07
2.774746718401406333e+07
2.774569341476184875e+07
2.774394537954118103e+07
2.774222274508376047e+07
