1.675462969335996628e+09
8.957540750503540039e+00
1.780599284172058105e+01
2.662803030014038086e+01
3.548521113395690918e+01
4.433524847030639648e+01
5.318616890907287598e+01
6.201647257804870605e+01
7.089997100830078125e+01
7.978568077087402344e+01
8.863697934150695801e+01
9.753081846237182617e+01
1.063392138481140137e+02
1.151549549102783203e+02
1.240034840106964111e+02
1.328467071056365967e+02
1.417180414199829102e+02
1.506227667331695557e+02
1.595328209400177002e+02
1.684403152465820312e+02
1.773418526649475098e+02
1.862413110733032227e+02
1.951531801223754883e+02
2.040673027038574219e+02
2.129928779602050781e+02
2.219231169223785400e+02
2.308156020641326904e+02
2.397062468528747559e+02
2.485974042415618896e+02
2.574983527660369873e+02
2.663891143798828125e+02
2.752902274131774902e+02
2.841886327266693115e+02
2.930793652534484863e+02
3.019776272773742676e+02
3.108840503692626953e+02
3.199255969524383545e+02
3.292705686092376709e+02
3.384672446250915527e+02
3.476491649150848389e+02
3.567358884811401367e+02
3.656456530094146729e+02
3.745686500072479248e+02
3.834911155700683594e+02
3.924183585643768311e+02
4.013190805912017822e+02
4.102324044704437256e+02
4.191110279560089111e+02
4.280018436908721924e+02
4.369051475524902344e+02
4.458088083267211914e+02
4.546685144901275635e+02
4.635379292964935303e+02
4.724103763103485107e+02
4.812760624885559082e+02
4.901264004707336426e+02
4.989775567054748535e+02
5.078431570529937744e+02
5.167143006324768066e+02
5.255699529647827148e+02
5.344470663070678711e+02
5.433246409893035889e+02
5.521820542812347412e+02
5.610566139221191406e+02
5.699260008335113525e+02
5.788128972053527832e+02
5.876832616329193115e+02
5.965654118061065674e+02
6.054359827041625977e+02
6.143151867389678955e+02
6.232025043964385986e+02
6.320847854614257812e+02
6.409667611122131348e+02
6.498470838069915771e+02
6.587428221702575684e+02
6.676205973625183105e+02
6.764922182559967041e+02
6.853697412014007568e+02
6.942470018863677979e+02
7.031279175281524658e+02
7.120196404457092285e+02
7.209086825847625732e+02
7.297873625755310059e+02
7.386655282974243164e+02
7.475513970851898193e+02
7.564298963546752930e+02
7.657763750553131104e+02
7.749794538021087646e+02
7.838650496006011963e+02
7.927456462383270264e+02
8.016305160522460938e+02
8.105137515068054199e+02
8.194001159667968750e+02
8.282303857803344727e+02
8.370656349658966064e+02
8.459061591625213623e+02
8.547519311904907227e+02
8.637221775054931641e+02
8.726147778034210205e+02
8.814667949676513672e+02
8.903158004283905029e+02
8.991809041500091553e+02
9.080388050079345703e+02
9.170330121517181396e+02
9.259468560218811035e+02
9.351249973773956299e+02
9.442219219207763672e+02
9.531102118492126465e+02
9.619920136928558350e+02
9.709478368759155273e+02
9.798002352714538574e+02
9.886682209968566895e+02
9.975371174812316895e+02
1.006408485174179077e+03
1.015282155513763428e+03
1.024145795583724976e+03
1.033016449689865112e+03
1.041909385442733765e+03
1.050792830467224121e+03
1.059670121669769287e+03
1.068574769973754883e+03
1.077464236736297607e+03
1.086345958709716797e+03
1.095256280899047852e+03
1.104144736051559448e+03
1.113032651901245117e+03
1.121912946462631226e+03
1.130811855077743530e+03
1.139766868829727173e+03
1.148681209087371826e+03
1.157603946685791016e+03
1.166491007089614868e+03
1.175457224607467651e+03
1.184338627099990845e+03
1.193201893568038940e+03
1.202079415082931519e+03
1.210961157560348511e+03
1.219831159591674805e+03
1.228694952726364136e+03
1.237560696601867676e+03
1.246430387973785400e+03
1.255310469627380371e+03
1.264176007986068726e+03
1.273046593427658081e+03
1.281912797689437866e+03
1.290782444000244141e+03
1.299656993389129639e+03
1.308526799917221069e+03
1.317387444496154785e+03
1.326257834911346436e+03
1.335115432977676392e+03
1.343986023664474487e+03
1.352845239162445068e+03
1.361707877159118652e+03
1.370576211690902710e+03
1.379448162317276001e+03
1.388318272590637207e+03
1.397186082839965820e+03
1.406051499128341675e+03
1.414909177064895630e+03
1.423785553693771362e+03
1.432647379398345947e+03
1.441525139093399048e+03
1.450413856983184814e+03
1.459293526887893677e+03
1.468177774429321289e+03
1.477057036876678467e+03
1.485952146291732788e+03
1.494845257997512817e+03
1.503720791339874268e+03
1.512614013195037842e+03
1.521497589588165283e+03
1.530383598089218140e+03
1.539273579597473145e+03
1.548172830581665039e+03
1.557083825349807739e+03
1.566006583690643311e+03
1.574940803289413452e+03
1.583876665115356445e+03
1.592808583974838257e+03
1.601728511333465576e+03
1.610651673555374146e+03
1.619571676492691040e+03
1.628490638732910156e+03
1.637412720918655396e+03
1.646332449674606323e+03
1.655245997190475464e+03
1.664161966085433960e+03
1.673079863071441650e+03
1.681992424488067627e+03
1.690912287950515747e+03
1.699822345256805420e+03
1.708731936693191528e+03
1.717645111083984375e+03
1.726558694124221802e+03
1.735473177194595337e+03
1.744396514177322388e+03
1.753305814266204834e+03
1.762217751264572144e+03
1.771133827447891235e+03
1.780042294263839722e+03
