8.673477973063212633e+08
8.303325643846974373e+08
7.937819146698535681e+08
7.577341257843852043e+08
7.222274167479150295e+08
6.872998278971593380e+08
6.529890887542338371e+08
6.193324743590397835e+08
5.863666507162095308e+08
5.541275101450941563e+08
5.226499974623423219e+08
4.919679280705739856e+08
4.621137992067134380e+08
4.331185955266026258e+08
4.050115910086719990e+08
3.778201482555008531e+08
3.515695273153343797e+08
3.262826469981114864e+08
3.019799470288230777e+08
2.786791596843055487e+08
2.563951375626819134e+08
2.351396827661559880e+08
2.149213896404785216e+08
1.957455038369961083e+08
1.776138005311160684e+08
1.605244846634834707e+08
1.444721160583678782e+08
1.294475622082324624e+08
1.154379813843086809e+08
1.024268385304571390e+08
9.039395611255824566e+07
7.931560172043046355e+07
6.916461374840487540e+07
5.991056591188714653e+07
5.151997069234374166e+07
4.395652104896686971e+07
3.718136890432736278e+07
3.115343802235218510e+07
2.582976797505069524e+07
2.116588497061099857e+07
1.711619442600659281e+07
1.363438935194372758e+07
1.067386791833727062e+07
8.188153025211229920e+06
6.131306353956387378e+06
4.458329247683176771e+06
3.125542887488613371e+06
2.090940608723675134e+06
1.314505811573448125e+06
7.584898005426730961e+05
3.876449217392770224e+05
1.694096015304372995e+05
7.404321147541023674e+04
7.471006276074124617e+04
1.475132017422497156e+05
2.714799797717689071e+05
4.285025530147015816e+05
6.032374877299461514e+05
7.829694705023781862e+05
9.574447301979612093e+05
1.118680160219268641e+06
1.260754288885218557e+06
1.379586195620277897e+06
1.472708232676644344e+06
1.539038014064385090e+06
1.578654606864623725e+06
1.592583238501471002e+06
1.582592149979132228e+06
1.551004510864259908e+06
1.500527595182404853e+06
1.434100722812823951e+06
1.354762818475455511e+06
1.265539845588656841e+06
1.169351846309155691e+06
1.068938869017867371e+06
9.668046937525783433e+05
8.651769747987999581e+05
7.659822053489306709e+05
6.708337672403529286e+05
5.810312530902598519e+05
4.975692313470642548e+05
4.211536588709885255e+05
3.522242223160950234e+05
2.909810004857385647e+05
2.374139769005337730e+05
1.913340874423177447e+05
1.524046551229213073e+05
1.201722365039068391e+05
9.409607658788950357e+04
7.357553646918377490e+04
5.797501686066024558e+04
4.664604780623693659e+04
3.894634821933555941e+04
3.425577684565079835e+04
3.198919797046946042e+04
3.160637038509001286e+04
3.261903699360537212e+04
3.459544559218164795e+04
3.716256973151667626e+04
4.000632337863873545e+04
4.287007571126041876e+04
4.555177431109054305e+04
4.789997783875215100e+04
4.980908455116319965e+04
5.121402230942324968e+04
5.208464050178174512e+04
5.242001595622990135e+04
5.224285470684694155e+04
5.159414053970900568e+04
5.052815056582073885e+04
4.910792848898285592e+04
4.740127844324366015e+04
4.547731680854869046e+04
4.340359667209204781e+04
4.124379985348642367e+04
3.905597479676298099e+04
3.689128518657927634e+04
3.479322380730639998e+04
3.279723878971012891e+04
3.093071477029769449e+04
2.921324936214845729e+04
2.765716540356456971e+04
2.626820138904422492e+04
2.504632596103968899e+04
2.398662701605643815e+04
2.308023152968002250e+04
2.231521832588544930e+04
2.167749242527260139e+04
2.115159605401501176e+04
2.072143766477250028e+04
2.037092623239724708e+04
2.008450349956506398e+04
1.984757165463138881e+04
1.964681805638170772e+04
1.947044204044085564e+04
1.930829154183615901e+04
1.915191926543164300e+04
1.899456946922937277e+04
1.883110715123367117e+04
1.865790161695626739e+04
1.847267612918250234e+04
1.827433468588851247e+04
1.806277601904480252e+04
1.783870373752229352e+04
1.760344022733256861e+04
1.735875054221969913e+04
1.710668112819600719e+04
1.684941687994716631e+04
1.658915876753673001e+04
1.632802313181373756e+04
1.606796274974240077e+04
1.581070893122551206e+04
1.555773323328895640e+04
1.531022686514566158e+04
1.506909550200315971e+04
1.483496701489197949e+04
1.460820954332772817e+04
1.438895736922842116e+04
1.417714217528181507e+04
1.397252746895567907e+04
1.377474420516779355e+04
1.358332592794954508e+04
1.339774205716607685e+04
1.321742825574722701e+04
1.304181311310916499e+04
1.287034066118209012e+04
1.270248849285761935e+04
1.253778147299088778e+04
1.237580121609505659e+04
1.221619165094778327e+04
1.205866110104219479e+04
1.190298138256339735e+04
1.174898446167779548e+04
1.159655722376413905e+04
1.144563489336211933e+04
1.129619360961809434e+04
1.114824261254624435e+04
1.100181643517677912e+04
1.085696742978776456e+04
1.071375888689793283e+04
1.057225893681250091e+04
1.043253535807368462e+04
1.029465135737661694e+04
1.015866233292392644e+04
1.002461358892394856e+04
9.892538933401079703e+03
9.762460064905590116e+03
9.634386635548307822e+03
9.508316867663119410e+03
9.384238598230491334e+03
9.262130628042270473e+03
9.141964260422770167e+03
9.023704925755095246e+03
8.907313802262780882e+03
8.792749359153109253e+03
8.679968764590816136e+03
8.568929117036710522e+03
8.459588473762323702e+03
8.351906664134408857e+03
8.245845887300649338e+03
