1.624865929808369401e+03
1.519198234104686890e+03
1.417184976151766023e+03
1.318885662603148603e+03
1.224352893211043011e+03
1.133631743695399109e+03
1.046759164311823497e+03
9.637634012156430572e+02
8.846634481832941219e+02
8.094685366818138164e+02
7.381776726587183930e+02
6.707792287395484436e+02
6.072506007463817923e+02
5.475579375621566669e+02
4.916559533318167041e+02
4.394878307801603796e+02
3.909852240022055980e+02
3.460683684100332016e+02
3.046463045676792945e+02
2.666172213841505823e+02
2.318689225446666455e+02
2.002794181337887949e+02
1.717176411485849030e+02
1.460442860423979994e+02
1.231127636279416322e+02
1.027702636738349042e+02
8.485891344541926173e+01
6.921701738402792614e+01
5.568036022041875555e+01
4.408355322011824740e+01
3.426140110437236075e+01
2.605026561629750148e+01
1.928940082461292249e+01
1.382223516561749221e+01
9.497575968876134311e+00
6.170713800779038749e+00
3.704406353276826991e+00
1.969724717399905067e+00
8.467485857813629169e-01
2.251010653043089560e-01
4.318167755238070359e-03
9.405249057458515971e-02
4.141149121183135273e-01
8.943621320315136014e-01
1.474441438446306929e+00
2.103407063616751671e+00
2.739224819346311346e+00
3.348183342590101752e+00
3.904231226014667655e+00
4.388259586817010671e+00
4.787349295294388796e+00
5.094001218274868847e+00
5.305366520503778993e+00
5.422492405109205826e+00
5.449596758689847498e+00
5.393383089974310707e+00
5.262404998307324000e+00
5.066487254542323626e+00
4.816208485946597229e+00
4.522448480472474941e+00
4.196001304593128367e+00
3.847253792482520751e+00
3.485927532330357792e+00
3.120881259295094079e+00
2.759969567739265273e+00
2.409953075680567380e+00
2.076454604334720955e+00
1.763955563855227560e+00
1.475826548093956081e+00
1.214386119446162482e+00
9.809818905715828041e-01
7.760882630383072467e-01
5.994155428350005366e-01
4.500255983343053878e-01
3.264497368501982910e-01
2.268050313299671550e-01
1.489059098045256713e-01
9.036840925437100713e-02
4.870507637638280679e-02
2.140905615640831261e-02
6.026433002020296567e-03
2.163685557826686796e-04
1.799007537215270569e-03
8.791492679645091651e-03
1.943273886843669557e-02
3.219786385777818893e-02
4.580335924619474003e-02
5.920421320369980561e-02
7.158426965612151027e-02
8.234113228282985419e-02
9.106690166456675450e-02
9.752597671097856802e-02
1.016310638806819516e-01
1.034184265433079897e-01
1.030232788019627005e-01
1.006560895602863354e-01
9.658041939954872812e-02
9.109277016435499141e-02
8.450478952843253067e-02
7.712804397668326928e-02
