1.197246431330353971e+03
1.123689081810618973e+03
1.054280836830761700e+03
9.890858417256354187e+02
9.281538548465955500e+02
8.715183517671596292e+02
8.191945846079228204e+02
7.711776347722794753e+02
7.274405096917487299e+02
6.879323480861049802e+02
6.525768131836830435e+02
6.212707683310179618e+02
5.938833429454847419e+02
5.702555067775629141e+02
5.502002744024165395e+02
5.335036569013996086e+02
5.199264610343466302e+02
5.092070056686706039e+02
5.010647799464955483e+02
4.952050087612041125e+02
4.913240222270365507e+02
4.891152532449366390e+02
4.882756194333941266e+02
4.885119920451155622e+02
4.895474237920884661e+02
4.911268059896726186e+02
4.930216552923234872e+02
4.950337889452963509e+02
4.969977279054422752e+02
4.987817592992271898e+02
5.002876823023694328e+02
5.014493444304613945e+02
5.022301408061172197e+02
5.026196930422739229e+02
5.026299462404130054e+02
5.022909243528167735e+02
5.016463697270458511e+02
5.007494667400792991e+02
4.996588166446815080e+02
4.984347950224985198e+02
4.971363875464651301e+02
4.958185660983606340e+02
4.945302368176996879e+02
4.933127648954983329e+02
4.921990579867289171e+02
4.912131709099546697e+02
4.903703786856347051e+02
4.896776528196147638e+02
4.891344670112802646e+02
4.887338531522817107e+02
4.884636265847510685e+02
4.883077010619981593e+02
4.882474185509826157e+02
4.882628266418867042e+02
4.883338464323398966e+02
4.884412857275005422e+02
4.885676655212802189e+02
4.886978412159458003e+02
4.888194131176846895e+02
4.889229327028651824e+02
4.890019213952266455e+02
4.890527267018818520e+02
4.890742462813599332e+02
4.890675537971202402e+02
4.890354613470510685e+02
4.889820520915010889e+02
4.889122137678435251e+02
4.888311994800251341e+02
4.887442369161013858e+02
4.886562014014005513e+02
4.885713623375907559e+02
4.884932069596127917e+02
4.884243402547134565e+02
4.883664555547033501e+02
4.883203668875189578e+02
4.882860917402820746e+02
4.882629714598398891e+02
4.882498160545361543e+02
4.882450605676622217e+02
4.882469213330882667e+02
4.882535421329438350e+02
4.882631223763389698e+02
4.882740217245273016e+02
4.882848379281355164e+02
4.882944568617338064e+02
4.883020757127427487e+02
4.883072019103918819e+02
4.883096316058610569e+02
4.883094123111263229e+02
4.883067946776560575e+02
4.883021783807447491e+02
4.882960567263557436e+02
4.882889639853937069e+02
4.882814286640965520e+02
4.882739350193472774e+02
4.882668942007605324e+02
4.882606255153876873e+02
4.882553475215564731e+02
4.882511780070701093e+02
4.882481414197262666e+02
