6.289991993039543629e+08
5.853945980452218056e+08
5.435990300951409340e+08
5.036300985841764808e+08
4.655007408191414475e+08
4.292189495429705381e+08
3.947875230498709679e+08
3.622038493952519298e+08
3.314597298690826893e+08
3.025412467202619314e+08
2.754286798708129525e+08
2.500964765325340927e+08
2.265132783020253479e+08
2.046420074624915123e+08
1.844400155672700405e+08
1.658592950944862068e+08
1.488467542355421185e+08
1.333445536791800559e+08
1.192905029505601674e+08
1.066185125467006713e+08
9.525909678227439523e+07
8.513992096921963990e+07
7.618638534623453021e+07
6.832223709784731269e+07
6.147020090451949835e+07
5.555261778889548033e+07
5.049208160651601851e+07
4.621206240092919767e+07
4.263750602088703215e+07
3.969539989247883856e+07
3.731529558134776354e+07
3.542977999491372705e+07
3.397488812893970311e+07
3.289045202259588987e+07
3.212038205589307100e+07
3.161287847929900512e+07
3.132057276067911088e+07
3.120059997777196392e+07
3.121460500904788077e+07
3.132868663279183209e+07
3.151328479539051279e+07
3.174301722920328751e+07
3.199647227482753620e+07
3.225596519088164344e+07
3.250726542622969672e+07
3.273930230333311483e+07
3.294385634228839725e+07
3.311524307263082266e+07
3.324999566588068008e+07
3.334655210807653517e+07
3.340495194886006415e+07
3.342654694022923708e+07
3.341372913877401501e+07
3.336967931127338856e+07
3.329813777240407467e+07
3.320319910877698660e+07
3.308913161602810025e+07
3.296022170275022089e+07
3.282064300167964771e+07
3.267434947770568356e+07
3.252499143526197597e+07
3.237585300448530167e+07
3.222980942515756190e+07
3.208930224802478030e+07
3.195633043208010495e+07
3.183245523069985583e+07
3.171881672551427037e+07
3.161615988048439845e+07
3.152486804532146826e+07
3.144500193219341338e+07
3.137634221733998507e+07
3.131843407419599965e+07
3.127063212113709003e+07
3.123214445915348083e+07
3.120207467678456381e+07
3.117946090582722425e+07
3.116331121626570448e+07
3.115263483757698536e+07
3.114646888159561157e+07
3.114390041565929726e+07
3.114408389069668576e+07
3.114625406491435319e+07
3.114973467822669446e+07
3.115394322475374490e+07
3.115839224053017050e+07
3.116268757163965330e+07
3.116652411552265659e+07
3.116967953691238165e+07
3.117200645183585584e+07
3.117342355075897276e+07
3.117390609781454504e+07
3.117347619975572079e+07
3.117219318842182308e+07
3.117014440657243505e+07
3.116743663124167547e+07
3.116418831334739923e+07
3.116052275894339383e+07
3.115656232770207524e+07
3.115242367912212759e+07
3.114821405741430074e+07
3.114402857257324830e+07
3.113994840805396438e+07
3.113603986474901065e+07
3.113235413639643043e+07
3.112892770274855569e+07
3.112578322326377034e+07
3.112293081510751322e+07
3.112036960415949300e+07
3.111808944577770680e+07
3.111607272252366692e+07
3.111429613818375021e+07
3.111273244055370241e+07
3.111135201897102594e+07
3.111012433594694361e+07
3.110901916500835121e+07
3.110800761864540726e+07
3.110706296079254895e+07
3.110616120735707879e+07
3.110528152583812177e+07
3.110440645100948960e+07
3.110352193799791858e+07
3.110261727695152164e+07
3.110168489498332143e+07
3.110072007134662196e+07
3.109972059102822840e+07
3.109868636032222956e+07
3.109761900566404313e+07
3.109652147424994037e+07
3.109539765192150697e+07
3.109425201061875373e+07
3.109308929454548657e+07
3.109191425116537511e+07
3.109073141035725921e+07
3.108954491257569194e+07
3.108835838474047184e+07
3.108717486084396392e+07
3.108599674292923138e+07
3.108482579714503139e+07
3.108366317900539190e+07
3.108250948173672333e+07
3.108136480164270476e+07
3.108022881470949203e+07
3.107910085915913433e+07
3.107798001928950101e+07
3.107686520666277409e+07
3.107575523547897488e+07
3.107464888975377753e+07
3.107354498067762703e+07
3.107244239323728159e+07
3.107134012180952728e+07
3.107023729497572780e+07
3.106913319024509937e+07
3.106802723971194029e+07
3.106691902790867537e+07
3.106580828325782716e+07
3.106469486458229274e+07
3.106357874411389977e+07
3.106245998836015165e+07
3.106133873805993050e+07
3.106021518829575926e+07
3.105908956964489073e+07
3.105796213105691969e+07
3.105683312495061383e+07
3.105570279483833164e+07
3.105457136561728269e+07
3.105343903651950508e+07
3.105230597659021616e+07
3.105117232246743143e+07
3.105003817816633359e+07
3.104890361652753130e+07
3.104776868196737394e+07
3.104663339416817948e+07
3.104549775236321241e+07
3.104436173990141228e+07
3.104322532881759852e+07
3.104208848418045044e+07
3.104095116804037243e+07
3.103981334284971282e+07
3.103867497427539900e+07
3.103753603336795419e+07
3.103639649808868021e+07
3.103525635422883928e+07
3.103411559577876702e+07
3.103297422482276708e+07
3.103183225104635209e+07
3.103068969094715267e+07
3.102954656684011221e+07
3.102840290574255958e+07
3.102725873821615428e+07
3.102611409723183140e+07
3.102496901711123064e+07
3.102382353258519620e+07
3.102267767799692973e+07
3.102153148666511476e+07
3.102038499041179568e+07
3.101923821924997494e+07
3.101809120121905580e+07
3.101694396235014871e+07
3.101579652673999220e+07
3.101464891670993716e+07
3.101350115302632004e+07
3.101235325515927374e+07
3.101120524155909196e+07
3.101005712993196025e+07
3.100890893749995902e+07
3.100776068123405054e+07
3.100661237805177644e+07
3.100546404497509450e+07
3.100431569924665242e+07
3.100316735840522870e+07
3.100201904032346606e+07
3.100087076321225986e+07
3.099972254559747875e+07
3.099857440627510101e+07
3.099742636425107345e+07
3.099627843867190927e+07
3.099513064875163510e+07
3.099398301369965822e+07
3.099283555265372992e+07
3.099168828462074324e+07
3.099054122842741758e+07
3.098939440268211439e+07
3.098824782574788481e+07
3.098710151572651416e+07
3.098595549045255780e+07
3.098480976749607176e+07
3.098366436417242885e+07
3.098251929755750299e+07
3.098137458450645953e+07
3.098023024167462438e+07
3.097908628553881496e+07
3.097794273241797835e+07
3.097679959849217162e+07
3.097565689981900901e+07
3.097451465234735608e+07
3.097337287192777544e+07
3.097223157431995124e+07
3.097109077519709244e+07
3.096995049014776945e+07
3.096881073467547446e+07
3.096767152419639379e+07
3.096653287403593212e+07
3.096539479942439869e+07
3.096425731549222767e+07
3.096312043726531789e+07
3.096198417966051400e+07
3.096084855748172104e+07
3.095971358541662246e+07
3.095857927803424001e+07
3.095744564978324249e+07
3.095631271499106288e+07
3.095518048786368594e+07
3.095404898248609155e+07
3.095291821282313019e+07
3.095178819272084162e+07
3.095065893590787426e+07
3.094953045599721372e+07
3.094840276648780704e+07
3.094727588076610118e+07
3.094614981210760400e+07
3.094502457367810607e+07
3.094390017853483185e+07
3.094277663962736353e+07
3.094165396979833394e+07
3.094053218178404495e+07
3.093941128821482509e+07
3.093829130161543190e+07
3.093717223440524563e+07
3.093605409889854491e+07
3.093493690730468184e+07
3.093382067172836885e+07
3.093270540416994318e+07
3.093159111652573943e+07
3.093047782058852538e+07
3.092936552804794908e+07
3.092825425049114600e+07
3.092714399940337613e+07
3.092603478616864979e+07
3.092492662207051367e+07
3.092381951829276979e+07
3.092271348592023924e+07
3.092160853593954444e+07
3.092050467923988774e+07
3.091940192661377043e+07
3.091830028875773400e+07
3.091719977627304569e+07
3.091610039966633171e+07
3.091500216935028881e+07
3.091390509564416111e+07
3.091280918877436221e+07
3.091171445887501538e+07
3.091062091598844528e+07
3.090952857006561756e+07
3.090843743096668273e+07
3.090734750846135989e+07
3.090625881222939491e+07
3.090517135186104849e+07
3.090408513685742393e+07
3.090300017663099617e+07
3.090191648050597683e+07
