5.117612021375383437e+07
4.442251472589500993e+07
3.857357654954683036e+07
3.365335463744715601e+07
2.967240745678666979e+07
2.662222838964468241e+07
2.446866816723462567e+07
2.314520659943725914e+07
2.254794789124891907e+07
2.253530767182895541e+07
2.293559310067906231e+07
2.356377880342436582e+07
2.424460451825385541e+07
2.483511094037176669e+07
2.523939586874373257e+07
2.541225936776331067e+07
2.535326774400077015e+07
2.509535800013472512e+07
2.469198025764042139e+07
2.420534099940637127e+07
2.369688576017864048e+07
2.322026980087427422e+07
2.281667972893794999e+07
2.251228126629679650e+07
2.231758970113778859e+07
2.222856975724307075e+07
2.222921601781715453e+07
2.229524427744188905e+07
2.239838268633860722e+07
2.251065659999239445e+07
2.260807065833964944e+07
2.267322362174512073e+07
2.269661339249385148e+07
2.267663591649890691e+07
2.261848748500257730e+07
2.253230699585280567e+07
2.243093861051944643e+07
2.232767430677616969e+07
2.223427525419498980e+07
2.215949090850838274e+07
2.210820670219615474e+07
2.208126046030549705e+07
2.207587826783387735e+07
2.208659929238233343e+07
2.210649692177319527e+07
2.212847201075188071e+07
2.214640120877968520e+07
2.215596859503894299e+07
2.215508211175465584e+07
2.214386053728212044e+07
2.212425358041947335e+07
2.209941272632773221e+07
2.207295642311879992e+07
2.204827016542986780e+07
2.202795522686217725e+07
2.201349793953230977e+07
2.200518342742300779e+07
2.200223243836041540e+07
2.200310436930360645e+07
2.200588853681066632e+07
2.200870112539969385e+07
2.201001593017513305e+07
2.200887920030838996e+07
2.200498705093256012e+07
2.199863205122161657e+07
2.199054853177125379e+07
2.198170041563543677e+07
2.197305959920377284e+07
2.196541773290393502e+07
2.195926189237700403e+07
2.195472827455025911e+07
2.195163120796890557e+07
2.194955064045573771e+07
2.194795223222482204e+07
2.194631140127523616e+07
2.194421595225432515e+07
2.194142987184088677e+07
2.193791128189298138e+07
2.193378793697886169e+07
2.192930187440472841e+07
2.192473945418106765e+07
2.192036359974217787e+07
2.191636202767332643e+07
2.191281979124246165e+07
2.190971806368814409e+07
2.190695524067513645e+07
2.190438230526129156e+07
2.190184260273206607e+07
2.189920675739142299e+07
2.189639595351154357e+07
2.189339038072607666e+07
2.189022337499117479e+07
2.188696483592170477e+07
2.188369930396251008e+07
2.188050442402926087e+07
2.187743454392533004e+07
2.187451230590201169e+07
2.187172884287904203e+07
2.186905114427639544e+07
2.186643374486398697e+07
2.186383134361161292e+07
2.186120927792210132e+07
2.185854976158439368e+07
2.185585311534170806e+07
2.185313451746093482e+07
2.185041777532812953e+07
2.184772808610378951e+07
2.184508568040083349e+07
2.184250172782393545e+07
2.183997711800837517e+07
2.183750393812309951e+07
2.183506884343453124e+07
2.183265718692015484e+07
2.183025677212192491e+07
2.182786036993867531e+07
2.182546658387665823e+07
2.182307912413275242e+07
2.182070493612786382e+07
2.181835184214908630e+07
2.181602636921889335e+07
2.181373227942577004e+07
2.181147005684833229e+07
2.180923732053930685e+07
2.180702990166324005e+07
2.180484319558257237e+07
2.180267339287702367e+07
2.180051828986658156e+07
2.179837753795803338e+07
2.179625236097402498e+07
2.179414490442365780e+07
2.179205745059860498e+07
2.178999173027737439e+07
2.178794849809675291e+07
2.178592744085064530e+07
2.178392738757616282e+07
2.178194671453303099e+07
2.177998380345714092e+07
2.177803742055446655e+07
2.177610692713382095e+07
2.177419229328162968e+07
2.177229394437232986e+07
2.177041251089172065e+07
2.176854856673685461e+07
2.176670242999527976e+07
2.176487407044578344e+07
2.176306313090866804e+07
2.176126903661369532e+07
2.175949114647739381e+07
2.175772889621469006e+07
2.175598189402306080e+07
2.175424994971449673e+07
2.175253304040450603e+07
2.175083123352793604e+07
2.174914459673547745e+07
2.174747312305898219e+07
2.174581669057265669e+07
2.174417506256649643e+07
2.174254792147237808e+07
2.174093492108013853e+07
2.173933573882191628e+07
2.173775011292301491e+07
2.173617785618917271e+07
2.173461884642941505e+07
2.173307300037190318e+07
2.173154024161684141e+07
2.173002047311629355e+07
2.172851356150940806e+07
2.172701933582962304e+07
2.172553759835285321e+07
2.172406814208722115e+07
2.172261076835597679e+07
2.172116529904311150e+07
2.171973158065604419e+07
2.171830948037706316e+07
2.171689887673031539e+07
2.171549964872115850e+07
2.171411166713374108e+07
2.171273479038539901e+07
2.171136886551540345e+07
2.171001373318614438e+07
2.170866923450546339e+07
2.170733521727034450e+07
2.170601153980795294e+07
2.170469807164009660e+07
2.170339469131390005e+07
2.170210128256201744e+07
2.170081773027201369e+07
2.169954391753984243e+07
2.169827972451079264e+07
2.169702502901609242e+07
2.169577970843788981e+07
2.169454364194374532e+07
2.169331671226944774e+07
2.169209880652765185e+07
2.169088981593737751e+07
2.168968963474971429e+07
2.168849815886897221e+07
2.168731528468891978e+07
2.168614090850751102e+07
2.168497492663178593e+07
2.168381723603643104e+07
2.168266773527655005e+07
2.168152632531788945e+07
2.168039291002749652e+07
2.167926739621920884e+07
2.167814969330932945e+07
2.167703971275319532e+07
2.167593736747287214e+07
2.167484257144931704e+07
2.167375523956490681e+07
2.167267528768221661e+07
2.167160263286823779e+07
2.167053719364201650e+07
2.166947889014006034e+07
2.166842764414437115e+07
2.166738337897844985e+07
2.166634601932483539e+07
2.166531549103832245e+07
2.166429172101977095e+07
2.166327463718418777e+07
2.166226416851837933e+07
2.166126024519224837e+07
2.166026279867430031e+07
2.165927176180685312e+07
2.165828706881659105e+07
2.165730865526075661e+07
2.165633645793011039e+07
2.165537041473968327e+07
2.165441046463604271e+07
2.165345654753832519e+07
2.165250860431514308e+07
2.165156657678658515e+07
2.165063040773459524e+07
2.164970004090583324e+07
2.164877542099828273e+07
2.164785649363148212e+07
2.164694320530773699e+07
2.164603550337470323e+07
2.164513333599818498e+07
2.164423665214937925e+07
2.164334540160482377e+07
2.164245953495289758e+07
2.164157900359902531e+07
2.164070375976288319e+07
2.163983375646465644e+07
2.163896894750100374e+07
2.163810928741467744e+07
2.163725473146295547e+07
2.163640523558908701e+07
2.163556075639938563e+07
2.163472125114574283e+07
2.163388667771189660e+07
2.163305699460112303e+07
2.163223216092327237e+07
2.163141213638042659e+07
2.163059688125162572e+07
2.162978635637791455e+07
2.162898052314913273e+07
2.162817934349302202e+07
2.162738277986690775e+07
2.162659079525065795e+07
2.162580335313995928e+07
2.162502041753833368e+07
2.162424195294732973e+07
2.162346792435479537e+07
2.162269829722164571e+07
2.162193303746820241e+07
2.162117211146076769e+07
2.162041548599924147e+07
2.161966312830578536e+07
2.161891500601458922e+07
2.161817108716234565e+07
2.161743134017917141e+07
2.161669573387986794e+07
2.161596423745547980e+07
2.161523682046531141e+07
2.161451345282955468e+07
2.161379410482255742e+07
2.161307874706664309e+07
2.161236735052622855e+07
2.161165988650197536e+07
2.161095632662482560e+07
2.161025664284957200e+07
2.160956080744820833e+07
2.160886879300299287e+07
2.160818057239951193e+07
2.160749611818517745e+07
2.160681540508561209e+07
2.160613840623766184e+07
2.160546509567510337e+07
2.160479544770416617e+07
2.160412943689824641e+07
2.160346703809301555e+07
2.160280822638168186e+07
2.160215297711060196e+07
2.160150126587506756e+07
2.160085306851539761e+07
2.160020836111313105e+07
2.159956711998730898e+07
2.159892932169083133e+07
