1.177252659406100065e+08
1.042579697311896682e+08
9.190303540766635537e+07
8.066607471555930376e+07
7.054590637237678468e+07
6.153367888895050436e+07
5.361200947383441031e+07
4.675418637291838974e+07
4.092349701733618975e+07
3.607275943028867245e+07
3.214414646620159596e+07
2.906939838879511505e+07
2.677051389409818128e+07
2.516098885998491943e+07
2.414763276148059592e+07
2.363293539503218606e+07
2.351788685742396861e+07
2.370508262501994520e+07
2.410188786145024374e+07
2.462340548170506954e+07
2.519500076336218789e+07
2.575418220772148669e+07
2.625171478684495762e+07
2.665193140731446818e+07
2.693229332489553466e+07
2.708231596949873120e+07
2.710201581039936095e+07
2.700004649166156724e+07
2.679168382958373427e+07
2.649679711147604883e+07
2.613791598085246608e+07
2.573847376425699890e+07
2.532128281908036023e+07
2.490727672819987684e+07
2.451453783224554360e+07
2.415761574568780512e+07
2.384713194496070594e+07
2.358965616198547557e+07
2.338783144791779667e+07
2.324071615612003580e+07
2.314430298498342931e+07
2.309216827129003778e+07
2.307619980885622650e+07
2.308734946250016242e+07
2.311635840143562108e+07
2.315440811746269464e+07
2.319365923005050421e+07
2.322765161387426406e+07
2.325155243279112875e+07
2.326225186382810771e+07
2.325831832574471831e+07
2.323983481061966717e+07
2.320814474571245536e+07
2.316553939492921531e+07
2.311491923944862932e+07
2.305945945487011224e+07
2.300230512625323981e+07
2.294631590648188442e+07
2.289387313005490601e+07
2.284675559206226841e+07
2.280608384479483590e+07
2.277232738941440359e+07
2.274536485756591707e+07
2.272458436858533695e+07
2.270900976719624549e+07
2.269743833307202905e+07
2.268857664513850957e+07
2.268116333835569769e+07
2.267407021474845335e+07
2.266637624692466110e+07
2.265741213207287714e+07
2.264677594277712703e+07
2.263432285853599757e+07
2.262013379756082594e+07
2.260446892421192676e+07
2.258771247537761927e+07
2.257031518239137530e+07
2.255273986491180956e+07
2.253541467350088060e+07
2.251869710938316211e+07
2.250285050613129511e+07
2.248803326087590307e+07
2.247429987245310843e+07
2.246161187150084972e+07
2.244985606946682185e+07
2.243886723070901260e+07
2.242845227141521499e+07
2.241841336889189854e+07
2.240856786080477387e+07
2.239876344873309880e+07
2.238888791227828339e+07
2.237887321185003966e+07
2.236869444498320669e+07
2.235836457470965385e+07
2.234792614132682979e+07
2.233744129353709891e+07
2.232698144260396063e+07
2.231661767999145389e+07
2.230641284111475945e+07
2.229641578636543080e+07
2.228665814630472660e+07
2.227715347712394595e+07
2.226789852365513518e+07
2.225887610916324705e+07
2.225005907230299711e+07
2.224141465065849200e+07
2.223290875767187774e+07
2.222450969998698682e+07
2.221619101632893831e+07
2.220793326717776433e+07
2.219972474825904518e+07
2.219156122507608682e+07
2.218344487958299741e+07
2.217538271784319729e+07
2.216738470821860060e+07
2.215946190664648265e+07
2.215162478551953658e+07
2.214388192428368330e+07
2.213623915258317813e+07
2.212869916968455166e+07
2.212126160469421744e+07
2.211392343638453260e+07
2.210667966248753294e+07
2.209952409689847380e+07
2.209245017797677219e+07
2.208545168896883354e+07
2.207852331835160404e+07
2.207166101902018115e+07
2.206486215630752221e+07
2.205812546210070699e+07
2.205145083310301974e+07
2.204483902408495545e+07
2.203829129147182405e+07
2.203180903959305584e+07
2.202539351293475553e+07
2.201904556484906375e+07
2.201276551860082895e+07
2.200655312245336547e+07
2.200040758841750771e+07
2.199432769548601657e+07
2.198831193322846293e+07
2.198235866053427756e+07
2.197646625657879189e+07
2.197063324591523036e+07
2.196485838593914360e+07
2.195914071177577227e+07
2.195347953995792195e+07
2.194787443823789805e+07
2.194232516616123170e+07
2.193683161094677076e+07
2.193139371253433824e+07
2.192601140044907853e+07
2.192068454431162030e+07
2.191541292276387662e+07
2.191019621161196381e+07
2.190503398929494619e+07
2.189992575579812378e+07
2.189487095999326557e+07
2.188986903011645377e+07
2.188491940258206800e+07
2.188002154538730532e+07
2.187517497374928743e+07
2.187037925709276646e+07
2.186563401785483956e+07
2.186093892363036424e+07
2.185629367485142499e+07
2.185169799044684693e+07
2.184715159379888698e+07
2.184265420088367909e+07
2.183820551185994968e+07
2.183380520667564124e+07
2.182945294460294396e+07
2.182514836707591265e+07
2.182089110284635425e+07
2.181668077431351691e+07
2.181251700391179323e+07
2.180839941962245107e+07
2.180432765895899385e+07
2.180030137110403925e+07
2.179632021719478443e+07
2.179238386901890114e+07
2.178849200656595454e+07
2.178464431496692821e+07
2.178084048135059327e+07
2.177708019206599891e+07
2.177336313058929518e+07
2.176968897627867386e+07
2.176605740398942679e+07
2.176246808443408832e+07
2.175892068508473411e+07
2.175541487137179822e+07
2.175195030793523788e+07
2.174852665972144529e+07
2.174514359278126061e+07
2.174180077469743788e+07
2.173849787464094162e+07
2.173523456311431527e+07
2.173201051147969812e+07
2.172882539138709381e+07
2.172567887421519682e+07
2.172257063061685860e+07
2.171950033023047447e+07
2.171646764158311486e+07
2.171347223217748851e+07
2.171051376872821152e+07
2.170759191749542207e+07
2.170470634465762228e+07
2.170185671666904911e+07
2.169904270055817068e+07
2.169626396414022520e+07
2.169352017613386735e+07
2.169081100618837029e+07
2.168813612484000623e+07
2.168549520342363417e+07
2.168288791396755725e+07
2.168031392909721658e+07
2.167777292196714133e+07
2.167526456623256952e+07
2.167278853606391698e+07
2.167034450619983673e+07
2.166793215202961117e+07
2.166555114969239384e+07
2.166320117618103325e+07
2.166088190943959728e+07
2.165859302844709903e+07
2.165633421328380704e+07
2.165410514518019930e+07
2.165190550655168667e+07
2.164973498102414981e+07
2.164759325345613435e+07
2.164548000996299461e+07
2.164339493794706836e+07
2.164133772613614425e+07
2.163930806463057175e+07
2.163730564495756477e+07
2.163533016013016179e+07
2.163338130470768362e+07
2.163145877485431731e+07
2.162956226839330420e+07
2.162769148485476896e+07
2.162584612551643699e+07
2.162402589343746752e+07
2.162223049348623306e+07
2.162045963236379251e+07
2.161871301862446591e+07
2.161699036269533634e+07
2.161529137689585239e+07
2.161361577545835823e+07
2.161196327454984188e+07
2.161033359229487926e+07
2.160872644879923761e+07
2.160714156617358327e+07
2.160557866855666041e+07
2.160403748213733733e+07
2.160251773517524078e+07
2.160101915801975504e+07
2.159954148312744871e+07
2.159808444507809728e+07
2.159664778058964759e+07
2.159523122853229195e+07
2.159383452994199842e+07
2.159245742803356797e+07
2.159109966821331531e+07
2.158976099809125066e+07
2.158844116749268025e+07
2.158713992846894264e+07
2.158585703530720621e+07
2.158459224453902990e+07
2.158334531494771317e+07
2.158211600757426769e+07
2.158090408572214469e+07
2.157970931496068835e+07
2.157853146312757581e+07
2.157737030033028126e+07
2.157622559894672781e+07
2.157509713362527639e+07
2.157398468128413334e+07
2.157288802111019194e+07
2.157180693455742300e+07
2.157074120534472167e+07
2.156969061945327371e+07
2.156865496512340754e+07
2.156763403285088018e+07
2.156662761538267881e+07
2.156563550771222264e+07
2.156465750707410276e+07
2.156369341293829679e+07
2.156274302700391039e+07
2.156180615319245309e+07
2.156088259764069691e+07
2.155997216869306937e+07
2.155907467689366639e+07
2.155818993497778103e+07
2.155731775786302611e+07
2.155645796264005825e+07
2.155561036856277287e+07
2.155477479703814536e+07
2.155395107161560655e+07
2.155313901797599345e+07
2.155233846392015368e+07
