1.965781683193361759e+07
1.842928487077979371e+07
1.756461119616566598e+07
1.704879086045092717e+07
1.681715138121787459e+07
1.673780559267339110e+07
1.669485413465797156e+07
1.662387180321283452e+07
1.649765469600923732e+07
1.631666600687446445e+07
1.609415295075896010e+07
1.584772892546618916e+07
1.559502935150476173e+07
1.535130127807124704e+07
1.512795936770680174e+07
1.493179151284085028e+07
1.476477292519515753e+07
1.462452769374885410e+07
1.450543060953487270e+07
1.440020566296403483e+07
1.430171384147206321e+07
1.420452465245947987e+07
1.410590558045475371e+07
1.400603719770848379e+07
1.390748869257230684e+07
1.381417411586928926e+07
1.373010360347684100e+07
1.365824948658367805e+07
1.359978965052264556e+07
1.355388813157837093e+07
1.351803610646808706e+07
1.348882539037534222e+07
1.346290320818081498e+07
1.343781092132808268e+07
1.341246493660379574e+07
1.338717277948874235e+07
1.336323413969257474e+07
1.334229782711504772e+07
1.332569864539516158e+07
1.331397933171380311e+07
1.330672638810875267e+07
1.330273951991232485e+07
1.330044488237171993e+07
1.329838799184641615e+07
1.329562944949674793e+07
1.329191856918002665e+07
1.328761245966272987e+07
1.328340194652239233e+07
1.327996611519905552e+07
1.327768711925176717e+07
1.327651925615663454e+07
1.327603947508825734e+07
1.327563671901945770e+07
1.327475057228362188e+07
1.327306165989431739e+07
1.327056691656181961e+07
1.326752610382268205e+07
1.326431790360945091e+07
1.326127404549314082e+07
1.325855918719727546e+07
1.325613696426956728e+07
1.325382284882431105e+07
1.325138954418568686e+07
1.324867411158813909e+07
1.324564245052444562e+07
1.324239063569791056e+07
1.323909174525564164e+07
1.323591832084021159e+07
1.323297651027935930e+07
1.323027787483746186e+07
1.322775514691006765e+07
1.322530852041713893e+07
1.322285781991262361e+07
1.322037693225419149e+07
1.321789814538795128e+07
1.321548917226084694e+07
1.321321737307655998e+07
1.321111924606453441e+07
1.320918818135821447e+07
1.320738326374151744e+07
1.320565191713889316e+07
1.320395393771372736e+07
1.320227570749300718e+07
1.320062962561338209e+07
1.319904142693239823e+07
1.319753331372670084e+07
1.319611157700644433e+07
1.319476391879040189e+07
1.319346625285853073e+07
1.319219423806982860e+07
1.319093323417291790e+07
1.318968210090909526e+07
1.318844996944704652e+07
1.318724869551924616e+07
1.318608540897163749e+07
1.318495883388993144e+07
1.318386059487460554e+07
1.318278003176063672e+07
1.318170950660477951e+07
1.318064741038190387e+07
1.317959768787603080e+07
1.317856666870675609e+07
1.317755925569099560e+07
1.317657653187984414e+07
1.317561578592947125e+07
1.317467253529128432e+07
1.317374314600048773e+07
1.317282655765895545e+07
1.317192433665674180e+07
1.317103929814272560e+07
1.317017366749570519e+07
1.316932784599955939e+07
1.316850034909464419e+07
1.316768875824538618e+07
1.316689100082415156e+07
1.316610620400716737e+07
1.316533472575535253e+07
1.316457748582527414e+07
1.316383508892831951e+07
1.316310726820963807e+07
1.316239291153014451e+07
1.316169056176652014e+07
1.316099903158390149e+07
1.316031776641152240e+07
1.315964679248612374e+07
1.315898635084272735e+07
1.315833648183731362e+07
1.315769680951102637e+07
1.315706661786357686e+07
1.315644512569968961e+07
1.315583176580284163e+07
1.315522630351439118e+07
1.315462875144674256e+07
1.315403916454720870e+07
1.315345745657740533e+07
1.315288334273252636e+07
1.315231642018438876e+07
1.315175631356119178e+07
1.315120278547538258e+07
1.315065575013652630e+07
1.315011519741838053e+07
1.314958108823253959e+07
1.314905328957363963e+07
1.314853158194532990e+07
1.314801572194531187e+07
1.314750551169667207e+07
1.314700083075612783e+07
1.314650161697387509e+07
1.314600781693052128e+07
1.314551934214426950e+07
1.314503605749349669e+07
1.314455780351386219e+07
1.314408443252851442e+07
1.314361583321052231e+07
1.314315192988874018e+07
1.314269266141308844e+07
1.314223795672050491e+07
1.314178772347847931e+07
1.314134185496810265e+07
1.314090024767206609e+07
1.314046281633441150e+07
1.314002949711622111e+07
1.313960023879624531e+07
1.313917498975784332e+07
1.313875368990732357e+07
1.313833627182275429e+07
1.313792266857723892e+07
1.313751282169344090e+07
1.313710668373822421e+07
1.313670421461451054e+07
1.313630537502176315e+07
1.313591012189244851e+07
1.313551840847837552e+07
1.313513018817263097e+07
1.313474541878098622e+07
1.313436406420875341e+07
1.313398609279901534e+07
1.313361147396279126e+07
1.313324017561708763e+07
1.313287216395121440e+07
1.313250740517628752e+07
1.313214586761153676e+07
1.313178752252826467e+07
1.313143234332900494e+07
1.313108030389329419e+07
1.313073137737756222e+07
1.313038553622758761e+07
1.313004275318336487e+07
1.312970300239312276e+07
1.312936625982158631e+07
1.312903250276761316e+07
1.312870170895964094e+07
1.312837385590685159e+07
1.312804892087814771e+07
1.312772688136632740e+07
1.312740771557569504e+07
1.312709140254286304e+07
1.312677792184332944e+07
1.312646725315446779e+07
1.312615937601091340e+07
1.312585426989512518e+07
1.312555191453831643e+07
1.312525229017293453e+07
1.312495537755420431e+07
1.312466115776411071e+07
1.312436961196374893e+07
1.312408072126556374e+07
1.312379446677714959e+07
1.312351082973347232e+07
1.312322979158711061e+07
1.312295133398550935e+07
1.312267543866684660e+07
1.312240208736662380e+07
1.312213126180650480e+07
1.312186294376406074e+07
1.312159711516079307e+07
1.312133375810097903e+07
1.312107285483987629e+07
1.312081438771411777e+07
1.312055833908758126e+07
1.312030469134352915e+07
1.312005342691291310e+07
1.311980452830421180e+07
1.311955797810735926e+07
1.311931375897169672e+07
1.311907185358055681e+07
1.311883224464553595e+07
1.311859491492501460e+07
1.311835984725173935e+07
1.311812702454886027e+07
1.311789642982483283e+07
1.311766804615427926e+07
1.311744185666012391e+07
1.311721784450790659e+07
1.311699599291154742e+07
1.311677628514149785e+07
1.311655870452716388e+07
1.311634323445263691e+07
1.311612985835177079e+07
1.311591855970880389e+07
1.311570932206586748e+07
1.311550212903274037e+07
1.311529696429280378e+07
1.311509381160235032e+07
1.311489265478551574e+07
1.311469347772934288e+07
1.311449626438234188e+07
1.311430099875625782e+07
1.311410766492861882e+07
1.311391624704394117e+07
1.311372672931355238e+07
1.311353909601578116e+07
1.311335333149796166e+07
1.311316942018020898e+07
1.311298734655926749e+07
1.311280709521063045e+07
1.311262865078849718e+07
1.311245199802445993e+07
1.311227712172634900e+07
1.311210400677814707e+07
1.311193263814074732e+07
1.311176300085290708e+07
1.311159508003188856e+07
1.311142886087403446e+07
1.311126432865568250e+07
1.311110146873468906e+07
1.311094026655218191e+07
1.311078070763406157e+07
1.311062277759164199e+07
1.311046646212159470e+07
1.311031174700559303e+07
1.311015861811004952e+07
1.311000706138620153e+07
1.310985706287040934e+07
1.310970860868448392e+07
1.310956168503604084e+07
1.310941627821892314e+07
1.310927237461382896e+07
1.310912996068900079e+07
1.310898902300091088e+07
1.310884954819459096e+07
1.310871152300371975e+07
1.310857493425042182e+07
1.310843976884503849e+07
1.310830601378598250e+07
1.310817365615964681e+07
1.310804268314044178e+07
1.310791308199080080e+07
1.310778484006128274e+07
1.310765794479071349e+07
1.310753238370638527e+07
1.310740814442418329e+07
1.310728521464865282e+07
1.310716358217289858e+07
1.310704323487837613e+07
1.310692416073461622e+07
1.310680634779896960e+07
1.310668978421637975e+07
1.310657445821917430e+07
1.310646035812691599e+07
