1.506904776955620944e+08
1.352438782587643266e+08
1.208804043209263384e+08
1.076079410948431492e+08
9.542914733008307219e+07
8.434086721732252836e+07
7.433355532755313814e+07
6.539073734645017982e+07
5.748853508294478804e+07
5.059529061992519349e+07
4.467132955512911081e+07
3.966890720568396896e+07
3.553238241297452897e+07
3.219866005642137676e+07
2.959793418856557831e+07
2.765474801604000852e+07
2.628936486854651943e+07
2.541941703827085346e+07
2.496177040376349911e+07
2.483451461944855750e+07
2.495896838166425750e+07
2.526157864319141954e+07
2.567559597668015584e+07
2.614242510293648019e+07
2.661257773002741486e+07
2.704618999852758646e+07
2.741310327737739682e+07
2.769254020087084174e+07
2.787243338607759029e+07
2.794848067521526292e+07
2.792300779397876561e+07
2.780371839114199951e+07
2.760240463834819198e+07
2.733368120435123146e+07
2.701379348358151317e+07
2.665953895529216528e+07
2.628732941534355283e+07
2.591241200293302163e+07
2.554825852022259682e+07
2.520612537433150038e+07
2.489478032681210339e+07
2.462038689018027484e+07
2.438653251005109400e+07
2.419438256356532872e+07
2.404293874431572855e+07
2.392937772947504371e+07
2.384944432034655660e+07
2.379787269398143888e+07
2.376881012905854732e+07
2.375621960826741159e+07
2.375424096741838753e+07
2.375749455082268268e+07
2.376131633000473678e+07
2.376191876531147212e+07
2.375647693037836254e+07
2.374314419486035407e+07
2.372100575436423346e+07
2.368998128597557917e+07
2.365068987921835482e+07
2.360429113823529333e+07
2.355231605650461465e+07
2.349650008643425256e+07
2.343862896453381330e+07
2.338040553192803264e+07
2.332334323343918100e+07
2.326868939364311844e+07
2.321737893418521434e+07
2.317001705638634786e+07
2.312688767028656602e+07
2.308798306883962080e+07
2.305304954820537195e+07
2.302164335087865219e+07
2.299319141637958959e+07
2.296705189909189939e+07
2.294257017244628072e+07
2.291912699160662666e+07
2.289617653988824040e+07
2.287327314904733747e+07
2.285008648274686188e+07
2.282640584330896288e+07
2.280213495932015777e+07
2.277727910938037559e+07
2.275192672698283195e+07
2.272622772113668174e+07
2.270037065834949538e+07
2.267456071553675458e+07
2.264899996835946292e+07
2.262387116631200910e+07
2.259932570502598584e+07
2.257547607482003421e+07
2.255239267399451509e+07
2.253010455000274628e+07
2.250860338755827025e+07
2.248784990774554014e+07
2.246778177614731342e+07
2.244832213379084319e+07
2.242938794969027117e+07
2.241089753139421344e+07
2.239277670162887871e+07
2.237496333595613390e+07
2.235741014073231444e+07
2.234008571754777431e+07
2.232297409825935215e+07
2.230607303624769300e+07
2.228939140131994337e+07
2.227294604828513414e+07
2.225675851649075747e+07
2.224085187586982921e+07
2.222524797225282341e+07
2.220996524948120490e+07
2.219501724667895585e+07
2.218041179346587509e+07
2.216615086006966606e+07
2.215223096758002043e+07
2.213864402845222503e+07
2.212537846942627057e+07
2.211242048726404086e+07
2.209975529979977384e+07
2.208736827752131969e+07
2.207524587054482847e+07
2.206337627863256633e+07
2.205174984433335811e+07
2.204035917845904827e+07
2.202919905075619370e+07
2.201826609543804452e+07
2.200755839069643989e+07
2.199707497366886586e+07
2.198681534847396612e+07
2.197677903618225455e+07
2.196696520355194807e+07
2.195737239369801804e+07
2.194799836814234778e+07
2.193884005725014210e+07
2.192989360590025783e+07
2.192115449399727210e+07
2.191261770736469701e+07
2.190427793356270716e+07
2.189612975886786729e+07
2.188816784644407779e+07
2.188038708091532812e+07
2.187278267038357258e+07
2.186535020272950083e+07
2.185808565821088105e+07
2.185098538450547680e+07
2.184404604317826033e+07
2.183726453800256178e+07
2.183063793570394069e+07
2.182416338871827722e+07
2.181783806774161756e+07
2.181165910952121392e+07
2.180562358281996101e+07
2.179972847307390720e+07
2.179397068419148028e+07
2.178834705437693745e+07
2.178285438188316673e+07
2.177748945622016490e+07
2.177224909050775692e+07
2.176713015126012638e+07
2.176212958279062808e+07
2.175724442448097467e+07
2.175247182023128122e+07
2.174780902037619799e+07
2.174325337712942436e+07
2.173880233515027165e+07
2.173445341909312457e+07
2.173020422001765668e+07
2.172605238234318048e+07
2.172199559268059954e+07
2.171803157143506408e+07
2.171415806760473549e+07
2.171037285676398873e+07
2.170667374185644090e+07
2.170305855616351217e+07
2.169952516767060012e+07
2.169607148402193934e+07
2.169269545732291043e+07
2.168939508819001913e+07
2.168616842863612622e+07
2.168301358358263969e+07
2.167992871098441631e+07
2.167691202071693912e+07
2.167396177249389887e+07
2.167107627315116674e+07
2.166825387364989519e+07
2.166549296612426266e+07
2.166279198123795167e+07
2.166014938603152335e+07
2.165756368235268071e+07
2.165503340587597713e+07
2.165255712564624846e+07
2.165013344402849674e+07
2.164776099691770971e+07
2.164543845405600965e+07
2.164316451931776851e+07
2.164093793085132167e+07
2.163875746100291237e+07
2.163662191598833352e+07
2.163453013531486690e+07
2.163248099098709971e+07
2.163047338655146956e+07
2.162850625604531914e+07
2.162657856291753054e+07
2.162468929898004234e+07
2.162283748343634978e+07
2.162102216201582551e+07
2.161924240622536466e+07
2.161749731271367148e+07
2.161578600273092091e+07
2.161410762165845558e+07
2.161246133857940510e+07
2.161084634586222097e+07
2.160926185873325169e+07
2.160770711482131481e+07
2.160618137366490439e+07
2.160468391618043184e+07
2.160321404409653321e+07
2.160177107936415076e+07
2.160035436355502158e+07
2.159896325726182386e+07
2.159759713951188326e+07
2.159625540720394254e+07
2.159493747457404807e+07
2.159364277269295603e+07
2.159237074899422377e+07
2.159112086682937667e+07
2.158989260504497588e+07
2.158868545757547766e+07
2.158749893304605037e+07
2.158633255438037962e+07
2.158518585841003433e+07
2.158405839548327774e+07
2.158294972907323390e+07
2.158185943538629636e+07
2.158078710297289118e+07
2.157973233234306797e+07
2.157869473558958992e+07
2.157767393602079898e+07
2.157666956780503690e+07
2.157568127562758699e+07
2.157470871436052769e+07
2.157375154874494672e+07
2.157280945308478922e+07
2.157188211095100641e+07
2.157096921489483118e+07
2.157007046616884321e+07
2.156918557445498556e+07
2.156831425759866834e+07
2.156745624134884030e+07
2.156661125910376385e+07
2.156577905166283995e+07
2.156495936698474735e+07
2.156415195995231345e+07
2.156335659214446694e+07
2.156257303161549568e+07
2.156180105268175155e+07
2.156104043571572378e+07
2.156029096694727987e+07
2.155955243827178702e+07
2.155882464706465602e+07
2.155810739600200206e+07
2.155740049288689345e+07
2.155670375048099458e+07
2.155601698634116352e+07
2.155534002266097441e+07
2.155467268611687794e+07
2.155401480771910399e+07
2.155336622266717255e+07
2.155272677021002024e+07
2.155209629351085797e+07
2.155147463951653615e+07
2.155086165883155912e+07
2.155025720559655875e+07
2.154966113737113029e+07
2.154907331502091885e+07
2.154849360260875523e+07
2.154792186728968099e+07
2.154735797920981050e+07
2.154680181140867621e+07
2.154625323972512782e+07
2.154571214270651340e+07
2.154517840152114630e+07
2.154465189987391233e+07
2.154413252392493188e+07
2.154362016221123189e+07
2.154311470557131618e+07
2.154261604707258195e+07
2.154212408194147050e+07
2.154163870749624074e+07
2.154115982308239117e+07
2.154068733001039922e+07
2.154022113149595261e+07
2.153976113260234147e+07
2.153930724018508941e+07
2.153885936283864826e+07
2.153841741084507108e+07
2.153798129612464830e+07
2.153755093218841404e+07
2.153712623409242555e+07
2.153670711839381605e+07
2.153629350310851634e+07
