1.418852360848910213e+08
1.329844447243462503e+08
1.243627481175538003e+08
1.160313918864149153e+08
1.080011813897096515e+08
1.002823803916720003e+08
9.288460338049927354e+07
8.581670213057424128e+07
7.908664735425004363e+07
7.270140651475955546e+07
6.666681918924112618e+07
6.098747169622039050e+07
5.566657307144913822e+07
5.070583487251363695e+07
4.610535770635426790e+07
4.186352778791023791e+07
3.797692722890757024e+07
3.444026555080954731e+07
3.124631581538818032e+07
2.838591228097840026e+07
2.584794350355168805e+07
2.361939789372120798e+07
2.168544384421546012e+07
2.002955046757449210e+07
1.863365019398401678e+07
1.747834292221249640e+07
1.654313960088905133e+07
1.580674111599249020e+07
1.524734630235193856e+07
1.484298093398641422e+07
1.457183785199557431e+07
1.441261713066154532e+07
1.434485451168083400e+07
1.434922635864932835e+07
1.440782014331766777e+07
1.450436094436611794e+07
1.462438651940242574e+07
1.475536604111100547e+07
1.488676036663066410e+07
1.501002451608141512e+07
1.511855566174304858e+07
1.520759219592144899e+07
1.527407122368180566e+07
1.531645304338459671e+07
1.533452181627719291e+07
1.532917171792306006e+07
1.530218747769404389e+07
1.525602744015847147e+07
1.519361622670879960e+07
1.511815283940436505e+07
1.503293872533911467e+07
1.494122898878317326e+07
1.484610866380514763e+07
1.475039478981018066e+07
1.465656399927393347e+07
1.456670445090033859e+07
1.448249023192992434e+07
1.440517581152678281e+07
1.433560774789135158e+07
1.427425062506811321e+07
1.422122410795409046e+07
1.417634803987748548e+07
1.413919264868700504e+07
1.410913115586207807e+07
1.408539237950268388e+07
1.406711126700314693e+07
1.405337566815173998e+07
1.404326804681512713e+07
1.403590121332123131e+07
1.403044752618769929e+07
1.402616134929700568e+07
1.402239484984958544e+07
1.401860747688581049e+07
1.401436966587748937e+07
1.400936147029320709e+07
1.400336692677059583e+07
1.399626501909643039e+07
1.398801812164984271e+07
1.397865878052052110e+07
1.396827563618727773e+07
1.395699921190628782e+07
1.394498819342624396e+07
1.393241671480629593e+07
1.391946304808854125e+07
1.390629997695509531e+07
1.389308702118484490e+07
1.387996457383756153e+07
1.386704991991447099e+07
1.385443502661710419e+07
1.384218592886154540e+07
1.383034349603285827e+07
1.381892531950002350e+07
1.380792846132320538e+07
1.379733279400996864e+07
1.378710467610085756e+07
1.377720072983456030e+07
1.376757151705376804e+07
1.375816494494181499e+07
1.374892927172161080e+07
1.373981562183910981e+07
1.373077995836830884e+07
1.372178449569850788e+07
1.371279856663869694e+07
1.370379898392696679e+07
1.369476995617954805e+07
1.368570263234184496e+07
1.367659435683603585e+07
1.366744772024768591e+07
1.365826948819882236e+07
1.364906948482453451e+07
1.363985949791344628e+07
1.363065226123826578e+07
1.362146055682326294e+07
1.361229646673889086e+07
1.360317079124486446e+07
1.359409263835705630e+07
1.358506917967953905e+07
1.357610555895606056e+07
1.356720493344262242e+07
1.355836862393025681e+07
1.354959634698157571e+07
1.354088650251043774e+07
1.353223649098002166e+07
1.352364303691865504e+07
1.351510249882411212e+07
1.350661114951254055e+07
1.349816541524616629e+07
1.348976206625689194e+07
1.348139835532283410e+07
1.347307210465629958e+07
1.346478174438213184e+07
1.345652630823843554e+07
1.344830539378058910e+07
1.344011909532587603e+07
1.343196791818951070e+07
1.342385268251268566e+07
1.341577442427238077e+07
1.340773430000314675e+07
1.339973350047181733e+07
1.339177317713982426e+07
1.338385438382894546e+07
1.337597803466335870e+07
1.336814487816517800e+07
1.336035548638306558e+07
1.335261025716595165e+07
1.334490942716805264e+07
1.333725309288334101e+07
1.332964123693808168e+07
1.332207375698979199e+07
1.331455049485235289e+07
1.330707126384935528e+07
1.329963587284846976e+07
1.329224414590938203e+07
1.328489593695008755e+07
1.327759113927196339e+07
1.327032969015947729e+07
1.326311157107109949e+07
1.325593680415455438e+07
1.324880544595214352e+07
1.324171757921379060e+07
1.323467330371631682e+07
1.322767272691017203e+07
1.322071595509282127e+07
1.321380308565806784e+07
1.320693420080608688e+07
1.320010936293428019e+07
1.319332861177559569e+07
1.318659196321713924e+07
1.317989940962429903e+07
1.317325092141755484e+07
1.316664644960109517e+07
1.316008592892349511e+07
1.315356928135708719e+07
1.314709641961046122e+07
1.314066725043190271e+07
1.313428167751520686e+07
1.312793960387776792e+07
1.312164093363903277e+07
1.311538557318139076e+07
1.310917343172201142e+07
1.310300442136099562e+07
1.309687845669723675e+07
1.309079545411870256e+07
1.308475533087871224e+07
1.307875800406592712e+07
1.307280338956440613e+07
1.306689140108412504e+07
1.306102194932241365e+07
1.305519494129655696e+07
1.304941027986741066e+07
1.304366786345605925e+07
1.303796758594026603e+07
1.303230933670614846e+07
1.302669300082297996e+07
1.302111845930535346e+07
1.301558558942674100e+07
1.301009426505103707e+07
1.300464435695385560e+07
1.299923573311131820e+07
1.299386825894131884e+07
1.298854179748919606e+07
1.298325620955620147e+07
1.297801135377459973e+07
1.297280708663749881e+07
1.296764326249422878e+07
1.296251973352353647e+07
1.295743634969689511e+07
1.295239295874328166e+07
1.294738940612491965e+07
1.294242553503114358e+07
1.293750118639489263e+07
1.293261619893366657e+07
1.292777040921453014e+07
1.292296365174045600e+07
1.291819575905401818e+07
1.291346656185343303e+07
1.290877588911529630e+07
1.290412356821880117e+07
1.289950942506633885e+07
1.289493328419648856e+07
1.289039496888620965e+07
1.288589430124029517e+07
1.288143110226712748e+07
1.287700519194087572e+07
1.287261638925102726e+07
1.286826451224087551e+07
1.286394937803690135e+07
1.285967080287131667e+07
1.285542860209995136e+07
1.285122259021751955e+07
1.284705258087210730e+07
1.284291838688029163e+07
1.283881982024388574e+07
1.283475669216901623e+07
1.283072881327786855e+07
1.282673599286122061e+07
1.282277804007981345e+07
1.281885476319850236e+07
1.281496596981771663e+07
1.281111146690460481e+07
1.280729106082472205e+07
1.280350455737394840e+07
1.279975176181036234e+07
1.279603247888584808e+07
1.279234651287743822e+07
1.278869366761836410e+07
1.278507374652888626e+07
1.278148655264700577e+07
1.277793188865919225e+07
1.277440955693122000e+07
1.277091935953913257e+07
1.276746109830044582e+07
1.276403457480552793e+07
1.276063959044905007e+07
1.275727594646145776e+07
1.275394344394030422e+07
1.275064188388126157e+07
1.274737106720865145e+07
1.274413079480535537e+07
1.274092086754189618e+07
1.273774108630463295e+07
1.273459125202295929e+07
1.273147116569540463e+07
1.272838062841468304e+07
1.272531944139166921e+07
1.272228740597834438e+07
1.271928432368977368e+07
1.271630999622522295e+07
1.271336422548845410e+07
1.271044681360736489e+07
1.270755756295300648e+07
1.270469627615808882e+07
1.270186275613508373e+07
1.269905680609390140e+07
1.269627822955934890e+07
1.269352683038822375e+07
1.269080241278626025e+07
1.268810478132480383e+07
1.268543374095734581e+07
1.268278909703581780e+07
1.268017065532674640e+07
1.267757822202721611e+07
1.267501160378062725e+07
1.267247060769230500e+07
1.266995504134487733e+07
1.266746471281347424e+07
1.266499943068072945e+07
1.266255900405154377e+07
1.266014324256764539e+07
1.265775195642189682e+07
1.265538495637237094e+07
1.265304205375617556e+07
1.265072306050296687e+07
1.264842778914823011e+07
1.264615605284622684e+07
1.264390766538264975e+07
1.264168244118694216e+07
1.263948019534431770e+07
1.263730074360741675e+07
1.263514390240763500e+07
