4.264409259476052225e+07
3.784474637056487054e+07
3.392655575588954985e+07
3.090204405678395554e+07
2.875736663164089620e+07
2.743844101548878103e+07
2.683678559120890126e+07
2.678421288187119737e+07
2.706892052563382685e+07
2.747494766576666385e+07
2.782620603161524981e+07
2.801194343306103349e+07
2.798786456820322201e+07
2.776201010922713205e+07
2.737609313755511492e+07
2.688847315848416090e+07
2.636088785182534531e+07
2.584900608171007782e+07
2.539623757428324223e+07
2.503026745254611969e+07
2.476198918996402621e+07
2.458663778903356567e+07
2.448687360148238391e+07
2.443734469921191409e+07
2.440997035298676044e+07
2.437900517092802376e+07
2.432499467345208675e+07
2.423703167661764100e+07
2.411315478842022642e+07
2.395913303776932508e+07
2.378613888242585957e+07
2.360790058736839518e+07
2.343788528435923159e+07
2.328695470326872170e+07
2.316179850276087597e+07
2.306430208904670179e+07
2.299185172045726329e+07
2.293842650172696263e+07
2.289619562104615569e+07
2.285725989206140861e+07
2.281517472769944370e+07
2.276597145659795403e+07
2.270853269205847010e+07
2.264433417852602154e+07
2.257669814265982062e+07
2.250978374499724805e+07
2.244756030424972251e+07
2.239297591884841025e+07
2.234746400075241923e+07
2.231084197790908813e+07
2.228156862579437345e+07
2.225725573971555382e+07
2.223528878465970978e+07
2.221340597396294773e+07
2.219011391846472770e+07
2.216487062802159041e+07
2.213802831510515884e+07
2.211058368595934659e+07
2.208382035162516683e+07
2.205894077695406228e+07
2.203677422572796047e+07
2.201761796712232381e+07
2.200123030826770142e+07
2.198695566472927481e+07
2.197393277321312577e+07
2.196132332306186855e+07
2.194850156859529763e+07
2.193516322396674380e+07
2.192133796491039917e+07
2.190731646525930613e+07
2.189352312911319360e+07
2.188037514856671542e+07
2.186816622105897591e+07
2.185700137989873439e+07
2.184679228494548425e+07
2.183730512504219264e+07
2.182824050977846980e+07
2.181931917151901498e+07
2.181034950250182301e+07
2.180126131258074939e+07
2.179210163767263293e+07
2.178299942734207958e+07
2.177411353291282058e+07
2.176558096256960183e+07
2.175747983138894290e+07
2.174981519517284632e+07
2.174252826404182613e+07
2.173552272449615598e+07
2.172869787925412506e+07
2.172197784610491991e+07
2.171532880593763292e+07
2.170876101395190507e+07
2.170231731560125947e+07
2.169605369505112618e+07
2.169001896148438752e+07
2.168423987733040005e+07
2.167871542793568969e+07
2.167342057266317680e+07
2.166831684127110615e+07
2.166336541294990852e+07
2.165853819985005260e+07
2.165382376157724112e+07
2.164922699088804051e+07
2.164476365006847680e+07
2.164045231749690324e+07
2.163630674445923790e+07
2.163233102960430831e+07
2.162851873213990033e+07
2.162485558373427391e+07
2.162132432770702243e+07
2.161790973863313347e+07
2.161460211915856600e+07
2.161139834781491384e+07
2.160830052291090786e+07
2.160531305625827238e+07
2.160243946548283845e+07
2.159968002095565200e+07
2.159703092692742869e+07
2.159448507767664641e+07
2.159203387418638170e+07
2.158966929628958553e+07
2.158738546172945201e+07
2.158517920545130968e+07
2.158304963314689696e+07
2.158099697523406893e+07
2.157902126546269655e+07
2.157712134740108252e+07
2.157529451283048093e+07
2.157353679776880145e+07
2.157184371780161560e+07
2.157021109867335111e+07
2.156863567880678177e+07
2.156711529745864496e+07
2.156564866682294384e+07
2.156423488237474114e+07
2.156287289908042550e+07
2.156156117697338760e+07
2.156029760223861039e+07
2.155907966770438477e+07
2.155790479999107867e+07
2.155677068253993243e+07
2.155567544982197136e+07
2.155461769813479483e+07
2.155359633847821131e+07
2.155261037433994189e+07
2.155165870299269632e+07
2.155074001346050948e+07
2.154985280416839570e+07
2.154899549216655269e+07
2.154816655415849388e+07
2.154736463688473776e+07
2.154658859717708826e+07
2.154583746700097620e+07
2.154511036997269839e+07
2.154440643116442859e+07
2.154372471779993922e+07
2.154306422954685241e+07
2.154242393362561241e+07
2.154180282227453962e+07
2.154119996459909528e+07
2.154061453181765974e+07
2.154004578948366642e+07
2.153949306511976942e+07
2.153895570858329907e+07
2.153843306263141334e+07
2.153792445392006636e+07
2.153742920430944115e+07
2.153694665376035124e+07
2.153647618265777081e+07
2.153601722372112423e+07
2.153556925981853902e+07
2.153513181071650237e+07
2.153470441607997566e+07
2.153428662243292481e+07
2.153387797876262665e+07
2.153347804088371992e+07
2.153308638082142919e+07
2.153270259590301663e+07
2.153232631327839568e+07
2.153195718834138662e+07
2.153159489849162102e+07
2.153123913550896198e+07
2.153088959987972304e+07
2.153054599897797406e+07
2.153020804895860329e+07
2.152987547858272493e+07
2.152954803263959661e+07
2.152922547322480381e+07
2.152890757841955125e+07
2.152859413919042051e+07
2.152828495601267368e+07
2.152797983659825474e+07
2.152767859537239373e+07
2.152738105443282053e+07
2.152708704509187862e+07
2.152679640899239480e+07
2.152650899816593528e+07
2.152622467400994897e+07
2.152594330567564070e+07
2.152566476855566353e+07
2.152538894340058416e+07
2.152511571621121466e+07
2.152484497866784781e+07
2.152457662865080312e+07
2.152431057044746727e+07
2.152404671446742862e+07
2.152378497656050324e+07
2.152352527721277624e+07
2.152326754091283679e+07
2.152301169585315138e+07
2.152275767394566536e+07
2.152250541098687053e+07
2.152225484676727653e+07
2.152200592498692125e+07
2.152175859296073765e+07
2.152151280120652169e+07
2.152126850305328146e+07
2.152102565437661111e+07
2.152078421349024028e+07
2.152054414114391059e+07
2.152030540053739399e+07
2.152006795727202296e+07
2.151983177920969576e+07
2.151959683626451716e+07
2.151936310018513724e+07
2.151913054438367859e+07
2.151889914383695275e+07
2.151866887504742295e+07
2.151843971602585912e+07
2.151821164625542983e+07
2.151798464661551267e+07
2.151775869926967099e+07
2.151753378754151985e+07
2.151730989580599219e+07
2.151708700941254944e+07
2.151686511463934183e+07
2.151664419866345823e+07
2.151642424952851981e+07
2.151620525609757379e+07
2.151598720799076557e+07
2.151577009551718831e+07
2.151555390961329639e+07
2.151533864179635420e+07
2.151512428413322195e+07
2.151491082921813428e+07
2.151469827015042678e+07
2.151448660050583631e+07
2.151427581430039927e+07
2.151406590595082194e+07
2.151385687023724616e+07
2.151364870227275416e+07
2.151344139748049900e+07
2.151323495157579705e+07
2.151302936054940522e+07
2.151282462064895034e+07
2.151262072835785896e+07
2.151241768037360162e+07
2.151221547358760983e+07
2.151201410506885499e+07
2.151181357205114514e+07
2.151161387192287296e+07
2.151141500221714005e+07
2.151121696060092002e+07
2.151101974486284703e+07
2.151082335290054977e+07
2.151062778270874918e+07
2.151043303236904740e+07
2.151023910004162043e+07
2.151004598395825922e+07
2.150985368241581693e+07
2.150966219376965612e+07
2.150947151642686874e+07
2.150928164883968979e+07
2.150909258949964121e+07
2.150890433693265170e+07
2.150871688969510049e+07
2.150853024637041986e+07
2.150834440556576848e+07
2.150815936590850353e+07
2.150797512604249269e+07
2.150779168462442607e+07
2.150760904032044858e+07
2.150742719180327654e+07
2.150724613774977624e+07
2.150706587683889270e+07
2.150688640774968639e+07
2.150670772915951908e+07
2.150652983974222839e+07
2.150635273816657811e+07
2.150617642309489846e+07
2.150600089318199828e+07
2.150582614707433432e+07
2.150565218340919539e+07
2.150547900081393123e+07
2.150530659790509194e+07
2.150513497328758985e+07
2.150496412555389851e+07
2.150479405328331143e+07
2.150462475504144654e+07
2.150445622937971726e+07
