4.062841938070542365e+07
3.555841145745444298e+07
3.106647009879668802e+07
2.715434391619856656e+07
2.381794562932445481e+07
2.104613011910112202e+07
1.881943501648996398e+07
1.710891846157201007e+07
1.587530280078930221e+07
1.506870352727437578e+07
1.462925648868671432e+07
1.448890805581137910e+07
1.457446526149722561e+07
1.481172074674536660e+07
1.513014539965116233e+07
1.546741113609596714e+07
1.577298724243386276e+07
1.601027213461150415e+07
1.615708503713303059e+07
1.620469595861636847e+07
1.615579812479858473e+07
1.602189137956328318e+07
1.582048744908189774e+07
1.557243433550684899e+07
1.529954163358842209e+07
1.502259957343151234e+07
1.475982834176832996e+07
1.452576454315520450e+07
1.433057804645855725e+07
1.417980485549986735e+07
1.407447255235489830e+07
1.401158021133565903e+07
1.398487407425496355e+07
1.398583677162171714e+07
1.400478705847831257e+07
1.403197529850167222e+07
1.405856226573481224e+07
1.407738691149930283e+07
1.408346012080680951e+07
1.407416031840687990e+07
1.404914575141694210e+07
1.401003077161432616e+07
1.395989519859852828e+07
1.390270545886897109e+07
1.384272466822091304e+07
1.378397860802844539e+07
1.372982858197068609e+07
1.368268321167066693e+07
1.364386168625571951e+07
1.361360272314849123e+07
1.359119806048050523e+07
1.357521789691441134e+07
1.356378916002622619e+07
1.355488616603691131e+07
1.354659687782835215e+07
1.353733570137628913e+07
1.352598420282567479e+07
1.351195262454679981e+07
1.349516598785020411e+07
1.347598753102311864e+07
1.345509833896949142e+07
1.343335488994257525e+07
1.341164597271438316e+07
1.339076749037433788e+07
1.337132879239169881e+07
1.335369821871826798e+07
1.333798937038701214e+07
1.332408403810219467e+07
1.331168337024757452e+07
1.330037617756989226e+07
1.328971243193517625e+07
1.327927093404715881e+07
1.326871247393611260e+07
1.325781308658460528e+07
1.324647562553153001e+07
1.323472126549000852e+07
1.322266522959489003e+07
1.321048271230718866e+07
1.319837152309639007e+07
1.318651748210613430e+07
1.317506727906524763e+07
1.316411167652261257e+07
1.315367994640592858e+07
1.314374459857470170e+07
1.313423404499906674e+07
1.312504999824078009e+07
1.311608617411687970e+07
1.310724520095712692e+07
1.309845139822142199e+07
1.308965809474496916e+07
1.308084921833582595e+07
1.307203583009586111e+07
1.306324896879921481e+07
1.305453054110572115e+07
1.304592403153148666e+07
1.303746655525402911e+07
1.302918331992857344e+07
1.302108500363046676e+07
1.301316800024322048e+07
1.300541702095491812e+07
1.299780923293408379e+07
1.299031899141775444e+07
1.298292227289188281e+07
1.297560010987707041e+07
1.296834060845163465e+07
1.296113943739578128e+07
1.295399895632097125e+07
1.294692635626468062e+07
1.293993129571523331e+07
1.293302352391219884e+07
1.292621090559018403e+07
1.291949812405274063e+07
1.291288617581475526e+07
1.290637261279152334e+07
1.289995236373671144e+07
1.289361889202420786e+07
1.288736542726338096e+07
1.288118603839918599e+07
1.287507638261569664e+07
1.286903404983484372e+07
1.286305850857917406e+07
1.285715072991692275e+07
1.285131261172910407e+07
1.284554634145246446e+07
1.283985382360111549e+07
1.283423626536090299e+07
1.282869396882216260e+07
1.282322633207825013e+07
1.281783202228837088e+07
1.281250925798489526e+07
1.280725612806384638e+07
1.280207088029736280e+07
1.279695212937084213e+07
1.279189895823328197e+07
1.278691091137715243e+07
1.278198789964310639e+07
1.277713004989507794e+07
1.277233753797453642e+07
1.276761044015969336e+07
1.276294862888493203e+07
1.275835172557480261e+07
1.275381911017974280e+07
1.274934997600819916e+07
1.274494341150516458e+07
1.274059848842618987e+07
1.273631433805302158e+07
1.273209020253850706e+07
1.272792545554829761e+07
1.272381959341616556e+07
1.271977220365615375e+07
1.271578292099515349e+07
1.271185138182391413e+07
1.270797718639503606e+07
1.270415987492185459e+07
1.270039891985864565e+07
1.269669373297007754e+07
1.269304368303737417e+07
1.268944811860948801e+07
1.268590639016183838e+07
1.268241786714856513e+07
1.267898194729832932e+07
1.267559805759909563e+07
1.267226564826956578e+07
1.266898418227946386e+07
1.266575312349134311e+07
1.266257192627231404e+07
1.265944002863445133e+07
1.265635684986873530e+07
1.265332179252027534e+07
1.265033424765319750e+07
1.264739360182614252e+07
1.264449924409435131e+07
1.264165057162423991e+07
1.263884699303137138e+07
1.263608792917861976e+07
1.263337281174775399e+07
1.263070108030967601e+07
1.262807217880573124e+07
1.262548555231252126e+07
1.262294064474308863e+07
1.262043689781595021e+07
1.261797375128761120e+07
1.261555064416953176e+07
1.261316701648600027e+07
1.261082231109267846e+07
1.260851597515193559e+07
1.260624746101431176e+07
1.260401622643776983e+07
1.260182173424211890e+07
1.259966345161028951e+07
1.259754084929456562e+07
1.259545340096453205e+07
1.259340058286158741e+07
1.259138187382642180e+07
1.258939675566816702e+07
1.258744471376906708e+07
1.258552523777964152e+07
1.258363782225962728e+07
1.258178196715279855e+07
1.257995717803646997e+07
1.257816296614379250e+07
1.257639884820517898e+07
1.257466434618484974e+07
1.257295898699637316e+07
1.257128230226856098e+07
1.256963382820738479e+07
1.256801310556807742e+07
1.256641967972305603e+07
1.256485310079181753e+07
1.256331292379090749e+07
1.256179870876586251e+07
1.256031002087905630e+07
1.255884643044373766e+07
1.255740751290999539e+07
1.255599284881976806e+07
1.255460202375306189e+07
1.255323462828591652e+07
1.255189025797428563e+07
1.255056851336885057e+07
1.254926900005665608e+07
1.254799132871886343e+07
1.254673511519049481e+07
1.254549998050877452e+07
1.254428555094031617e+07
1.254309145798272826e+07
1.254191733834187873e+07
1.254076283389046602e+07
1.253962759161589295e+07
1.253851126356581226e+07
1.253741350679799914e+07
1.253633398333831877e+07
1.253527236014772765e+07
1.253422830909643322e+07
1.253320150694200397e+07
1.253219163530777767e+07
1.253119838065864146e+07
1.253022143427254073e+07
1.252926049220765568e+07
1.252831525526632369e+07
1.252738542895752192e+07
1.252647072345973179e+07
1.252557085358551517e+07
1.252468553874826059e+07
1.252381450293071941e+07
1.252295747465419397e+07
1.252211418694693409e+07
1.252128437731035799e+07
1.252046778768204153e+07
1.251966416439509019e+07
1.251887325813399628e+07
1.251809482388771325e+07
1.251732862090087309e+07
1.251657441262411326e+07
1.251583196666439623e+07
1.251510105473581515e+07
1.251438145261111297e+07
1.251367294007389247e+07
1.251297530087123439e+07
1.251228832266649976e+07
1.251161179699205421e+07
1.251094551920186169e+07
1.251028928842390329e+07
1.250964290751256980e+07
1.250900618300117739e+07
1.250837892505470105e+07
1.250776094742281549e+07
1.250715206739316881e+07
1.250655210574482381e+07
1.250596088670162857e+07
1.250537823788545653e+07
1.250480399026906863e+07
1.250423797812865302e+07
1.250368003899593465e+07
1.250313001361005753e+07
1.250258774586929195e+07
1.250205308278273791e+07
1.250152587442220002e+07
1.250100597387431376e+07
1.250049323719302565e+07
1.249998752335247025e+07
1.249948869420024008e+07
1.249899661441108771e+07
1.249851115144098923e+07
1.249803217548165843e+07
1.249755955941540562e+07
1.249709317877044715e+07
1.249663291167660989e+07
1.249617863882147148e+07
1.249573024340690300e+07
1.249528761110601202e+07
1.249485063002048433e+07
1.249441919063824974e+07
1.249399318579151854e+07
1.249357251061511040e+07
1.249315706250511855e+07
1.249274674107787758e+07
1.249234144812931120e+07
1.249194108759463951e+07
1.249154556550845876e+07
1.249115478996529430e+07
