1.521440363271518946e+08
1.401862373956831992e+08
1.288121379564834386e+08
1.180270379302294254e+08
1.078344380250273347e+08
9.823591153358127177e+07
8.923098635502903163e+07
8.081704018554431200e+07
7.298921199119068682e+07
6.574033302221739292e+07
5.906088060213708133e+07
5.293895799023077637e+07
4.736030336888606846e+07
4.230833062418483198e+07
3.776420456570734084e+07
3.370695182959868014e+07
3.011360874031860381e+07
2.695940592514393479e+07
2.421798855140682310e+07
2.186166980622411519e+07
1.986171395148519427e+07
1.818864399937999994e+07
1.681256784156790376e+07
1.570351561055153608e+07
1.483178023688172549e+07
1.416825266396662593e+07
1.368474305013047159e+07
1.335427955754055455e+07
1.315137700249591097e+07
1.305226869241252169e+07
1.303509614249769226e+07
1.308005296541111730e+07
1.316948095918119326e+07
1.328791817635371163e+07
1.342210042037437856e+07
1.356091915909362584e+07
1.369534004223921709e+07
1.381828725241522118e+07
1.392449954442068562e+07
1.401036420206518844e+07
1.407373521605894342e+07
1.411374181556303054e+07
1.413059311266645789e+07
1.412538409187027812e+07
1.409990754303475842e+07
1.405647583947749250e+07
1.399775573896658048e+07
1.392661866798983887e+07
1.384600825257420912e+07
1.375882621202399582e+07
1.366783713257679902e+07
1.357559210187977925e+07
1.348437071276239678e+07
1.339614053591747582e+07
1.331253282221791521e+07
1.323483291650507227e+07
1.316398365441287309e+07
1.310059986429565400e+07
1.304499200864619575e+07
1.299719697042226791e+07
1.295701401636483893e+07
1.292404404756409116e+07
1.289773037200691178e+07
1.287739939830624498e+07
1.286229984691609070e+07
1.285163929666882008e+07
1.284461712164521590e+07
1.284045311718159914e+07
1.283841135536581464e+07
1.283781904135575145e+07
1.283808035486508533e+07
1.283868545001718402e+07
1.283921494673387706e+07
1.283934037475001439e+07
1.283882112569400482e+07
1.283749852947720140e+07
1.283528769994041696e+07
1.283216779397933558e+07
1.282817130184258893e+07
1.282337293828810565e+07
1.281787863944702968e+07
1.281181509417507239e+07
1.280532015325945243e+07
1.279853437630019337e+07
1.279159388829835691e+07
1.278462463947022893e+07
1.277773808858873323e+07
1.277102826716103964e+07
1.276457012962153181e+07
1.275841905422674119e+07
1.275261133057675697e+07
1.274716545222784579e+07
1.274208402584097721e+07
1.273735611053634062e+07
1.273295981116187200e+07
1.272886496546336263e+07
1.272503578604103439e+07
1.272143334189620800e+07
1.271801778980987892e+07
1.271475029139624909e+07
1.271159457627088949e+07
1.270851813440787420e+07
1.270549304070250317e+07
1.270249643150072172e+07
1.269951066611562483e+07
1.269652321603669971e+07
1.269352633073627949e+07
1.269051653192314878e+07
1.268749398813507333e+07
1.268446181913243607e+07
1.268142537513862737e+07
1.267839153007574379e+07
1.267536802106909826e+07
1.267236285911618173e+07
1.266938382836523093e+07
1.266643808429683931e+07
1.266353185455094464e+07
1.266067024042173102e+07
1.265785711230976693e+07
1.265509508875923790e+07
1.265238558613861352e+07
1.264972892450852692e+07
1.264712447467731871e+07
1.264457083175247535e+07
1.264206600150987878e+07
1.263960758746297099e+07
1.263719296845663711e+07
1.263481945877705887e+07
1.263248444501182809e+07
1.263018549608517811e+07
1.262792044492454827e+07
1.262568744200389460e+07
1.262348498249901459e+07
1.262131190994760767e+07
1.261916740012147091e+07
1.261705092930032685e+07
1.261496223131137714e+07
1.261290124760553986e+07
1.261086807432710752e+07
1.260886290985034779e+07
1.260688600565831922e+07
1.260493762277654931e+07
1.260301799529490620e+07
1.260112730185540579e+07
1.259926564538488351e+07
1.259743304083425365e+07
1.259562941026667878e+07
1.259385458432369865e+07
1.259210830889189057e+07
1.259039025568809919e+07
1.258870003546772152e+07
1.258703721262493730e+07
1.258540132007891871e+07
1.258379187350982800e+07
1.258220838420484029e+07
1.258065036998248473e+07
1.257911736386841163e+07
1.257760892038632929e+07
1.257612461949491315e+07
1.257466406833897904e+07
1.257322690108783543e+07
1.257181277720422298e+07
1.257042137852553837e+07
1.256905240554717183e+07
1.256770557328121364e+07
1.256638060702666268e+07
1.256507723833572119e+07
1.256379520140029676e+07
1.256253423001829162e+07
1.256129405523576774e+07
1.256007440370200016e+07
1.255887499672299810e+07
1.255769554995709099e+07
1.255653577366475388e+07
1.255539537340432778e+07
1.255427405105499737e+07
1.255317150604745187e+07
1.255208743668953702e+07
1.255102154148709401e+07
1.254997352037747949e+07
1.254894307581281289e+07
1.254792991365052387e+07
1.254693374382846430e+07
1.254595428081984818e+07
1.254499124387837760e+07
1.254404435709604435e+07
1.254311334930440038e+07
1.254219795385523140e+07
1.254129790831825882e+07
1.254041295413253829e+07
1.253954283624479920e+07
1.253868730276323855e+07
1.253784610464891791e+07
1.253701899546074495e+07
1.253620573116324469e+07
1.253540607000052184e+07
1.253461977243449911e+07
1.253384660114132240e+07
1.253308632105682604e+07
1.253233869945988804e+07
1.253160350608186424e+07
1.253088051323026419e+07
1.253016949591586366e+07
1.252947023197392374e+07
1.252878250217209011e+07
1.252810609029972553e+07
1.252744078323545493e+07
1.252678637099175528e+07
1.252614264673709497e+07
1.252550940679761022e+07
1.252488645064121112e+07
1.252427358084778860e+07
1.252367060306931660e+07
1.252307732598380931e+07
1.252249356124652550e+07
1.252191912344155088e+07
1.252135383003609255e+07
1.252079750133921951e+07
1.252024996046604402e+07
1.251971103330768831e+07
1.251918054850690067e+07
1.251865833743861690e+07
1.251814423419458419e+07
1.251763807557085529e+07
1.251713970105702057e+07
1.251664895282592438e+07
1.251616567572288401e+07
1.251568971725352295e+07
1.251522092756956257e+07
1.251475915945214406e+07
1.251430426829253137e+07
1.251385611207014136e+07
1.251341455132811517e+07
1.251297944914675131e+07
1.251255067111515254e+07
1.251212808530156128e+07
1.251171156222281978e+07
1.251130097481330484e+07
1.251089619839384034e+07
1.251049711064067110e+07
1.251010359155491553e+07
1.250971552343247272e+07
1.250933279083451256e+07
1.250895528055851907e+07
1.250858288160984032e+07
1.250821548517360352e+07
1.250785298458695225e+07
1.250749527531138062e+07
1.250714225490513816e+07
1.250679382299554348e+07
1.250644988125112653e+07
1.250611033335356601e+07
1.250577508496936038e+07
1.250544404372125864e+07
1.250511711915946566e+07
1.250479422273260355e+07
1.250447526775858738e+07
1.250416016939537600e+07
1.250384884461171739e+07
1.250354121215791255e+07
1.250323719253672473e+07
1.250293670797438920e+07
1.250263968239182979e+07
1.250234604137611389e+07
1.250205571215212904e+07
1.250176862355451845e+07
1.250148470599988103e+07
1.250120389145924710e+07
1.250092611343076825e+07
1.250065130691272393e+07
1.250037940837670304e+07
1.250011035574106872e+07
1.249984408834465407e+07
1.249958054692067392e+07
1.249931967357087880e+07
1.249906141173996031e+07
1.249880570619018003e+07
1.249855250297624990e+07
1.249830174942050129e+07
1.249805339408827573e+07
1.249780738676363975e+07
1.249756367842534930e+07
1.249732222122312337e+07
1.249708296845421568e+07
1.249684587454028800e+07
1.249661089500458539e+07
1.249637798644942604e+07
1.249614710653399117e+07
1.249591821395243332e+07
1.249569126841228828e+07
1.249546623061317950e+07
1.249524306222584471e+07
1.249502172587145492e+07
1.249480218510123529e+07
1.249458440437637642e+07
1.249436834904826060e+07
1.249415398533895984e+07
1.249394128032206558e+07
1.249373020190377347e+07
1.249352071880428679e+07
