1.405446603189395070e+08
1.256227082848103344e+08
1.118233136211887002e+08
9.918594841059370339e+07
8.774375363486728072e+07
7.752171056845502555e+07
6.853454677074053884e+07
6.142283490236780047e+07
5.552217938943965733e+07
5.054678245751363784e+07
4.646565549530734867e+07
4.323519920715128630e+07
4.079809389942756295e+07
3.908300176750045270e+07
3.800526900622723997e+07
3.746879508663997799e+07
3.736913603181795776e+07
3.759773482949937880e+07
3.804695691866202652e+07
3.855857397796849906e+07
3.909960756256207824e+07
3.960747919409742951e+07
4.003210427627807111e+07
4.033906871243001521e+07
4.050914658318021148e+07
4.053684393344789743e+07
4.042824558403122425e+07
4.019846190479730070e+07
3.986894550656886399e+07
3.946489511198137701e+07
3.901290363586126268e+07
3.853895148540054262e+07
3.806679976486241817e+07
3.761680248273889720e+07
3.720513064530389756e+07
3.684338207708538324e+07
3.653853686598754674e+07
3.629320801169258356e+07
3.610612938489647955e+07
3.597281829928233474e+07
3.588634804531233013e+07
3.583816693059110641e+07
3.581890488855101913e+07
3.581911634211528301e+07
3.582991854332758486e+07
3.584349647854688764e+07
3.585345867452096194e+07
3.585504063222277910e+07
3.584516390593411773e+07
3.582236795233870298e+07
3.578663843412737548e+07
3.573915953213885427e+07
3.568201913233508915e+07
3.561789483339522034e+07
3.554974600266648084e+07
3.548053306911316514e+07
3.541298034975919873e+07
3.534939339175273478e+07
3.529153645722135156e+07
3.524057071273304522e+07
3.519704918894302100e+07
3.516096087648015469e+07
3.513181359167967737e+07
3.510874358485651761e+07
3.509063930384512246e+07
3.507626721510343999e+07
3.506438899281640351e+07
3.505386151288382709e+07
3.504371368322091550e+07
3.503319693036878109e+07
3.502180887613463402e+07
3.500929214070652425e+07
3.499561211891863495e+07
3.498091888082586974e+07
3.496549900561229885e+07
3.494972319593034685e+07
3.493399502086859941e+07
3.491870522254327685e+07
3.490419483837523311e+07
3.489072908752359450e+07
3.487848268420094252e+07
3.486753608900508285e+07
3.485788127845069766e+07
3.484943495562177896e+07
3.484205676097691804e+07
3.483556996130788326e+07
3.482978226143033803e+07
3.482450474434878677e+07
3.481956743814808875e+07
3.481483056566849351e+07
3.481019109382501245e+07
3.480558470994364470e+07
3.480098377206109464e+07
3.479639208269350976e+07
3.479183750991886854e+07
3.478736352827820927e+07
3.478302068906496465e+07
3.477885887769283354e+07
3.477492100290842354e+07
3.477123851843169332e+07
3.476782893074823171e+07
3.476469522206199169e+07
3.476182693399772048e+07
3.475920252790316194e+07
3.475679256681747735e+07
3.475456325093439221e+07
3.475247987561307847e+07
3.475050985740317404e+07
3.474862507539860159e+07
3.474680338806007802e+07
3.474502929588791728e+07
3.474329381665371358e+07
3.474159371409798414e+07
3.473993026843523234e+07
3.473830779661075026e+07
3.473673212413870543e+07
3.473520918312279880e+07
3.473374386894811690e+07
3.473233923806799203e+07
3.473099607805499434e+07
3.472971283451142907e+07
3.472848584200058877e+07
3.472730978062261641e+07
3.472617826722481102e+07
3.472508448990920186e+07
3.472402180458614975e+07
3.472298423004639149e+07
3.472196680016704649e+07
3.472096575520337373e+07
3.471997857578498125e+07
3.471900388099598140e+07
3.471804122433613986e+07
3.471709082783131301e+07
3.471615329526714981e+07
3.471522934128582478e+07
3.471431956518720090e+07
3.471342428822249919e+07
3.471254346249574423e+07
3.471167664966410398e+07
3.471082305952425301e+07
3.470998163297730684e+07
3.470915115105611831e+07
3.470833035158040375e+07
3.470751803716137260e+07
3.470671316208671778e+07
3.470591489034507424e+07
3.470512262196817249e+07
3.470433598933558911e+07
3.470355482861900330e+07
3.470277913384576142e+07
3.470200900204336643e+07
3.470124457767529041e+07
3.470048600332278013e+07
3.469973338162962347e+07
3.469898675126235932e+07
3.469824607739113271e+07
3.469751125525144488e+07
3.469678212390711904e+07
3.469605848650395125e+07
3.469534013309253752e+07
3.469462686243319511e+07
3.469391849994534254e+07
3.469321490996134281e+07
3.469251600152012706e+07
3.469182172793336213e+07
3.469113208115774393e+07
3.469044708253616095e+07
3.468976677170179784e+07
3.468909119539077580e+07
3.468842039763189852e+07
3.468775441235237569e+07
3.468709325893850625e+07
3.468643694079959393e+07
3.468578544656814635e+07
3.468513875327330083e+07
3.468449683066857606e+07
3.468385964587906748e+07
3.468322716763499379e+07
3.468259936954486370e+07
3.468197623209364712e+07
3.468135774328779429e+07
3.468074389807628095e+07
3.468013469683167338e+07
3.467953014326266944e+07
3.467893024214959145e+07
3.467833499725493044e+07
3.467774440967725217e+07
3.467715847680868953e+07
3.467657719194270670e+07
3.467600054447746277e+07
3.467542852058342844e+07
3.467486110415947437e+07
3.467429827788926661e+07
3.467374002422767133e+07
3.467318632618622482e+07
3.467263716783849150e+07
3.467209253452100605e+07
3.467155241275442392e+07
3.467101678994668275e+07
3.467048565396165103e+07
3.466995899264195561e+07
3.466943679336647689e+07
3.466891904270357639e+07
3.466840572619590908e+07
3.466789682828691602e+07
3.466739233237543702e+07
3.466689222096803039e+07
3.466639647588907182e+07
3.466590507850664854e+07
3.466541800993756950e+07
3.466493525120429695e+07
3.466445678332927078e+07
3.466398258736409247e+07
3.466351264436203241e+07
3.466304693530995399e+07
3.466258544103908539e+07
3.466212814213442802e+07
3.466167501885924488e+07
3.466122605110599846e+07
3.466078121837884188e+07
3.466034049980697036e+07
3.465990387418308109e+07
3.465947132001850009e+07
3.465904281560442597e+07
3.465861833907079697e+07
3.465819786843434721e+07
3.465778138163209707e+07
3.465736885653803498e+07
3.465696027096490562e+07
3.465655560265392065e+07
3.465615482925739884e+07
3.465575792831910402e+07
3.465536487725661695e+07
3.465497565334899724e+07
3.465459023373134434e+07
3.465420859539685398e+07
3.465383071520490944e+07
3.465345656989378482e+07
3.465308613609547168e+07
3.465271939035066962e+07
3.465235630912187696e+07
3.465199686880359054e+07
3.465164104572950304e+07
3.465128881617624313e+07
3.465094015636518598e+07
3.465059504246270657e+07
3.465025345058055222e+07
3.464991535677661002e+07
3.464958073705742508e+07
3.464924956738215685e+07
3.464892182366821170e+07
3.464859748179821670e+07
3.464827651762767136e+07
3.464795890699271113e+07
3.464764462571755052e+07
3.464733364962099493e+07
3.464702595452193916e+07
3.464672151624383032e+07
3.464642031061796099e+07
3.464612231348618120e+07
3.464582750070304424e+07
3.464553584813790023e+07
3.464524733167700469e+07
3.464496192722590268e+07
3.464467961071228981e+07
3.464440035808902234e+07
3.464412414533748478e+07
3.464385094847121835e+07
3.464358074353932589e+07
3.464331350663001090e+07
3.464304921387385577e+07
3.464278784144685417e+07
3.464252936557334661e+07
3.464227376252875477e+07
3.464202100864215940e+07
3.464177108029891551e+07
3.464152395394317806e+07
3.464127960608059168e+07
3.464103801328086108e+07
3.464079915218041092e+07
3.464056299948521703e+07
3.464032953197328746e+07
3.464009872649732977e+07
3.463987055998717993e+07
3.463964500945213437e+07
3.463942205198311806e+07
3.463920166475475580e+07
3.463898382502728701e+07
3.463876851014829427e+07
3.463855569755453616e+07
3.463834536477352679e+07
3.463813748942518979e+07
3.463793204922346026e+07
3.463772902197780460e+07
3.463752838559483737e+07
3.463733011807977408e+07
3.463713419753797352e+07
3.463694060217633843e+07
3.463674931030479074e+07
3.463656030033755302e+07
