5.137355977683357596e+08
4.742106075231959224e+08
4.365483507271712422e+08
4.007681037332301140e+08
3.668836615872085094e+08
3.349029251950858831e+08
3.048275158100258112e+08
2.766524255230587125e+08
2.503657130657215118e+08
2.259482547100669742e+08
2.033735603438437879e+08
1.826076648452706039e+08
1.636091046169248223e+08
1.463289884801106751e+08
1.307111711397556216e+08
1.166925356049195379e+08
1.042033892231744528e+08
9.316797501244321465e+07
8.350509702901506424e+07
7.512885489063657820e+07
6.794947871050065756e+07
6.187425168451485783e+07
5.680850362626242638e+07
5.265665510068386048e+07
4.932328872193407267e+07
4.671422189890053868e+07
4.473755404739826918e+07
4.330466119880829006e+07
4.233111210143142939e+07
4.173748232226008922e+07
4.145004640619124472e+07
4.140133263972858340e+07
4.153053012625833601e+07
4.178374339124853164e+07
4.211409526207164675e+07
4.248168402706732601e+07
4.285340522706410289e+07
4.320265313912273943e+07
4.350891843317329139e+07
4.375730189313066006e+07
4.393796410339034349e+07
4.404553134686318785e+07
4.407847717177395523e+07
4.403849771455177665e+07
4.392989702772387117e+07
4.375899650851774216e+07
4.353358019506009668e+07
4.326238531111817807e+07
4.295464509243916720e+07
4.261968869001145661e+07
4.226660086924532801e+07
4.190394234286867082e+07
4.153952990918498486e+07
4.118027412599089742e+07
4.083207103655254841e+07
4.049974347556327283e+07
4.018702671488395333e+07
3.989659265397807956e+07
3.963010640948247164e+07
3.938830900180035830e+07
3.917111986148271710e+07
3.897775306969946623e+07
3.880684158792138845e+07
3.865656420198925585e+07
3.852477048242971301e+07
3.840909972145176679e+07
3.830709052127901465e+07
3.821627845148956031e+07
3.813427993834524602e+07
3.805886127160909027e+07
3.798799229139001667e+07
3.791988492970544845e+07
3.785301731327068806e+07
3.778614457446041703e+07
3.771829785999501497e+07
3.764877326975163817e+07
3.757711260348709673e+07
3.750307784720645845e+07
3.742662130252636969e+07
3.734785316312235594e+07
3.726700818524734676e+07
3.718441289821684361e+07
3.710045456962365657e+07
3.701555289230421185e+07
3.693013510810925812e+07
3.684461503826402128e+07
3.675937626072843373e+07
3.667475946877130121e+07
3.659105386727577448e+07
3.650849231748733670e+07
3.642724982858156413e+07
3.634744491550946236e+07
3.626914329561567307e+07
3.619236337890353799e+07
3.611708301504676044e+07
3.604324699021489173e+07
3.597077481403575838e+07
3.589956839699701965e+07
3.582951928682827950e+07
3.576051520472610742e+07
3.569244569492495805e+07
3.562520677084808797e+07
3.555870450525484979e+07
3.549285756842107326e+07
3.542759876606256515e+07
3.536287566664741188e+07
3.529865043570052832e+07
3.523489901292530447e+07
3.517160977709353715e+07
3.510878184464454651e+07
3.504642314197484404e+07
3.498454837981788814e+07
3.492317704230022430e+07
3.486233148459582776e+07
3.480203521289099753e+07
3.474231139980687946e+07
3.468318166853091121e+07
3.462466516052863747e+07
3.456677788548986614e+07
3.450953233855831623e+07
3.445293735915723443e+07
3.439699819794024527e+07
3.434171675349052995e+07
3.428709193816210330e+07
3.423312013260324299e+07
3.417979569064772874e+07
3.412711145999146998e+07
3.407505928895501792e+07
3.402363049524362385e+07
3.397281627855832875e+07
3.392260806482961029e+07
3.387299777544149011e+07
3.382397801985210180e+07
3.377554221432264149e+07
3.372768463293398917e+07
3.368040039965057373e+07
3.363368543188808113e+07
3.358753634690847248e+07
3.354195034248625860e+07
3.349692506277858093e+07
3.345245845931466669e+07
3.340854865563466772e+07
3.336519382248557359e+07
3.332239206875036284e+07
3.328014135155515745e+07
3.323843940736436844e+07
3.319728370440736786e+07
3.315667141553729028e+07
3.311659940963394940e+07
3.307706425894330814e+07
3.303806225929047167e+07
3.299958945989599451e+07
3.296164169953551143e+07
3.292421464597621933e+07
3.288730384525476396e+07
3.285090472256178781e+07
3.281501267317641526e+07
3.277962305462956429e+07
3.274473122035798058e+07
3.271033253794664890e+07
3.267642240149665251e+07
3.264299623853106052e+07
3.261004951210317761e+07
3.257757771894162521e+07
3.254557638455842435e+07
3.251404105626863241e+07
3.248296729503076524e+07
3.245235066693112254e+07
3.242218673501393199e+07
3.239247105201575160e+07
3.236319915441004187e+07
3.233436655801590532e+07
3.230596875528353453e+07
3.227800121424391866e+07
3.225045937900765240e+07
3.222333867161876708e+07
3.219663449501641467e+07
3.217034223547564447e+07
3.214445727228820324e+07
3.211897497446686402e+07
3.209389071058763191e+07
3.206919985197080672e+07
3.204489777679777145e+07
3.202097987376527116e+07
3.199744154520608485e+07
3.197427820964802802e+07
3.195148530382096395e+07
3.192905828415216878e+07
3.190699262781345099e+07
3.188528383339844644e+07
3.186392742131649330e+07
3.184291893399000913e+07
3.182225393593784422e+07
3.180192801381776854e+07
3.178193677648922056e+07
3.176227585514302924e+07
3.174294090353071317e+07
3.172392759831164405e+07
3.170523163952319324e+07
3.168684875116863847e+07
3.166877468190849572e+07
3.165100520583496243e+07
3.163353612330543250e+07
3.161636326180941239e+07
3.159948247684404254e+07
3.158288965277511626e+07
3.156658070366411284e+07
3.155055157404578105e+07
3.153479823964519799e+07
3.151931670802751556e+07
3.150410301917824894e+07
3.148915324601474032e+07
3.147446349483326823e+07
3.146002990569778532e+07
3.144584865277769044e+07
3.143191594464326650e+07
3.141822802452658117e+07
3.140478117055562511e+07
3.139157169596852362e+07
3.137859594931292161e+07
3.136585031463491917e+07
3.135333121166009456e+07
3.134103509596794099e+07
3.132895845916001871e+07
3.131709782902099937e+07
3.130544976967132464e+07
3.129401088170953840e+07
3.128277780234222859e+07
3.127174720549961925e+07
3.126091580193497241e+07
3.125028033930614218e+07
3.123983760223840550e+07
3.122958441236770526e+07
3.121951762836421281e+07
3.120963414593643323e+07
3.119993089781641960e+07
3.119040485372692719e+07
3.118105302033181489e+07
3.117187244117065519e+07
3.116286019657907262e+07
3.115401340359590203e+07
3.114532921585839987e+07
3.113680482348669693e+07
3.112843745295813680e+07
3.112022436697248742e+07
3.111216286430846527e+07
3.110425027967215329e+07
3.109648398353739828e+07
3.108886138197864220e+07
3.108137991649613157e+07
3.107403706383365393e+07
3.106683033578885719e+07
3.105975727901619300e+07
3.105281547482251376e+07
3.104600253895556554e+07
3.103931612138532102e+07
3.103275390607848391e+07
3.102631361076636240e+07
3.101999298670636117e+07
3.101378981843734533e+07
3.100770192352927476e+07
3.100172715232739598e+07
3.099586338769131154e+07
3.099010854472928122e+07
3.098446057052810490e+07
3.097891744387882948e+07
3.097347717499858141e+07
3.096813780524891615e+07
3.096289740685070306e+07
3.095775408259605244e+07
3.095270596555723250e+07
3.094775121879301220e+07
3.094288803505244851e+07
3.093811463647636026e+07
3.093342927429673821e+07
3.092883022853413224e+07
3.092431580769322067e+07
3.091988434845688567e+07
3.091553421537869424e+07
3.091126380057421327e+07
3.090707152341113612e+07
3.090295583019852266e+07
3.089891519387529045e+07
3.089494811369801313e+07
3.089105311492837593e+07
3.088722874852031469e+07
3.088347359080700949e+07
3.087978624318793416e+07
3.087616533181601763e+07
3.087260950728514791e+07
3.086911744431805983e+07
3.086568784145478904e+07
3.086231942074178904e+07
3.085901092742177099e+07
3.085576112962449715e+07
3.085256881805844977e+07
3.084943280570369214e+07
3.084635192750576138e+07
3.084332504007092118e+07
3.084035102136269957e+07
