1.478985826983024478e+08
1.389102266664064825e+08
1.301798007623083591e+08
1.217201595719797313e+08
1.135437751156902313e+08
1.056626323344500512e+08
9.808811708159638941e+07
9.083089717000836134e+07
8.390079724676907063e+07
7.730666852665275335e+07
7.105625471570564806e+07
6.515605751701202989e+07
5.961119346766241640e+07
5.442527029769625515e+07
4.960025150843871385e+07
4.513633814315800369e+07
4.103186134153245389e+07
3.728319161801835895e+07
3.388466940361069888e+07
3.082856160864866152e+07
2.810504898960325867e+07
2.570224889802297950e+07
2.360627749882766232e+07
2.180135472289317101e+07
2.026995403765026480e+07
1.899299757807747275e+07
1.795009531563331932e+07
1.711982480516678095e+07
1.648004586208398454e+07
1.600824218630259112e+07
1.568188005730339885e+07
1.547877253791192546e+07
1.537743663203537464e+07
1.535743054155082256e+07
1.539965867693724297e+07
1.548663339114098251e+07
1.560268443958796933e+07
1.573410981418504007e+07
1.586926444968189858e+07
1.599858656304704770e+07
1.611456415858533233e+07
1.621164695511236601e+07
1.628611107507475093e+07
1.633588536025099270e+07
1.636034906306688488e+07
1.636011093221875280e+07
1.633677943229736760e+07
1.629273310595810600e+07
1.623089901578599960e+07
1.615454590552048944e+07
1.606709730318648368e+07
1.597196834416796640e+07
1.587242869512544759e+07
1.577149266650152020e+07
1.567183645705683343e+07
1.557574145481943153e+07
1.548506183194165304e+07
1.540121386127003096e+07
1.532518413672447205e+07
1.525755349048637785e+07
1.519853332118098252e+07
1.514801105923619866e+07
1.510560163001144305e+07
1.507070200593271479e+07
1.504254624473084509e+07
1.502025877104106173e+07
1.500290405284719728e+07
1.498953123354670778e+07
1.497921268752307817e+07
1.497107585696542449e+07
1.496432808770292997e+07
1.495827450216822699e+07
1.495232922120762058e+07
1.494602046899719909e+07
1.493899026506267488e+07
1.493098952491436899e+07
1.492186945866107941e+07
1.491157017933546752e+07
1.490010741494877264e+07
1.488755816673027165e+07
1.487404607730969787e+07
1.485972717363043688e+07
1.484477653686716780e+07
1.482937633192826435e+07
1.481370550805839337e+07
1.479793136473521218e+07
1.478220306779112667e+07
1.476664710294588283e+07
1.475136457028057054e+07
1.473643015531052649e+07
1.472189256106734648e+07
1.470777615103355050e+07
1.469408353423447534e+07
1.468079882001993433e+07
1.466789127931090817e+07
1.465531916922498494e+07
1.464303350667360425e+07
1.463098161128354445e+07
1.461911027639064193e+07
1.460736846657146513e+07
1.459570947912736982e+07
1.458409254332516901e+07
1.457248386359180138e+07
1.456085714020113461e+07
1.454919362261531875e+07
1.453748176626088098e+07
1.452571657318640500e+07
1.451389870111707598e+07
1.450203342448484898e+07
1.449012952584422566e+07
1.447819818756833114e+07
1.446625194279647432e+07
1.445430373220501095e+07
1.444236610017620772e+07
1.443045055112939328e+07
1.441856707481485233e+07
1.440672383877388760e+07
1.439492703730684519e+07
1.438318087938580662e+07
1.437148769308231771e+07
1.435984812121018767e+07
1.434826138186465017e+07
1.433672556814521365e+07
1.432523796329933219e+07
1.431379535050214268e+07
1.430239430016981997e+07
1.429103142177476361e+07
1.427970357130027562e+07
1.426840800948828645e+07
1.425714250969150476e+07
1.424590541728617251e+07
1.423469566513272934e+07
1.422351275143761560e+07
1.421235668756508641e+07
1.420122792390790209e+07
1.419012726191584766e+07
1.417905575989070348e+07
1.416801463928925991e+07
1.415700519714253582e+07
1.414602872890884802e+07
1.413508646473260969e+07
1.412417952076979354e+07
1.411330886603864469e+07
1.410247530421673320e+07
1.409167946897083521e+07
1.408092183079305664e+07
1.407020271292947233e+07
1.405952231381342188e+07
1.404888073343298398e+07
1.403827800123916566e+07
1.402771410350173898e+07
1.401718900840513408e+07
1.400670268760913983e+07
1.399625513344354928e+07
1.398584637133158930e+07
1.397547646742010117e+07
1.396514553171599656e+07
1.395485371727861278e+07
1.394460121618998982e+07
1.393438825312209502e+07
1.392421507734612003e+07
1.391408195399487205e+07
1.390398915530592203e+07
1.389393695245459303e+07
1.388392560844543763e+07
1.387395537238157354e+07
1.386402647528431378e+07
1.385413912750111707e+07
1.384429351762438752e+07
1.383448981275247224e+07
1.382472815985929221e+07
1.381500868800094351e+07
1.380533151107429340e+07
1.379569673085118458e+07
1.378610444003838487e+07
1.377655472515270673e+07
1.376704766904841363e+07
1.375758335298520699e+07
1.374816185817561485e+07
1.373878326679728739e+07
1.372944766249523684e+07
1.372015513043087348e+07
1.371090575695654191e+07
1.370169962900740281e+07
1.369253683330642432e+07
1.368341745547500998e+07
1.367434157913216949e+07
1.366530928505140543e+07
1.365632065042774752e+07
1.364737574829007313e+07
1.363847464707660303e+07
1.362961741037604399e+07
1.362080409682398103e+07
1.361203476013412327e+07
1.360330944923742674e+07
1.359462820849866793e+07
1.358599107797965035e+07
1.357739809372012690e+07
1.356884928801151365e+07
1.356034468964356929e+07
1.355188432411017828e+07
1.354346821376626194e+07
1.353509637793331966e+07
1.352676883295612410e+07
1.351848559221667796e+07
1.351024666611428186e+07
1.350205206202206761e+07
1.349390178423060849e+07
1.348579583388889581e+07
1.347773420895133354e+07
1.346971690413791128e+07
1.346174391091233678e+07
1.345381521748083271e+07
1.344593080881218985e+07
1.343809066667789593e+07
1.343029476970958151e+07
1.342254309347015247e+07
1.341483561053429358e+07
1.340717229057386145e+07
1.339955310044406354e+07
1.339197800426644087e+07
1.338444696350586042e+07
1.337695993703918532e+07
1.336951688121427409e+07
1.336211774989892542e+07
1.335476249451985769e+07
1.334745106409271248e+07
1.334018340524421260e+07
1.333295946222818643e+07
1.332577917693702877e+07
1.331864248891026899e+07
1.331154933534176834e+07
1.330449965108681098e+07
1.329749337062118202e+07
1.329053042014317214e+07
1.328361072960716113e+07
1.327673422461165488e+07
1.326990082847563177e+07
1.326311046225652471e+07
1.325636304476977326e+07
1.324965849260978773e+07
1.324299672017182410e+07
1.323637763967450708e+07
1.322980116118279472e+07
1.322326719263116643e+07
1.321677563984693587e+07
1.321032640657369420e+07
1.320391939449490048e+07
1.319755450325769559e+07
1.319123163049703836e+07
1.318495067186027765e+07
1.317871152103224397e+07
1.317251406976090372e+07
1.316635820788365230e+07
1.316024382335420325e+07
1.315417080227002129e+07
1.314813902890024893e+07
1.314214838571397960e+07
1.313619875340881385e+07
1.313029001093944162e+07
1.312442203554625437e+07
1.311859470278378576e+07
1.311280788654883765e+07
1.310706145910829306e+07
1.310135529112646170e+07
1.309568925169199891e+07
1.309006320834432170e+07
1.308447702709955350e+07
1.307893057247604989e+07
1.307342370751952007e+07
1.306795629382779263e+07
1.306252819157534465e+07
1.305713925953755900e+07
1.305178935511485860e+07
1.304647833435674757e+07
1.304120605198576115e+07
1.303597236142143235e+07
1.303077711480429769e+07
1.302562016301990487e+07
1.302050135572293401e+07
1.301542054136137664e+07
1.301037756720082089e+07
1.300537227934880927e+07
1.300040452277928777e+07
1.299547414135719091e+07
1.299058097786303610e+07
1.298572487401765957e+07
1.298090567050698958e+07
1.297612320700688660e+07
1.297137732220803201e+07
1.296666785384085216e+07
1.296199463870048150e+07
1.295735751267168298e+07
1.295275631075385213e+07
1.294819086708588526e+07
1.294366101497108117e+07
1.293916658690197766e+07
1.293470741458506510e+07
1.293028332896545529e+07
1.292589416025139950e+07
