1.917424606812108457e+08
1.698932172982399762e+08
1.498193277324529886e+08
1.315320513162875772e+08
1.150321054931841642e+08
1.003082334245508462e+08
8.733577129220259190e+07
7.607528598963534832e+07
6.647137962500112504e+07
5.845178468508468568e+07
5.192689868883565068e+07
4.678992336523211002e+07
4.291777261618212610e+07
4.017288654048758000e+07
3.840602875679405779e+07
3.746004932186277956e+07
3.717447355337797105e+07
3.739064660989823192e+07
3.795705210344007611e+07
3.873435931330143660e+07
3.959975846695589274e+07
4.045022095380719751e+07
4.120445558965361863e+07
4.180349296769741923e+07
4.220998327540952712e+07
4.240641133287841082e+07
4.239250211895948648e+07
4.218211090096585453e+07
4.179987452679041028e+07
4.127785899675039947e+07
4.065238695726129413e+07
3.996117757919593155e+07
3.924088641390736401e+07
3.852509652768705040e+07
3.784278418606626242e+07
3.721726089692855626e+07
3.666557661660894752e+07
3.619835451298374683e+07
3.582001462524162978e+07
3.552933159771690518e+07
3.532026067764335871e+07
3.518295721392445266e+07
3.510490913976144046e+07
3.507210050418613106e+07
3.507012782456905395e+07
3.508520005271504819e+07
3.510496675104138255e+07
3.511913645292076468e+07
3.511986642913205177e+07
3.510192428534202278e+07
3.506263915370784700e+07
3.500167425162789226e+07
3.492066232173119485e+07
3.482275057490115613e+07
3.471210239710637927e+07
3.459339982942296565e+07
3.447138453562260419e+07
3.435046660574640334e+07
3.423442108747775108e+07
3.412618249200984091e+07
3.402773845707152039e+07
3.394011587420681119e+07
3.386344653294306248e+07
3.379709495760639012e+07
3.373982869998948276e+07
3.369001083319014311e+07
3.364579556326441467e+07
3.360531042264176905e+07
3.356681204605878890e+07
3.352880663815454394e+07
3.349013047694628686e+07
3.344998989720307291e+07
3.340796358553739637e+07
3.336397288042703271e+07
3.331822757003458589e+07
3.327115566095701605e+07
3.322332568247720227e+07
3.317536943917147815e+07
3.312791188886538893e+07
3.308151319165770710e+07
3.303662614478761330e+07
3.299357037319506705e+07
3.295252294849058241e+07
3.291352368731560931e+07
3.287649232084934041e+07
3.284125407466906309e+07
3.280756995484082028e+07
3.277516816757163033e+07
3.274377354199055210e+07
3.271313249437266588e+07
3.268303187306907773e+07
3.265331086231117696e+07
3.262386591473814100e+07
3.259464935791273043e+07
3.256566283099907264e+07
3.253694702870633081e+07
3.250856935730759054e+07
3.248061105825425312e+07
3.245315515999887139e+07
3.242627631934390217e+07
3.240003325550366938e+07
3.237446410777324066e+07
3.234958470067486912e+07
3.232538940968727320e+07
3.230185410681394115e+07
3.227894053807632998e+07
3.225660144402139261e+07
3.223478577031018212e+07
3.221344341274547204e+07
3.219252908014905825e+07
3.217200501844998449e+07
3.215184250036888570e+07
3.213202213027819991e+07
3.211253313051798940e+07
3.209337185590096936e+07
3.207453982457912713e+07
3.205604155762560293e+07
3.203788249202441052e+07
3.202006718021441996e+07
3.200259792317776009e+07
3.198547391270536929e+07
3.196869089043560997e+07
3.195224127339604869e+07
3.193611465277926624e+07
3.192029854690380022e+07
3.190477928085578606e+07
3.188954287236481532e+07
3.187457582279004157e+07
3.185986573957952484e+07
3.184540174784128368e+07
3.183117467961153388e+07
3.181717705658714473e+07
3.180340290303018689e+07
3.178984743887447566e+07
3.177650670847045630e+07
3.176337719855290651e+07
3.175045549128710851e+07
3.173773798648622632e+07
3.172522071330945194e+07
3.171289923787474260e+07
3.170076866088587418e+07
3.168882368977081031e+07
3.167705876364120841e+07
3.166546820678178221e+07
3.165404638966156542e+07
3.164278786193448678e+07
3.163168748056137562e+07
3.162074047382367775e+07
3.160994247616579011e+07
3.159928952179559693e+07
3.158877800656925142e+07
3.157840462786832079e+07
3.156816631320469081e+07
3.155806014783441648e+07
3.154808331002678722e+07
3.153823302021243796e+07
3.152850650745452195e+07
3.151890099394895881e+07
3.150941369589802995e+07
3.150004183734463900e+07
3.149078267252263427e+07
3.148163351197942719e+07
3.147259174807681888e+07
3.146365487632222474e+07
3.145482051013655216e+07
3.144608638792791218e+07
3.143745037253457308e+07
3.142891044408450276e+07
3.142046468800129369e+07
3.141211128023019433e+07
3.140384847177502885e+07
3.139567457437964156e+07
3.138758794873465970e+07
3.137958699603363127e+07
3.137167015313151479e+07
3.136383589105054736e+07
3.135608271618884802e+07
3.134840917334824055e+07
3.134081384961497411e+07
3.133329537818597257e+07
3.132585244140191004e+07
3.131848377248649299e+07
3.131118815575551614e+07
3.130396442530978099e+07
3.129681146243231371e+07
3.128972819205124676e+07
3.128271357869897038e+07
3.127576662239657715e+07
3.126888635483434796e+07
3.126207183611988276e+07
3.125532215224717185e+07
3.124863641332080588e+07
3.124201375246677548e+07
3.123545332528570667e+07
3.122895430966158584e+07
3.122251590573033690e+07
3.121613733583141863e+07
3.120981784430690855e+07
3.120355669706466421e+07
3.119735318087723106e+07
3.119120660243727267e+07
3.118511628722800687e+07
3.117908157828917354e+07
3.117310183496630192e+07
3.116717643172363564e+07
3.116130475708328187e+07
3.115548621272925287e+07
3.114972021278910339e+07
3.114400618328269199e+07
3.113834356170880049e+07
3.113273179672966152e+07
3.112717034790912643e+07
3.112165868546367437e+07
3.111619628999340907e+07
3.111078265217159688e+07
3.110541727238379046e+07
3.110009966031920537e+07
3.109482933452560753e+07
3.108960582194514573e+07
3.108442865745056421e+07
3.107929738340001553e+07
3.107421154922530055e+07
3.106917071106287092e+07
3.106417443143149465e+07
3.105922227895509824e+07
3.105431382812492549e+07
3.104944865909286588e+07
3.104462635748650134e+07
3.103984651423731819e+07
3.103510872541467845e+07
3.103041259206131101e+07
3.102575772002786025e+07
3.102114371980698407e+07
3.101657020636896789e+07
3.101203679900208861e+07
3.100754312116094679e+07
3.100308880032601953e+07
3.099867346787626296e+07
3.099429675897587836e+07
3.098995831247481704e+07
3.098565777082161605e+07
3.098139477998650447e+07
3.097716898939225078e+07
3.097298005185015500e+07
3.096882762349909544e+07
3.096471136374600232e+07
3.096063093520665169e+07
3.095658600364672020e+07
3.095257623792303726e+07
3.094860130992595479e+07
3.094466089452350140e+07
3.094075466950823367e+07
3.093688231554751471e+07
3.093304351613761485e+07
3.092923795756193995e+07
3.092546532885321602e+07
3.092172532175929844e+07
3.091801763071224093e+07
3.091434195279993862e+07
3.091069798774001002e+07
3.090708543785536289e+07
3.090350400805118680e+07
3.089995340579306334e+07
3.089643334108641744e+07
3.089294352645689249e+07
3.088948367693201452e+07
3.088605351002407074e+07
3.088265274571422115e+07
3.087928110643780604e+07
3.087593831707083806e+07
3.087262410491732880e+07
3.086933819969754294e+07
3.086608033353673294e+07
3.086285024095426872e+07
3.085964765885290876e+07
3.085647232650813460e+07
3.085332398555743694e+07
3.085020237998936325e+07
3.084710725613258779e+07
3.084403836264466122e+07
3.084099545050086826e+07
3.083797827298291400e+07
3.083498658566767350e+07
3.083202014641595632e+07
3.082907871536138281e+07
3.082616205489928275e+07
3.082326992967567220e+07
3.082040210657627881e+07
3.081755835471558198e+07
3.081473844542586058e+07
3.081194215224618092e+07
3.080916925091141462e+07
3.080641951934108138e+07
3.080369273762824014e+07
3.080098868802826107e+07
3.079830715494741499e+07
3.079564792493157834e+07
3.079301078665462136e+07
3.079039553090682998e+07
3.078780195058309659e+07
