2.430644406023506820e+07
2.409114025748737156e+07
2.385947746749591827e+07
2.359567964316765219e+07
2.333863027655735612e+07
2.312764078880318999e+07
2.297439302818182111e+07
2.286274915970277414e+07
2.276971175166399777e+07
2.268594078281269222e+07
2.261835916698459908e+07
2.257621489630786330e+07
2.255653188427274674e+07
2.254429317064196989e+07
2.252642573900614679e+07
2.250161644951066375e+07
2.247585629035100341e+07
2.245232353282811120e+07
2.242746353113390505e+07
2.239574215161515772e+07
2.235608047879924625e+07
2.231262385372779891e+07
2.227006947893790528e+07
2.222943881584259868e+07
2.218861606415858865e+07
2.214617358634988591e+07
2.210368520723592862e+07
2.206425420937896520e+07
2.202947740799102560e+07
2.199837110851812363e+07
2.196916620809034258e+07
2.194152872122028470e+07
2.191656450142826885e+07
2.189495499550567195e+07
2.187576775609020516e+07
2.185734000661535561e+07
2.183892935218949616e+07
2.182104353220092505e+07
2.180426114997003600e+07
2.178824017473122478e+07
2.177213407438746095e+07
2.175567445211219043e+07
2.173941569194236025e+07
2.172393393473394215e+07
2.170916731444915012e+07
2.169473336044576392e+07
2.168064583832114190e+07
2.166738974674142152e+07
2.165532285145748779e+07
2.164430363126296550e+07
2.163401955201458186e+07
2.162445306654005498e+07
2.161580887558806688e+07
2.160809240878343582e+07
2.160101162091999874e+07
2.159431570412196219e+07
2.158802521757854894e+07
2.158223891838592291e+07
2.157687390256625414e+07
2.157174239849891141e+07
2.156679768315015733e+07
2.156214464662005752e+07
2.155783075292434543e+07
2.155377224059703201e+07
2.154990768234266341e+07
2.154629838305201381e+07
2.154301896445215493e+07
2.154003947228306904e+07
2.153728561579515040e+07
2.153474974384557456e+07
2.153246377823920548e+07
2.153040247919024155e+07
2.152849188146700710e+07
2.152669675800729543e+07
2.152503157917977870e+07
2.152349052474524081e+07
2.152202906140858680e+07
2.152062082971040532e+07
2.151928021895884722e+07
2.151801669319837913e+07
2.151681037434460223e+07
2.151564708358609676e+07
2.151454024152943119e+07
2.151350128706549108e+07
2.151251793417551368e+07
2.151157684078035504e+07
2.151068231369932741e+07
2.150983795568321645e+07
2.150903111836934090e+07
2.150824888250065595e+07
2.150749192410952225e+07
2.150676174016134068e+07
2.150604981124338508e+07
2.150534889821514487e+07
2.150466178501691669e+07
2.150399135798923671e+07
2.150333363532466441e+07
2.150268617449356616e+07
2.150205287718056887e+07
2.150143615225481614e+07
2.150083321436356381e+07
2.150024266947359592e+07
2.149966671926713735e+07
2.149910541211997718e+07
2.149855564989532530e+07
2.149801630397416651e+07
2.149748852915924788e+07
2.149697163827570528e+07
2.149646361416195333e+07
2.149596452098615468e+07
2.149547550549864024e+07
2.149499612479813769e+07
2.149452562607864290e+07
2.149406482192093879e+07
2.149361453065740317e+07
2.149317423998780549e+07
2.149274360359954834e+07
2.149232315032193810e+07
2.149191286253138632e+07
2.149151196264570206e+07
2.149112019766813889e+07
2.149073774296318740e+07
2.149036421751975268e+07
2.148999907367226481e+07
2.148964232696529478e+07
2.148929403371562064e+07
2.148895384309411794e+07
2.148862155734452605e+07
2.148829730982027948e+07
2.148798101821898669e+07
2.148767238577037305e+07
2.148737132847788185e+07
2.148707781623433530e+07
2.148679157601288334e+07
2.148651234056326002e+07
2.148624002125812694e+07
2.148597445527048409e+07
2.148571536962378025e+07
2.148546261196102947e+07
2.148521609622839093e+07
2.148497563706273958e+07
2.148474106194216013e+07
2.148451229910464212e+07
2.148428924160613865e+07
2.148407172296403348e+07
2.148385963123262301e+07
2.148365287416303903e+07
2.148345129947561771e+07
2.148325476186742634e+07
2.148306316248736903e+07
2.148287637940306962e+07
2.148269427028991282e+07
2.148251673019239679e+07
2.148234366287320852e+07
2.148217494828656316e+07
2.148201048278608918e+07
2.148185018518688902e+07
2.148169395842194557e+07
2.148154170108653605e+07
2.148139333018928394e+07
2.148124875812462717e+07
2.148110788607672974e+07
2.148097062746011093e+07
2.148083690176180005e+07
2.148070661935767531e+07
2.148057969532199949e+07
2.148045605443158746e+07
2.148033561738112569e+07
2.148021830502061546e+07
2.148010404740680754e+07
2.147999277460551262e+07
2.147988441371647269e+07
2.147977889711490646e+07
2.147967615916240960e+07
2.147957613118248433e+07
2.147947874741461501e+07
2.147938394574546814e+07
2.147929166251829639e+07
2.147920183520868421e+07
2.147911440498104692e+07
2.147902931295851618e+07
2.147894650073968619e+07
2.147886591327140480e+07
2.147878749646920338e+07
2.147871119614589587e+07
2.147863696030475572e+07
2.147856473819292337e+07
2.147849447897414491e+07
2.147842613347086310e+07
2.147835965412490815e+07
2.147829499359941110e+07
2.147823210573392361e+07
2.147817094596938789e+07
2.147811147027869523e+07
2.147805363564663380e+07
2.147799740063264593e+07
2.147794272450984269e+07
2.147788956729185581e+07
2.147783789025594294e+07
2.147778765541686863e+07
2.147773882544623315e+07
2.147769136415675282e+07
2.147764523618227243e+07
2.147760040677444637e+07
2.147755684215728939e+07
2.147751450937502831e+07
2.147747337610808387e+07
2.147743341094285995e+07
2.147739458329024166e+07
2.147735686317282543e+07
2.147732022138166800e+07
2.147728462945085019e+07
2.147725005950162560e+07
2.147721648436391726e+07
2.147718387758062780e+07
2.147715221326780319e+07
2.147712146617948264e+07
2.147709161172457784e+07
2.147706262587028742e+07
2.147703448519095778e+07
2.147700716688427329e+07
2.147698064868243039e+07
2.147695490886799991e+07
2.147692992628527433e+07
2.147690568027891964e+07
2.147688215070937946e+07
2.147685931796345487e+07
2.147683716290169954e+07
2.147681566686075926e+07
2.147679481165979803e+07
2.147677457956455275e+07
2.147675495329178870e+07
2.147673591601251066e+07
2.147671745131865144e+07
2.147669954321932048e+07
2.147668217613966763e+07
2.147666533489697427e+07
2.147664900469984114e+07
2.147663317114578933e+07
2.147661782019955665e+07
2.147660293818889931e+07
2.147658851180043072e+07
2.147657452806397900e+07
2.147656097435038537e+07
2.147654783836611360e+07
2.147653510813820362e+07
2.147652277200958878e+07
2.147651081863263622e+07
2.147649923695787042e+07
2.147648801623055339e+07
2.147647714598395675e+07
2.147646661602868512e+07
2.147645641644825786e+07
2.147644653759245202e+07
2.147643697006930411e+07
2.147642770474139974e+07
2.147641873271904886e+07
2.147641004535252601e+07
2.147640163422762603e+07
2.147639349115920812e+07
2.147638560818513110e+07
2.147637797756212205e+07
2.147637059175946191e+07
2.147636344345318526e+07
2.147635652552167326e+07
2.147634983104004711e+07
2.147634335327543318e+07
2.147633708568276465e+07
2.147633102189931273e+07
2.147632515574007854e+07
2.147631948119354248e+07
2.147631399241684005e+07
2.147630868373180181e+07
2.147630354962082580e+07
2.147629858472232521e+07
2.147629378382687271e+07
2.147628914187326282e+07
2.147628465394457430e+07
2.147628031526466459e+07
2.147627612119442597e+07
2.147627206722804159e+07
2.147626814898959920e+07
2.147626436222962290e+07
2.147626070282173902e+07
2.147625716675956547e+07
2.147625375015337765e+07
2.147625044922699034e+07
2.147624726031479985e+07
2.147624417985875905e+07
2.147624120440556854e+07
2.147623833060387895e+07
2.147623555520144850e+07
2.147623287504252046e+07
2.147623028706516325e+07
2.147622778829873353e+07
2.147622537586142123e+07
2.147622304695780203e+07
2.147622079887641221e+07
2.147621862898749858e+07
2.147621653474070132e+07
