1.100460352402395600e+16
9.846557277812452000e+15
1.017570005040641400e+16
9.463338862045696000e+15
1.197757527685506600e+16
1.140108117749752000e+16
9.239452419383782000e+15
1.001248874844066200e+16
9.803637243718664000e+15
1.390224159353592800e+16
1.116170324296200200e+16
9.437824613571294000e+15
1.070689077181007000e+16
1.087511485406317400e+16
9.499473049145642000e+15
9.961353900904196000e+15
1.036250257279307200e+16
1.202064410634729000e+16
9.742181754172872000e+15
8.950335501293454000e+15
8.409701878170977000e+15
9.208985698742550000e+15
1.026430989458930400e+16
8.816128806395228000e+15
9.785759947280146000e+15
8.713850075265849000e+15
8.383214098584187000e+15
9.633843663914108000e+15
9.000938927087627000e+15
8.355975719055967000e+15
9.405505795247278000e+15
8.106507873106086000e+15
8.065164307818784000e+15
7.804262120311668000e+15
6.626742973420949000e+15
8.091437125361874000e+15
7.558769638653390000e+15
9.334913061001394000e+15
8.002097754624717000e+15
8.889563318306128000e+15
8.204453072707201000e+15
8.406827199788458000e+15
9.290264701273454000e+15
6.726154196470531000e+15
7.775941666019241000e+15
8.139990257028365000e+15
7.516243076459665000e+15
7.037165183678896000e+15
8.549361326438156000e+15
6.117031225716141000e+15
6.757375480010598000e+15
8.635580861652968000e+15
6.528334259190335000e+15
7.340217903572586000e+15
7.807469441260785000e+15
6.576769265581790000e+15
7.767211227436922000e+15
6.760108952475894000e+15
6.850136076248149000e+15
6.670762618808215000e+15
6.889599615895225000e+15
8.366890139630846000e+15
5.684284963499862000e+15
6.894908388514925000e+15
7.097623657380214000e+15
5.689243123223071000e+15
5.028360040239507000e+15
6.812884645998990000e+15
6.453045424132813000e+15
6.019554075015554000e+15
5.643310004621305000e+15
6.061399673235874000e+15
7.145896277752360000e+15
6.284764343518437000e+15
6.186315143917793000e+15
6.157721911079289000e+15
6.017304787629978000e+15
6.191936364017667000e+15
5.992330583784227000e+15
4.565642275549936000e+15
6.933080036343484000e+15
6.803038967614383000e+15
6.510833928207605000e+15
5.061871274815194000e+15
6.293312407798339000e+15
5.885060686209746000e+15
6.127524515349491000e+15
7.163261444519454000e+15
5.563281022632003000e+15
6.104848941053142000e+15
6.729637171503826000e+15
7.392319602305919000e+15
5.293004594368654000e+15
6.411381438919153000e+15
5.965378976041468000e+15
5.888854815768435000e+15
6.848077384754243000e+15
5.577434732019555000e+15
6.190431240299740000e+15
5.264397791843874000e+15
4.673180754984304000e+15
5.049676196311234000e+15
6.243879197071700000e+15
6.094403434214061000e+15
5.701762138022755000e+15
4.486462760651770500e+15
5.555117100725912000e+15
5.777543285525876000e+15
4.739066078201085000e+15
5.493903650009390000e+15
6.247017484093536000e+15
6.054314838082023000e+15
5.420478707684696000e+15
4.766249353196780000e+15
5.053649408918071000e+15
5.990976891278870000e+15
4.437855587997795500e+15
5.901953236035993000e+15
6.332093271722036000e+15
5.536871003103618000e+15
5.113106636393114000e+15
6.948546631060776000e+15
5.949122465123648000e+15
5.179379943205218000e+15
4.757098841844568000e+15
4.826167155059356000e+15
5.704306198911651000e+15
6.276153600317818000e+15
5.811858161773056000e+15
5.075204290063740000e+15
5.624848827526007000e+15
5.023094719691289000e+15
6.520498801472446000e+15
6.125676102091736000e+15
4.599489661849611000e+15
5.721508053556773000e+15
4.874054860973821000e+15
4.366426575243519500e+15
4.999449233856202000e+15
4.984719126345871000e+15
6.088554432282410000e+15
5.335185055367590000e+15
5.419397899208123000e+15
4.860400636915636000e+15
3.974519805525357500e+15
5.043561238250655000e+15
5.148276318408988000e+15
4.124015406739984000e+15
5.139907667334930000e+15
5.480923598227388000e+15
4.677070609977053000e+15
4.500705463716581500e+15
4.704672949321460000e+15
5.507454436432705000e+15
4.770801724720119000e+15
5.468771550343853000e+15
4.619632836522724000e+15
5.335091509735260000e+15
5.018813862666963000e+15
4.742323251712862000e+15
4.475958280393291500e+15
4.607046641901273000e+15
4.653916884806657000e+15
5.311700019963262000e+15
5.516041952586548000e+15
4.968317012049984000e+15
4.227258484800119000e+15
4.424820169296795000e+15
4.919708629238645000e+15
4.761019404633742000e+15
4.632079791142705000e+15
4.493852945332434500e+15
4.725396086784198000e+15
6.592903378864576000e+15
3.893617948058031000e+15
5.941085975395999000e+15
5.106411486215724000e+15
3.948769525123273500e+15
5.120810526415877000e+15
4.455736507042171000e+15
4.897287400770440000e+15
4.708077768240188000e+15
4.320291946113401500e+15
4.897057578721106000e+15
4.228521490703132000e+15
4.421311506132170000e+15
4.884197614465776000e+15
4.878615585359644000e+15
5.010592713441463000e+15
4.369677125968656500e+15
5.188953688243989000e+15
4.356077075314033500e+15
5.401877961018416000e+15
5.047491574568697000e+15
4.266688418560622500e+15
5.423310700285407000e+15
5.658892077805139000e+15
5.326001201700977000e+15
5.060369978697348000e+15
4.330033251221915000e+15
4.954732468417814000e+15
4.851847085089388000e+15
4.608575682524968000e+15
5.351689109835343000e+15
5.037409074159353000e+15
4.685134972884352000e+15
4.753745847090441000e+15
3.957277640911770000e+15
4.875414814978448000e+15
4.041522877157987500e+15
5.225511086069676000e+15
5.088310745323042000e+15
5.237771379419784000e+15
3.730220081391190500e+15
3.842890598905835500e+15
4.539149217047791000e+15
3.793491809550648500e+15
4.289180621167593000e+15
4.844769445711937000e+15
5.219615048614385000e+15
4.905668043804248000e+15
4.127173024250989500e+15
3.617765634782031500e+15
3.650340523554551000e+15
4.518477620059143000e+15
4.760193388361497000e+15
4.215557381316218500e+15
5.074694004282663000e+15
3.535643652555595500e+15
4.045016094093481500e+15
3.697421827081433500e+15
4.085332577912958500e+15
4.682980132352646000e+15
4.330056099902749000e+15
4.393141049153547000e+15
4.094205397412447500e+15
4.234106140954754500e+15
5.179041608250675000e+15
3.612678754382417000e+15
4.510601984144538000e+15
4.146995034882803000e+15
3.828216240059558000e+15
4.188569206369015000e+15
4.056509079939237000e+15
3.592122411756827000e+15
4.334268044339454000e+15
3.805676065254145000e+15
3.813303153925311000e+15
4.071161629371895500e+15
4.548590779869110000e+15
4.187811401020317000e+15
4.081667916106231500e+15
4.120876046298122000e+15
4.242468743256726000e+15
4.554438764516773000e+15
4.111760800786379000e+15
3.593333748182912000e+15
5.091811879883489000e+15
3.764494785168245500e+15
4.063189677412082500e+15
3.849211149792025500e+15
3.797668118931219000e+15
4.233980909052329000e+15
4.643043303472553000e+15
3.591327177947865500e+15
5.149302719223574000e+15
4.195030445323723000e+15
4.469840006007141500e+15
3.479190792283475000e+15
4.801595782016575000e+15
3.671968282631225000e+15
3.526874354221516000e+15
4.272663540158474000e+15
4.570826374564599000e+15
4.017436619912397000e+15
3.614157889628080500e+15
4.253251197787324000e+15
4.403700694876280500e+15
3.923535235522872500e+15
4.208696384645721500e+15
4.505084188762861000e+15
4.342957861053885500e+15
4.128773835652331000e+15
3.845323774640549500e+15
3.745086376992222500e+15
3.969122242809431000e+15
3.616413027236000000e+15
3.804146891483812000e+15
3.570508364280845500e+15
3.960041545929184000e+15
4.824428410232944000e+15
4.010449541084168000e+15
3.399393994382211500e+15
3.213465829454290000e+15
3.640346783140262000e+15
3.568214076074578500e+15
4.148044821888023500e+15
3.642697671164686500e+15
3.928274375713208000e+15
3.814346768238905500e+15
3.744190060701505000e+15
4.053573703136614000e+15
4.769891153992147000e+15
3.605942062616037000e+15
3.720991814988550500e+15
3.949119487286378000e+15
3.216782318251931500e+15
3.039075916739908000e+15
3.495098822898193000e+15
4.313152425083870000e+15
3.305153407829374000e+15
4.044551123694634000e+15
3.327852444851569000e+15
3.506299417146627500e+15
3.945129436144599000e+15
4.396192698884008500e+15
3.848413363712456000e+15
4.196564723230948000e+15
3.509228578737645000e+15
3.291361669712770500e+15
3.393388970904397500e+15
3.898191553128508500e+15
4.102979579416424500e+15
3.824742328857510000e+15
4.169239086538347500e+15
3.465199720323765000e+15
4.457057334931171000e+15
4.738576981996170000e+15
4.121316234916956000e+15
3.455492824268447000e+15
3.329173019636010500e+15
3.533938347505687000e+15
4.578605565660310000e+15
3.486702099028929000e+15
3.463684091179708500e+15
4.606005960452477000e+15
3.923883575930524500e+15
4.350226907081002000e+15
3.804490664565749500e+15
3.848543734509732500e+15
4.105952248627966500e+15
3.693885843129179000e+15
4.221735718377803500e+15
3.851616746132677500e+15
3.259570476661942500e+15
4.716373421728595000e+15
4.267113497483056500e+15
4.635252545110103000e+15
3.798151994314704000e+15
3.515564606691564000e+15
3.612160822606111500e+15
3.503664173684558500e+15
3.025457919346457500e+15
4.803310111999508000e+15
3.660846444808012000e+15
3.696844449193148000e+15
4.299691854252982500e+15
3.995993686050638500e+15
3.570568044589161000e+15
3.676212373485007000e+15
3.511395494459662500e+15
3.521410645801516500e+15
3.679845308565700000e+15
3.487087794316338500e+15
2.886230023679623000e+15
3.409556523855682500e+15
3.519347850955027500e+15
3.125104425551829000e+15
3.941663503819090500e+15
3.588060081596350000e+15
3.669068182481818500e+15
3.804286670747094500e+15
3.477553948188350500e+15
3.842186414755123000e+15
3.521559324051749000e+15
3.295593234815796500e+15
3.474132268069034000e+15
3.488629041806398000e+15
3.256135989527349500e+15
4.070965365299875500e+15
2.960797927394464500e+15
3.328627704694898500e+15
3.413647865583324500e+15
3.322256226903624500e+15
3.252467356853396000e+15
3.995290354221937000e+15
3.488331104931714000e+15
3.545563526535983000e+15
3.929121637224926000e+15
3.926292287617574000e+15
3.329224853006222500e+15
3.304627915881868000e+15
2.705419859226986000e+15
3.900235546568391000e+15
3.023901949989081500e+15
3.827595737249203500e+15
3.080330226362122500e+15
3.316467991953006000e+15
3.173463474535466500e+15
3.275926127891764500e+15
3.181542490658135500e+15
3.041808531710515000e+15
3.313150835668210000e+15
2.939585566679008000e+15
2.831077648414495500e+15
3.646126714727464500e+15
3.853686205467525500e+15
3.848206611692153000e+15
3.097971885847023000e+15
3.343467598423395000e+15
3.719002299746200500e+15
3.465307792734009500e+15
3.218328689752387500e+15
3.123344685346161000e+15
3.512120183605707500e+15
3.455091968957442000e+15
3.216761652680123000e+15
3.412534655928720500e+15
3.425865571795891500e+15
3.153442108867110000e+15
2.447692451132702500e+15
3.589466077730029000e+15
3.277508968898623000e+15
3.308036437575210000e+15
3.364542679157380000e+15
3.104396572849005500e+15
3.058474292869222500e+15
3.100903775294704500e+15
3.883329485612802000e+15
3.563206778035825500e+15
3.233697742435767500e+15
3.147918066497156000e+15
3.337498095046671000e+15
3.626629940216325000e+15
2.913017431502167000e+15
3.343596845902207000e+15
3.425289893273951000e+15
2.663409525385383500e+15
3.121284697470374500e+15
3.644579730862106500e+15
3.393831634575759500e+15
2.650791162311426500e+15
3.329578903286593000e+15
2.418236274045466500e+15
4.041325487066091000e+15
3.445423595502604000e+15
3.892446631990207500e+15
3.393663257109026500e+15
3.365992302850921000e+15
3.567555696798308000e+15
3.357563814653880000e+15
3.057289343813807000e+15
3.270190710647700500e+15
3.139298695304429500e+15
3.816610330879362500e+15
3.071476311353535500e+15
3.290203192741798500e+15
2.634453574687063500e+15
3.246353285406328000e+15
3.240476973799607500e+15
2.795576542456216000e+15
2.732425568401419000e+15
3.030123604556485500e+15
3.062700455745786000e+15
3.203913400684643500e+15
2.730417120100839500e+15
2.789438087061909000e+15
2.903947284743240000e+15
3.327240268046712500e+15
2.918994290574864000e+15
3.172785033983875500e+15
2.566309889419558500e+15
3.201267554753238500e+15
3.635263030945518000e+15
2.611464255402791500e+15
3.382205735262551000e+15
3.715286926318356000e+15
2.907675604462612000e+15
2.929130833565513500e+15
3.431787985015597000e+15
3.243758062911690500e+15
2.635335100169524500e+15
2.882833452999234500e+15
2.994943410955360000e+15
2.880065157800744000e+15
3.300303869878046000e+15
3.189084267717077500e+15
3.238724817835446500e+15
2.378068588785905000e+15
2.829991630016795500e+15
2.866783345238854000e+15
3.020222325355937500e+15
2.796441124130580000e+15
3.106420477359221000e+15
3.116052948410118000e+15
2.975720449416836500e+15
2.862141937909694500e+15
3.414517791950215000e+15
2.940932245579629000e+15
2.467852642025334000e+15
