2.815963163760052800e+16
2.809120519257311600e+16
2.705170416528421200e+16
2.679164759447566400e+16
2.617997380327159600e+16
2.562896372549536000e+16
2.432443267183220800e+16
2.525551972541257600e+16
2.456746310709815600e+16
2.389871469365055600e+16
2.367654359968347600e+16
2.279246355831119600e+16
2.139127892355653200e+16
2.234048277475701200e+16
2.095036053323952000e+16
2.041000123769771200e+16
1.929833201733814400e+16
1.891495033465205200e+16
1.835937254585619200e+16
1.823609596480936400e+16
1.712679511735575600e+16
1.718417485376736000e+16
1.590689014175971200e+16
1.550030972589768400e+16
1.439339378291294200e+16
1.354304205338259400e+16
1.410316699042153400e+16
1.332227354378683000e+16
1.227002652685644800e+16
1.157852275703815400e+16
1.121752116766724200e+16
1.042934162412902600e+16
8.877272217012017000e+15
9.551927868732164000e+15
8.330437870130535000e+15
8.171956677886331000e+15
8.246260954882937000e+15
7.249094792953345000e+15
6.960765399826052000e+15
6.273867362115822000e+15
5.998234781573637000e+15
5.878855427913103000e+15
5.560139607814904000e+15
4.427916064272212000e+15
5.430160970908912000e+15
4.779172889414561000e+15
4.157317196997576000e+15
3.955948106740526500e+15
3.642786008952426500e+15
3.764554649248442000e+15
2.811665835853657500e+15
2.828781830656330500e+15
2.709593557705170500e+15
2.849156382525819500e+15
2.912712074234148500e+15
1.945390862443883250e+15
2.144133818053899500e+15
2.422960780850143500e+15
2.245768628927644250e+15
1.861553875787313250e+15
1.889818743087957750e+15
2.203002476106280000e+15
1.504406389909960000e+15
1.626633125681716750e+15
1.581494192818802250e+15
1.586860395776621500e+15
1.462081490168279000e+15
1.593203212137709500e+15
1.347933650345736500e+15
1.430451237061955500e+15
1.434892634273301250e+15
1.426557074622667750e+15
1.432720640492365750e+15
1.701770376415020250e+15
1.329618622770947000e+15
1.252145521744344000e+15
1.244619488406241250e+15
1.658965526722193250e+15
1.430921655198512000e+15
1.530631459557279750e+15
1.373904210878207750e+15
1.398619545158825000e+15
1.521440323392539250e+15
1.311186619692321750e+15
1.348196843387515750e+15
1.230232266140619500e+15
1.219550057501327750e+15
1.269662207391548250e+15
1.112968198916241500e+15
1.485797885279043500e+15
1.236893812723654000e+15
1.108823166213916250e+15
1.384485485287667750e+15
1.276926583544552250e+15
1.249137829636775250e+15
1.155165943389642500e+15
1.366840460809053500e+15
1.303952105736394250e+15
1.244910272419214250e+15
1.275566663662626250e+15
1.023620751259990625e+15
1.096971386193720375e+15
1.204021048095401750e+15
8.648184684470833750e+14
9.240549910955703750e+14
1.168758454292396250e+15
1.224588025917965750e+15
1.131295610356375500e+15
1.289056287015337750e+15
9.380905351354030000e+14
8.777767983616053750e+14
1.390189367922121500e+15
1.194467349796779250e+15
9.677566483446187500e+14
1.080402783146916000e+15
1.000785486777295750e+15
9.327994420416121250e+14
1.025367198871247875e+15
9.433594374642232500e+14
1.137224178628793500e+15
9.129485911149680000e+14
1.183257471578501750e+15
8.939404258441407500e+14
8.054357097733000000e+14
9.642342973936682500e+14
1.084456868994126375e+15
1.039035569386700375e+15
7.974390579313240000e+14
9.095693144294657500e+14
8.262707083773698750e+14
9.392773680395945000e+14
9.451656470508488750e+14
1.017295718739830000e+15
1.084247403486595250e+15
9.960806113222021250e+14
1.048406922064097250e+15
1.086817610078561000e+15
9.217908723286260000e+14
9.773199800465581250e+14
1.160083596128851500e+15
9.345220457509676250e+14
9.476437015964397500e+14
8.396994372486706250e+14
1.067988212272121875e+15
8.503650612660157500e+14
9.215498687258047500e+14
9.263789693588272500e+14
7.657804083415263750e+14
7.189998226941686250e+14
8.673288830639875000e+14
8.502402685518012500e+14
9.393284159779970000e+14
1.072921726560417000e+15
9.144880619885972500e+14
8.129050359031075000e+14
7.407271961370126250e+14
8.991535518806996250e+14
7.126460278586502500e+14
9.438864974573805000e+14
8.310130098414920000e+14
8.432417333479901250e+14
8.452332643408937500e+14
8.278135476055927500e+14
6.804338132898671250e+14
7.360354510164642500e+14
8.088642382224782500e+14
6.408453200663661250e+14
8.140324479598290000e+14
7.598654710664375000e+14
1.055828346352851125e+15
8.750652892576577500e+14
8.144363061246270000e+14
8.242879731137982500e+14
8.148295091056438750e+14
7.055174111715615000e+14
6.730899200127188750e+14
6.900075717500211250e+14
7.825366806622293750e+14
5.264269939598549375e+14
6.777529077590470000e+14
8.645575236457592500e+14
8.087169870358996250e+14
8.012988439165672500e+14
7.488979047427015000e+14
8.787246666657610000e+14
7.088056818301911250e+14
6.475090825313622500e+14
6.728532061550656250e+14
7.396383021774211250e+14
8.367756764601190000e+14
8.212071864450872500e+14
6.846747375409245000e+14
7.486481165876662500e+14
8.136747044479535000e+14
7.155387651130331250e+14
6.918879085831845000e+14
6.958513513058400000e+14
7.568681179547251250e+14
7.558474957237526250e+14
7.296580869023158750e+14
7.089012121170120000e+14
8.002957500919428750e+14
6.576294773297206250e+14
6.992898462894810000e+14
7.548733677729801250e+14
7.496471096859528750e+14
5.855145474511656250e+14
6.482123222755085000e+14
7.122362224844720000e+14
7.214692407693248750e+14
5.597525849958218125e+14
6.729231021641015000e+14
6.500632658624418750e+14
5.281239983473979375e+14
4.342178546149219375e+14
7.473006108626715000e+14
6.577675330940233750e+14
4.344603430538948125e+14
6.491736934903523750e+14
5.704692796457657500e+14
6.489923802622228750e+14
6.371170792853436250e+14
5.450737711537286250e+14
6.644212757100441250e+14
6.661080655404328750e+14
6.093243153554281250e+14
7.229974507591958750e+14
5.948535484927301250e+14
6.088918594439956250e+14
5.221464809704117500e+14
6.840605568643786250e+14
6.570798169414725000e+14
6.348664705653880000e+14
5.686924409743135000e+14
6.296985506584116250e+14
7.171828781834161250e+14
5.477762931965222500e+14
4.731776377631109375e+14
6.228209618277517500e+14
5.935073508803453750e+14
5.857998012528145000e+14
6.797331511428126250e+14
5.378830481338756250e+14
5.083968524720269375e+14
7.130194528238771250e+14
6.049515809959202500e+14
5.693906063620751250e+14
6.040243504289505000e+14
6.179569710352635000e+14
6.839979147558830000e+14
5.393153142986915000e+14
6.308355771800227500e+14
6.790833432969191250e+14
5.764589294539110000e+14
6.209488924855812500e+14
5.126634000756940625e+14
4.849187977331086250e+14
5.175040252444058750e+14
6.125647085154276250e+14
4.748453286681738125e+14
5.124196974394603750e+14
5.716515644495072500e+14
5.301166347937212500e+14
5.669833425787155000e+14
6.048887387408910000e+14
4.393398659407750000e+14
4.631706228250471875e+14
5.483176491830983125e+14
6.225286742931646250e+14
5.176367360953632500e+14
4.939454062197563750e+14
5.247115354122323125e+14
5.385464955207476875e+14
6.074678008347012500e+14
5.291042574029714375e+14
5.371530031035671250e+14
5.967410712691393750e+14
4.981566692742151875e+14
3.909442732369730625e+14
5.822610357918407500e+14
4.448109562031978750e+14
4.625131185737441875e+14
6.134481227482905000e+14
5.511115729516404375e+14
5.224249306418470625e+14
4.882250021375261250e+14
3.436780024812023750e+14
3.509197057348990625e+14
5.432177718424761250e+14
5.346361721088311250e+14
4.545963281901561250e+14
4.843567922804644375e+14
6.075760003344491250e+14
4.473978370855375625e+14
3.469538542366595000e+14
4.066655405638841875e+14
6.017618790424257500e+14
4.804375666347035625e+14
4.333395619073680000e+14
4.651226832881985000e+14
4.493020212656395625e+14
5.687139941844068750e+14
4.970400199499725625e+14
4.269745499781831875e+14
4.621422740901518125e+14
5.517975069925283750e+14
4.727549323562576250e+14
3.919347142766183125e+14
4.266313092259926875e+14
5.279035526238840625e+14
3.895476037310618125e+14
4.880259496525558125e+14
4.197754131902786250e+14
5.427279520795976875e+14
4.162281961615130625e+14
5.068468076570056875e+14
4.323608536087546875e+14
5.129980091002988750e+14
5.560192577634589375e+14
4.441486736411055000e+14
4.042847856544100625e+14
4.861349181464085625e+14
4.374819039220031250e+14
3.915466370464215000e+14
4.884561487584648750e+14
4.185019867068815000e+14
4.981365696016020625e+14
4.543574121266379375e+14
4.567959806986140625e+14
4.495554776573663125e+14
4.122287597205018750e+14
4.170536937712105625e+14
4.503359894409608750e+14
3.676840197165132500e+14
4.409897804639893750e+14
4.625770221739432500e+14
4.718785068141564375e+14
3.589132685317536875e+14
4.588566967187564375e+14
3.509399226487282500e+14
4.197902804438043125e+14
3.728931033796662500e+14
3.327221730627248750e+14
3.617354762315305000e+14
3.839911115781841875e+14
4.186267769743283125e+14
3.934682908407722500e+14
4.659491819632205000e+14
3.295291145803708125e+14
4.920374790587443750e+14
4.220376018364681875e+14
4.195790626301987500e+14
3.584426705609269375e+14
4.261607582609066250e+14
3.165975541373845000e+14
4.073190175346540000e+14
3.550555760135233750e+14
4.313264434458915000e+14
3.463426462120998125e+14
3.486199013725581250e+14
3.735106013948876875e+14
3.292760902230988125e+14
3.856628766119921250e+14
4.675464722346305625e+14
4.055285138266343125e+14
3.683468771312116875e+14
3.519380453622836250e+14
3.740337335133017500e+14
2.730085995091615938e+14
4.236564928694839375e+14
4.979471367915983750e+14
4.124832872241635000e+14
3.822240462180142500e+14
4.261566323439927500e+14
3.922536510364309375e+14
3.680496229121238750e+14
3.749924616663276250e+14
4.375073245548488750e+14
2.949802725078387500e+14
4.271999547202736250e+14
3.488971826867360000e+14
3.336616109187011875e+14
4.538516925458767500e+14
2.992435158481630625e+14
2.331178893759642188e+14
4.025609428705264375e+14
4.016559875576229375e+14
3.925960473014878125e+14
4.107239285089086250e+14
3.914185087987859375e+14
3.659705043910606875e+14
2.949902247018331250e+14
3.993771898050361875e+14
3.827509433392857500e+14
3.846056990661340000e+14
3.342986542709868125e+14
3.566633083470820625e+14
4.267478786640995000e+14
3.451442367813900625e+14
3.557529381134805625e+14
3.090742741078600000e+14
3.154078541740064375e+14
3.015153708835282500e+14
3.179670514653970000e+14
3.631490927289934375e+14
3.516381246776755000e+14
3.963497163776105000e+14
2.984927146212588750e+14
3.675300787574459375e+14
3.524131199809215625e+14
3.535742543663838125e+14
3.331245375559932500e+14
3.356506304005053750e+14
3.470340800034957500e+14
3.112587081450345000e+14
3.574156570983875625e+14
3.089193581059460625e+14
3.168379545276917500e+14
3.405884343541448125e+14
3.183647034581355625e+14
3.185140540986333750e+14
3.997915598690304375e+14
2.906885615437026250e+14
3.443687958351195625e+14
3.819778443471360625e+14
2.569979267407964375e+14
2.809941379697845312e+14
3.466523604646748125e+14
2.625747130249372188e+14
3.655773174623895000e+14
3.089463606313103750e+14
2.536763127960705938e+14
2.997948960247977500e+14
2.296819596155050938e+14
3.646784339452683750e+14
3.251883460063033750e+14
3.333034708185876250e+14
3.466393890744499375e+14
3.012320882502700000e+14
3.362492777685123750e+14
3.353374857303403750e+14
2.782985767882658438e+14
2.668715503715207500e+14
2.976401519921634375e+14
2.931363648761070625e+14
3.009913731852505000e+14
3.115901826798008750e+14
3.768609663289257500e+14
2.835706428641476875e+14
3.008631099727988750e+14
2.711481595650851875e+14
2.833265018450695000e+14
2.848665247111504375e+14
3.344464058172321875e+14
2.848370384946636250e+14
3.156944877999748125e+14
2.998060258857495000e+14
3.176074825902439375e+14
2.831919571584908125e+14
3.433198032391731875e+14
3.061875497465805625e+14
3.004000218934157500e+14
2.609080531895274375e+14
2.965631280861026875e+14
3.457318472121860000e+14
3.006589454894273125e+14
3.236235591229582500e+14
2.982070489704394375e+14
2.832288037772151250e+14
2.581675742033727812e+14
2.642840552706955938e+14
3.138857309922421250e+14
2.951835256348434375e+14
2.348951506847523438e+14
2.556120724298413750e+14
3.059836385241416875e+14
2.953069546318603125e+14
2.707952581521147188e+14
2.562590056041098438e+14
2.343094164571567188e+14
2.484061017181639375e+14
2.962138460033636250e+14
3.071154573650339375e+14
3.349648820934260000e+14
3.052152603150827500e+14
2.787904312267356875e+14
2.855725956556283125e+14
2.912651048674076875e+14
2.807528055663382188e+14
2.212545720993595625e+14
2.828613228108215625e+14
1.900872733322678438e+14
2.090243328940710625e+14
2.974224675756446875e+14
2.969779580411027500e+14
2.745772852407801875e+14
2.609117898976446562e+14
3.033539960438698125e+14
2.674016950930915000e+14
2.003769593199575625e+14
