1.322259812223138213e+08
1.199312992817796767e+08
1.083121146510862261e+08
9.739723394063055515e+07
8.721298509993574023e+07
7.778255912870278955e+07
7.008832087352946401e+07
6.306814099843106419e+07
5.665082680509828776e+07
5.084167029660829157e+07
4.564195247208717465e+07
4.104817774770222604e+07
3.705141639105769992e+07
3.363675490659825504e+07
3.078288039752436802e+07
2.846184038874812424e+07
2.663902797354512662e+07
2.527344341689502448e+07
2.431827615978168324e+07
2.372183394786521047e+07
2.342881841233180091e+07
2.338191005442117155e+07
2.352358499435150623e+07
2.379804758093305677e+07
2.415313539169475809e+07
2.454204356750141084e+07
2.492472781235554069e+07
2.526887867316924036e+07
2.555040775738452375e+07
2.575343996714442223e+07
2.586985487937359512e+07
2.589845764893851429e+07
2.584388162098389864e+07
2.571533136363430321e+07
2.552526892902395874e+07
2.528813190063812584e+07
2.501915323106215522e+07
2.473333325289506465e+07
2.444459572022651881e+07
2.416514348306356743e+07
2.390501585089468211e+07
2.367183886614655331e+07
2.347075131936353445e+07
2.330448322678242996e+07
2.317355926825841516e+07
2.307659732009878010e+07
2.301067147761058062e+07
2.297170976212225482e+07
2.295489888563846052e+07
2.295507180320956931e+07
2.296705805805048719e+07
2.298598180561684072e+07
2.300749755293090641e+07
2.302795869684194773e+07
2.304451871182386577e+07
2.305516877290663496e+07
2.305871898743730038e+07
2.305473269652673602e+07
2.304342478672555834e+07
2.302553553784545511e+07
2.300219135253480822e+07
2.297476288921147957e+07
2.294472979388718307e+07
2.291355954389785230e+07
2.288260601876363158e+07
2.285303143174766004e+07
2.282575330861622840e+07
2.280141639111241698e+07
2.278038775860354677e+07
2.276277217071335018e+07
2.274844368458604440e+07
2.273708901859136671e+07
2.272825792210686952e+07
2.272141594730329514e+07
2.271599546048601344e+07
2.271144141596118361e+07
2.270724926986199245e+07
2.270299335347620025e+07
2.269834497435188666e+07
2.269308039503761753e+07
2.268707959293610230e+07
2.268031728671615943e+07
2.267284810053358972e+07
2.266478792169390991e+07
2.265629350251562893e+07
2.264754218938340619e+07
2.263871336771593988e+07
2.262997283274415135e+07
2.262146087567937374e+07
2.261328445342763513e+07
2.260551342211114988e+07
2.259818048709946126e+07
2.259128427290615439e+07
2.258479475394435972e+07
2.257866021204176545e+07
2.257281489183264971e+07
2.256718659811515734e+07
2.256170360371056944e+07
2.255630039418322593e+07
2.255092194881187379e+07
2.254552642872491479e+07
2.254008629901655391e+07
2.253458804122618213e+07
2.252903070885121822e+07
2.252342363843397424e+07
2.251778365259222314e+07
2.251213208250758052e+07
2.250649190147813782e+07
2.250088520530447364e+07
2.249533120731281862e+07
2.248984484345517680e+07
2.248443601317214221e+07
2.247910942034297436e+07
2.247386492990240455e+07
2.246869832207950950e+07
2.246360230850856006e+07
2.245856767192414403e+07
2.245358440176133811e+07
2.244864271879971772e+07
2.244373390956007689e+07
2.243885092189747095e+07
2.243398870376916230e+07
2.242914429463484511e+07
2.242431670121971518e+07
2.241950660510119423e+07
2.241471595825492963e+07
2.240994752455879748e+07
2.240520442117099091e+07
2.240048970498553663e+07
2.239580603759517893e+07
2.239115544898852706e+07
2.238653920710340142e+07
2.238195778863193095e+07
2.237741093707941473e+07
2.237289778758762404e+07
2.236841703464313596e+07
2.236396711835357919e+07
2.235954640707186982e+07
2.235515335816735029e+07
2.235078664397387952e+07
2.234644523566091061e+07
2.234212844331526011e+07
2.233783591534343734e+07
2.233356760402557254e+07
2.232932370645887405e+07
2.232510459118026495e+07
2.232091072055856511e+07
2.231674257781611383e+07
2.231260060557180271e+07
2.230848516041724756e+07
2.230439648556452245e+07
2.230033470131610334e+07
2.229629981122160703e+07
2.229229172044037282e+07
2.228831026208352298e+07
2.228435522714821249e+07
2.228042639400515705e+07
2.227652355413731188e+07
2.227264653180952370e+07
2.226879519642844051e+07
2.226496946739172190e+07
2.226116931211772189e+07
2.225739473861320689e+07
2.225364578433996439e+07
2.224992250327698514e+07
2.224622495297190174e+07
2.224255318308287114e+07
2.223890722649461776e+07
2.223528709361755103e+07
2.223169277001095563e+07
2.222812421706262976e+07
2.222458137514630705e+07
2.222106416848491132e+07
2.221757251087523997e+07
2.221410631146840751e+07
2.221066547992576659e+07
2.220724993045572564e+07
2.220385958444919437e+07
2.220049437164273113e+07
2.219715422992259264e+07
2.219383910402364284e+07
2.219054894346399605e+07
2.218728370008802786e+07
2.218404332557264715e+07
2.218082776919410005e+07
2.217763697606932744e+07
2.217447088599073887e+07
2.217132943288042024e+07
2.216821254480932653e+07
2.216512014446781203e+07
2.216205214993871748e+07
2.215900847561395168e+07
2.215598903310698271e+07
2.215299373204218224e+07
2.215002248064007610e+07
2.214707518606018648e+07
2.214415175450285524e+07
2.214125209110432491e+07
2.213837609968210384e+07
2.213552368239901215e+07
2.213269473941455781e+07
2.212988916858366132e+07
2.212710686524701864e+07
2.212434772213878483e+07
2.212161162941765413e+07
2.211889847481027991e+07
2.211620814384295791e+07
2.211354052012930065e+07
2.211089548567915335e+07
2.210827292119623721e+07
2.210567270633801818e+07
2.210309471991986781e+07
2.210053884005484730e+07
2.209800494422968477e+07
2.209549290932466835e+07
2.209300261159069091e+07
2.209053392659913749e+07
2.208808672918076813e+07
2.208566089336768165e+07
2.208325629234925285e+07
2.208087279844902828e+07
2.207851028312488645e+07
2.207616861699173599e+07
2.207384766986269504e+07
2.207154731080313027e+07
2.206926740819153190e+07
2.206700782978150249e+07
2.206476844276017696e+07
2.206254911380038038e+07
2.206034970910529420e+07
2.205817009444597363e+07
2.205601013519361243e+07
2.205386969634866714e+07
2.205174864256966859e+07
2.204964683820392936e+07
2.204756414732186869e+07
2.204550043375590444e+07
2.204345556114395335e+07
2.204142939297665283e+07
2.203942179264707863e+07
2.203743262350121886e+07
2.203546174888731912e+07
2.203350903220266104e+07
2.203157433693634719e+07
2.202965752670740709e+07
2.202775846529790759e+07
2.202587701668127254e+07
2.202401304504632950e+07
2.202216641481797397e+07
2.202033699067539722e+07
2.201852463756866753e+07
2.201672922073466703e+07
2.201495060571286827e+07
2.201318865836141258e+07
2.201144324487374350e+07
2.200971423179569095e+07
2.200800148604305461e+07
2.200630487491940707e+07
2.200462426613394916e+07
2.200295952781930193e+07
2.200131052854895592e+07
2.199967713735453784e+07
2.199805922374267131e+07
2.199645665771164373e+07
2.199486930976776779e+07
2.199329705094166845e+07
2.199173975280432776e+07
2.199019728748308867e+07
2.198866952767742053e+07
2.198715634667436779e+07
2.198565761836370826e+07
2.198417321725253016e+07
2.198270301847914234e+07
2.198124689782628044e+07
2.197980473173342645e+07
2.197837639730824530e+07
2.197696177233706787e+07
2.197556073529453203e+07
2.197417316535235941e+07
2.197279894238732755e+07
2.197143794698865339e+07
2.197009006046469882e+07
2.196875516484925151e+07
2.196743314290733635e+07
2.196612387814072520e+07
2.196482725479314104e+07
2.196354315785516053e+07
2.196227147306891531e+07
2.196101208693259954e+07
2.195976488670470193e+07
2.195852976040809602e+07
2.195730659683390707e+07
2.195609528554514796e+07
2.195489571688019857e+07
2.195370778195608407e+07
2.195253137267145514e+07
2.195136638170947880e+07
2.195021270254040509e+07
2.194907022942394018e+07
2.194793885741136596e+07
