1.670406997189739048e+08
1.520425944451402426e+08
1.378160486442884803e+08
1.243891528341400474e+08
1.117874755027393848e+08
1.000334910961229354e+08
8.914595490932452679e+07
7.913922967456685007e+07
7.002257289644151926e+07
6.179939956531304121e+07
5.446654189840051532e+07
4.801353617155088484e+07
4.242197621490274370e+07
3.766498307256300002e+07
3.370684948511005938e+07
3.050292450841466337e+07
2.799980533574246243e+07
2.613589786796096712e+07
2.484239200105128810e+07
2.404467086524158344e+07
2.366413550141282380e+07
2.362038086353287473e+07
2.383361154125802964e+07
2.422714445475535840e+07
2.472981979149118811e+07
2.527813757675791904e+07
2.581795825521903113e+07
2.630564884791677818e+07
2.670861405028659105e+07
2.700521365855100751e+07
2.718412365612902120e+07
2.724324049763193354e+07
2.718825291333747655e+07
2.703101315355700254e+07
2.678783305728500709e+07
2.647781407186835632e+07
2.612129882817942277e+07
2.573850875888034701e+07
2.534841007993901521e+07
2.496783069331365079e+07
2.461083382087055966e+07
2.428834051035761088e+07
2.400798235200036690e+07
2.377415751603225246e+07
2.358825730526007712e+07
2.344902662364818156e+07
2.335301996753800660e+07
2.329511465347399563e+07
2.326904488940256089e+07
2.326792379854368418e+07
2.328472535912436247e+07
2.331270408843569085e+07
2.334573674543543532e+07
2.337857700709962845e+07
2.340702034988403320e+07
2.342798218188820034e+07
2.343949701775045693e+07
2.344065018391982093e+07
2.343145601320026442e+07
2.341269776698649675e+07
2.338574469908717647e+07
2.335236089430465549e+07
2.331451896182821691e+07
2.327422953851884604e+07
2.323339506224559247e+07
2.319369360288315639e+07
2.315649586368517578e+07
2.312281594198599458e+07
2.309329419395962358e+07
2.306820868429792300e+07
2.304751028926679119e+07
2.303087560039240122e+07
2.301777135358289629e+07
2.300752416081558168e+07
2.299938979557633027e+07
2.299261710155259445e+07
2.298650266135821491e+07
2.298043357329584658e+07
2.297391693343302608e+07
2.296659580936122686e+07
2.295825253781698644e+07
2.294880101838849857e+07
2.293827027109996602e+07
2.292678186244926602e+07
2.291452389090125263e+07
2.290172408652441949e+07
2.288862426238817722e+07
2.287545790840698406e+07
2.286243219585460424e+07
2.284971511553210765e+07
2.283742795160618052e+07
2.282564283472187445e+07
2.281438474978438020e+07
2.280363711209077761e+07
2.279334987554092705e+07
2.278344909387888759e+07
2.277384690768766031e+07
2.276445105771434307e+07
2.275517320709944516e+07
2.274593556809683144e+07
2.273667555066295341e+07
2.272734836119811982e+07
2.271792766388773918e+07
2.270840456322388351e+07
2.269878526792048290e+07
2.268908785176298767e+07
2.267933853828578070e+07
2.266956790922741592e+07
2.265980737954936922e+07
2.265008620387300476e+07
2.264042919033313543e+07
2.263085520740916580e+07
2.262137648539347947e+07
2.261199864316368103e+07
2.260272131715362146e+07
2.259353923504225165e+07
2.258444356183547154e+07
2.257542334907998145e+07
2.256646693592366204e+07
2.255756317972069234e+07
2.254870242953868210e+07
2.253987719395861030e+07
2.253108249108291417e+07
2.252231590051855892e+07
2.251357736202774197e+07
2.250486878227034956e+07
2.249619351929770410e+07
2.248755581474225223e+07
2.247896023719979078e+07
2.247041118879587948e+07
2.246191251226459816e+07
2.245346721996068954e+07
2.244507735080911592e+07
2.243674394768977910e+07
2.242846713717249036e+07
2.242024628642769158e+07
2.241208020868093520e+07
2.240396738851531595e+07
2.239590620111822337e+07
2.238789510448431969e+07
2.237993278979504108e+07
2.237201828186919540e+07
2.236415098797549680e+07
2.235633069881789014e+07
2.234855754973152280e+07
2.234083195284225419e+07
2.233315451211251691e+07
2.232552593295223266e+07
2.231794693666780740e+07
2.231041818778833002e+07
2.230294023961050808e+07
2.229551350049664825e+07
2.228813822085431963e+07
2.228081449856017530e+07
2.227354229902077839e+07
2.226632148515697196e+07
2.225915185234448686e+07
2.225203316366087273e+07
2.224496518155203015e+07
2.223794769308433309e+07
2.223098052713182569e+07
2.222406356301167235e+07
2.221719673110332713e+07
2.221038000677969307e+07
2.220361339949259162e+07
2.219689693908056989e+07
2.219023066132644191e+07
2.218361459453350306e+07
2.217704874847716838e+07
2.217053310659474134e+07
2.216406762176691741e+07
2.215765221558147296e+07
2.215128678059542179e+07
2.214497118485434353e+07
2.213870527779667825e+07
2.213248889665997401e+07
2.212632187259709463e+07
2.212020403587590158e+07
2.211413521974517405e+07
2.210811526277099550e+07
2.210214400965473056e+07
2.209622131071438640e+07
2.209034702033225447e+07
2.208452099473771825e+07
2.207874308950610459e+07
2.207301315712069720e+07
2.206733104487664998e+07
2.206169659331651032e+07
2.205610963529129699e+07
2.205056999565068260e+07
2.204507749149100855e+07
2.203963193283619732e+07
2.203423312359745800e+07
2.202888086265190691e+07
2.202357494489490241e+07
2.201831516215016693e+07
2.201310130386071652e+07
2.200793315752441436e+07
2.200281050887667388e+07
2.199773314185433090e+07
2.199270083839636296e+07
2.198771337814844400e+07
2.198277053813906759e+07
2.197787209248713404e+07
2.197301781218696386e+07
2.196820746499911323e+07
2.196344081545725092e+07
2.195871762498486415e+07
2.195403765210260451e+07
2.194940065269849449e+07
2.194480638032972440e+07
2.194025458652541041e+07
2.193574502106453478e+07
2.193127743220985681e+07
2.192685156688714400e+07
2.192246717080709338e+07
2.191812398853436857e+07
2.191382176351378113e+07
2.190956023806672543e+07
2.190533915337205678e+07
2.190115824944480881e+07
2.189701726512378827e+07
2.189291593807560951e+07
2.188885400481931865e+07
2.188483120077203959e+07
2.188084726031334698e+07
2.187690191686391085e+07
2.187299490297297388e+07
2.186912595040895790e+07
2.186529479024827480e+07
2.186150115295854956e+07
2.185774476847389340e+07
2.185402536626150832e+07
2.185034267538017035e+07
2.184669642453216016e+07
2.184308634211090952e+07
2.183951215624665096e+07
2.183597359485232458e+07
2.183247038567136973e+07
2.182900225632848591e+07
2.182556893438363820e+07
2.182217014738900959e+07
2.181880562294799089e+07
2.181547508877513558e+07
2.181217827275560796e+07
2.180891490300314128e+07
2.180568470791516826e+07
2.180248741622475535e+07
2.179932275704874098e+07
2.179619045993229002e+07
2.179309025489002466e+07
2.179002187244438007e+07
2.178698504366175830e+07
2.178397950018708408e+07
2.178100497427755594e+07
2.177806119883576035e+07
2.177514790744275600e+07
2.177226483439109847e+07
2.176941171471793205e+07
2.176658828423796967e+07
2.176379427957624197e+07
2.176102943820045143e+07
2.175829349845267087e+07
2.175558619958029687e+07
2.175290728176613152e+07
2.175025648615759984e+07
2.174763355489503592e+07
2.174503823113916069e+07
2.174247025909776241e+07
2.173992938405175135e+07
2.173741535238050297e+07
2.173492791158670932e+07
2.173246681032057106e+07
2.173003179840351641e+07
2.172762262685117871e+07
2.172523904789582640e+07
2.172288081500796229e+07
2.172054768291717768e+07
2.171823940763219446e+07
2.171595574645999819e+07
2.171369645802409574e+07
2.171146130228193849e+07
2.170925004054147750e+07
2.170706243547692895e+07
2.170489825114377961e+07
2.170275725299309194e+07
2.170063920788515732e+07
2.169854388410254568e+07
2.169647105136257410e+07
2.169442048082924634e+07
2.169239194512465224e+07
2.169038521833989024e+07
2.168840007604543865e+07
2.168643629530108720e+07
2.168449365466532856e+07
2.168257193420430645e+07
2.168067091550020874e+07
2.167879038165928423e+07
2.167693011731927469e+07
2.167508990865646303e+07
