6.355023125692522526e+07
5.709893312594867498e+07
5.117682544147964567e+07
4.578730516392729431e+07
4.093051433281752467e+07
3.660287989846225828e+07
3.279665259072705731e+07
2.949946948918973282e+07
2.669397430221101642e+07
2.435753908539207280e+07
2.246213921068139747e+07
2.097443962481954321e+07
1.985614289416012168e+07
1.906464259494059160e+07
1.855399526752823591e+07
1.827618949663427472e+07
1.818264758115148544e+07
1.822585491290213913e+07
1.836098417577716708e+07
1.854737372522530332e+07
1.874973481452114508e+07
1.893899721887043118e+07
1.909274889593974501e+07
1.919527246731608361e+07
1.923722085320040584e+07
1.921500122005876899e+07
1.912994931564554200e+07
1.898737713165029883e+07
1.879556915277899802e+07
1.856479002949275449e+07
1.830635255850590020e+07
1.803178156864406168e+07
1.775209785240737349e+07
1.747723698299095780e+07
1.721561048847822845e+07
1.697381091845784336e+07
1.675645727687100694e+07
1.656617411277510598e+07
1.640368283038794063e+07
1.626801033925370313e+07
1.615676443543479405e+07
1.606647398653273284e+07
1.599295857405173779e+07
1.593170218641912192e+07
1.587820537416487373e+07
1.582829349205762707e+07
1.577836353946730122e+07
1.572555820768879354e+07
1.566786242214181274e+07
1.560412423781644553e+07
1.553400776746424846e+07
1.545789039386957511e+07
1.537671953467230685e+07
1.529184559245439991e+07
1.520484752086637169e+07
1.511736589671649784e+07
1.503095582361037284e+07
1.494696875938131288e+07
1.486646881119693443e+07
1.479018550431866571e+07
1.471850178178801388e+07
1.465147325390283577e+07
1.458887264525040612e+07
1.453025207298356667e+07
1.447501525499580801e+07
1.442249194822972640e+07
1.437200775609728694e+07
1.432294377536108531e+07
1.427478220430451259e+07
1.422713581711568683e+07
1.417976095709165558e+07
1.413255524516946822e+07
1.408554243887293339e+07
1.403884772518702969e+07
1.399266716475131363e+07
1.394723503578779660e+07
1.390279250290362723e+07
1.385956043331179395e+07
1.381771839256200567e+07
1.377739097135674953e+07
1.373864171908556297e+07
1.370147417168064788e+07
1.366583882690198720e+07
1.363164448278497905e+07
1.359877213425843790e+07
1.356708961471659504e+07
1.353646534841961786e+07
1.350677990436635911e+07
1.347793446059691533e+07
1.344985574372127280e+07
1.342249744838690758e+07
1.339583852009635419e+07
1.336987896921004541e+07
1.334463405556714535e+07
1.332012773822518438e+07
1.329638623309874162e+07
1.327343238317438029e+07
1.325128134889921919e+07
1.322993790067750961e+07
1.320939537070340663e+07
1.318963612303279713e+07
1.317063324779970199e+07
1.315235308895689622e+07
1.313475817796407640e+07
1.311781016421934962e+07
1.310147239663119987e+07
1.308571190556370839e+07
1.307050064473900385e+07
1.305581596319239959e+07
1.304164037483019382e+07
1.302796076774001122e+07
1.301476724148189276e+07
1.300205177672335505e+07
1.298980693019202352e+07
1.297802471444183774e+07
1.296669577374339662e+07
1.295580891266428493e+07
1.294535098040663823e+07
1.293530706825457327e+07
1.292566094417919591e+07
1.291639563014744595e+07
1.290749402441499569e+07
1.289893947885025479e+07
1.289071626671625115e+07
1.288280989219135419e+07
1.287520722999412939e+07
1.286789650261171348e+07
1.286086712463480048e+07
1.285410945639068633e+07
1.284761451438171603e+07
1.284137368414787576e+07
1.283537847343778983e+07
1.282962033193594404e+07
1.282409055043661222e+07
1.281878023936262541e+07
1.281368037562061660e+07
1.280878189913749881e+07
1.280407583658181503e+07
1.279955342967474647e+07
1.279520624856580794e+07
1.279102627606013790e+07
1.278700595493962988e+07
1.278313819712849334e+07
1.277941635908668488e+07
1.277583419190934673e+07
1.277238577682805061e+07
1.276906545712972805e+07
1.276586777618870698e+07
1.276278742879753374e+07
1.275981922983818687e+07
1.275695810111527890e+07
1.275419907436094061e+07
1.275153730636393651e+07
1.274896810105616972e+07
1.274648693322250620e+07
1.274408946915687993e+07
1.274177158083780296e+07
1.273952935175713897e+07
1.273735907412231714e+07
1.273525723852060735e+07
1.273322051811299659e+07
1.273124574992840178e+07
1.272932991585737467e+07
1.272747012557033822e+07
1.272566360293160565e+07
1.272390767669312656e+07
1.272219977547393367e+07
1.272053742638187855e+07
1.271891825619264692e+07
1.271733999380244687e+07
1.271580047270582989e+07
1.271429763247505575e+07
1.271282951856569946e+07
1.271139428016922250e+07
1.270999016620688885e+07
1.270861551985470206e+07
1.270726877217231318e+07
1.270594843546918035e+07
1.270465309698967449e+07
1.270338141336228512e+07
1.270213210607251339e+07
1.270090395802319609e+07
1.269969581107292697e+07
1.269850656431760266e+07
1.269733517281448841e+07
1.269618064644310810e+07
1.269504204864350893e+07
1.269391849485364556e+07
1.269280915056449920e+07
1.269171322900520265e+07
1.269062998854582943e+07
1.268955872995305061e+07
1.268849879365018755e+07
1.268744955712073110e+07
1.268641043256009743e+07
1.268538086483370513e+07
1.268436032975018024e+07
1.268334833261570334e+07
1.268234440700520203e+07
1.268134811367107369e+07
1.268035903951140493e+07
1.267937679653271101e+07
1.267840102076452225e+07
1.267743137110804766e+07
1.267646752812475711e+07
1.267550919278871641e+07
1.267455608523713425e+07
1.267360794355602190e+07
1.267266452263319492e+07
1.267172559310124069e+07
1.267079094038084336e+07
1.266986036382282153e+07
1.266893367593741603e+07
1.266801070169299841e+07
1.266709127786429226e+07
1.266617525241158530e+07
1.266526248387688026e+07
1.266435284078880586e+07
1.266344620107422397e+07
1.266254245147960074e+07
1.266164148700874113e+07
1.266074321038478054e+07
1.265984753154379688e+07
1.265895436716531590e+07
1.265806364024197124e+07
1.265717527968740091e+07
1.265628921997878328e+07
1.265540540082853101e+07
1.265452376687885076e+07
1.265364426741322502e+07
1.265276685607991368e+07
1.265189149062425643e+07
1.265101813262828626e+07
1.265014674725779146e+07
1.264927730301798880e+07
1.264840977151976526e+07
1.264754412725827098e+07
1.264668034740535170e+07
1.264581841161660850e+07
1.264495830185296945e+07
1.264410000221607834e+07
1.264324349879612401e+07
1.264238877953061461e+07
1.264153583407248557e+07
1.264068465366625972e+07
1.263983523103125393e+07
1.263898756025131047e+07
1.263814163667080365e+07
1.263729745679696463e+07
1.263645501820870116e+07
1.263561431947195902e+07
1.263477536006168835e+07
1.263393814029012620e+07
1.263310266124100983e+07
1.263226892470916361e+07
1.263143693314471096e+07
1.263060668960128166e+07
1.262977819768749923e+07
1.262895146152128652e+07
1.262812648568655550e+07
1.262730327519207820e+07
1.262648183543242142e+07
1.262566217215100303e+07
1.262484429140520655e+07
1.262402819953374565e+07
1.262321390312619880e+07
1.262240140899475664e+07
1.262159072414812446e+07
1.262078185576743074e+07
1.261997481118404493e+07
1.261916959785912931e+07
1.261836622336481139e+07
1.261756469536681846e+07
1.261676502160848863e+07
1.261596720989607275e+07
1.261517126808525994e+07
1.261437720406885445e+07
1.261358502576558478e+07
1.261279474110990390e+07
1.261200635804275051e+07
1.261121988450318389e+07
1.261043532842074148e+07
1.260965269770843908e+07
1.260887200025632977e+07
1.260809324392550997e+07
1.260731643654250354e+07
1.260654158589395508e+07
1.260576869972164370e+07
1.260499778571773320e+07
1.260422885152028874e+07
1.260346190470906906e+07
1.260269695280156285e+07
1.260193400324930064e+07
1.260117306343443692e+07
1.260041414066660777e+07
1.259965724218002893e+07
1.259890237513091043e+07
1.259814954659502953e+07
1.259739876356563903e+07
1.259665003295150772e+07
