5.313958499363507330e+07
4.888386141398671269e+07
4.598456852774047107e+07
4.436284807765518129e+07
4.372867488519625366e+07
4.361774539557462186e+07
4.361559839703713357e+07
4.347367519324263930e+07
4.309855785107168555e+07
4.250239421935735643e+07
4.175202953936314583e+07
4.093206555969192088e+07
4.012182907857960463e+07
3.938205779882089794e+07
3.874826596446873993e+07
3.822940675822403282e+07
3.781124857907076180e+07
3.746370933905386925e+07
3.715057772464419156e+07
3.683925773766040802e+07
3.650809731440383196e+07
3.614972976489340514e+07
3.577023730694626272e+07
3.538513663919950277e+07
3.501376868521440029e+07
3.467368405927450210e+07
3.437630425133084506e+07
3.412469553309857845e+07
3.391376943865031749e+07
3.373263164049647748e+07
3.356823687499128282e+07
3.340916755559349060e+07
3.324840996814080700e+07
3.308444232293858752e+07
3.292056807210672274e+07
3.276296426728680730e+07
3.261820599421263114e+07
3.249104974304209650e+07
3.238307110115888715e+07
3.229243884032134712e+07
3.221475297423072904e+07
3.214456731539948285e+07
3.207704342930925265e+07
3.200919654154438898e+07
3.194038434218861908e+07
3.187197852335004136e+07
3.180643560223414004e+07
3.174615477636036277e+07
3.169253273582402617e+07
3.164550937442794815e+07
3.160369637740561366e+07
3.156496746186673269e+07
3.152723952242202312e+07
3.148913749745544791e+07
3.145031633961438388e+07
3.141136856336231902e+07
3.137340791749402881e+07
3.133752722784154862e+07
3.130434901471691579e+07
3.127382481246603653e+07
3.124532593105868250e+07
3.121795187749307603e+07
3.119090713379897922e+07
3.116378800058060139e+07
3.113667620437634364e+07
3.111002651989270002e+07
3.108442107314631343e+07
3.106030859492716193e+07
3.103783813086012751e+07
3.101684321552371606e+07
3.099696171958070621e+07
3.097782057463589311e+07
3.095919596113883704e+07
3.094108225992286205e+07
3.092365230485361442e+07
3.090714219239792973e+07
3.089172327016311884e+07
3.087742134902662039e+07
3.086411366252603754e+07
3.085159427306257188e+07
3.083966805807615072e+07
3.082822530364876613e+07
3.081726451889572665e+07
3.080686014145459235e+07
3.079709872726298496e+07
3.078801920455908030e+07
3.077958581763287634e+07
3.077170228509972245e+07
3.076425407240960002e+07
3.075715351910556480e+07
3.075036476308586448e+07
3.074389897783779353e+07
3.073778696135354415e+07
3.073204671396412328e+07
3.072666363509726152e+07
3.072159178369987011e+07
3.071677232754215226e+07
3.071215677304425463e+07
3.070772184151678160e+07
3.070346926567867398e+07
3.069941289325100183e+07
3.069556199226589128e+07
3.069191037472587079e+07
3.068843630976695567e+07
3.068511150181203336e+07
3.068191266124446690e+07
3.067882875744538382e+07
3.067586053908322752e+07
3.067301379706346989e+07
3.067029116218813881e+07
3.066768731758414954e+07
3.066518978989367187e+07
3.066278393701196834e+07
3.066045854445409402e+07
3.065820865840288252e+07
3.065603443401437253e+07
3.065393731225981936e+07
3.065191620680272952e+07
3.064996595069982857e+07
3.064807855041318014e+07
3.064624603121838719e+07
3.064446290033373237e+07
3.064272680440604687e+07
3.064103728254804760e+07
3.063939369088213146e+07
3.063779370581694692e+07
3.063623322873093933e+07
3.063470751638181508e+07
3.063321263076340407e+07
3.063174625110457838e+07
3.063030744486774504e+07
3.062889571231235564e+07
3.062751002377111465e+07
3.062614845433423668e+07
3.062480854159875959e+07
3.062348801080863178e+07
3.062218533569968119e+07
3.062089979694734514e+07
3.061963107993381470e+07
3.061837874464767054e+07
3.061714192838592082e+07
3.061591943050931022e+07
3.061471005416643247e+07
3.061351293250454217e+07
3.061232762294502556e+07
3.061115394284420833e+07
3.060999169603845105e+07
3.060884048748762906e+07
3.060769973147393391e+07
3.060656881163469702e+07
3.060544725636786968e+07
3.060433480615679547e+07
3.060323134375151247e+07
3.060213675657414645e+07
3.060105083549594879e+07
3.059997327189730108e+07
3.059890373720885068e+07
3.059784197517585382e+07
3.059678784020327032e+07
3.059574126380091906e+07
3.059470218410836160e+07
3.059367049318596348e+07
3.059264603496420383e+07
3.059162864559497684e+07
3.059061819957102835e+07
3.058961462725602090e+07
3.058861789569191635e+07
3.058762797213219851e+07
3.058664479882724583e+07
3.058566829474696517e+07
3.058469837799288705e+07
3.058373498887617141e+07
3.058277809657876939e+07
3.058182768706974387e+07
3.058088374388147891e+07
3.057994623650334775e+07
3.057901512304671854e+07
3.057809036228387803e+07
3.057717192419661582e+07
3.057625979122124612e+07
3.057535395067247376e+07
3.057445438534971327e+07
3.057356106953661144e+07
3.057267397239834815e+07
3.057179306494528055e+07
3.057091832472752035e+07
3.057004973511302099e+07
3.056918728058227897e+07
3.056833094219261408e+07
3.056748069649628550e+07
3.056663651800968498e+07
3.056579838263459876e+07
3.056496626918910071e+07
3.056414015817873925e+07
3.056332002923696488e+07
3.056250585946492851e+07
3.056169762383887544e+07
3.056089529706081748e+07
3.056009885521207750e+07
3.055930827598872408e+07
3.055852353758722171e+07
3.055774461732405797e+07
3.055697149107471853e+07
3.055620413377990201e+07
3.055544252039074898e+07
3.055468662640183046e+07
3.055393642761218548e+07
3.055319189944599569e+07
3.055245301647066697e+07
3.055171975249180570e+07
3.055099208108146116e+07
3.055026997607121617e+07
3.054955341164164618e+07
3.054884236201528087e+07
3.054813680106526613e+07
3.054743670215645432e+07
3.054674203828936815e+07
3.054605278236214444e+07
3.054536890730913728e+07
3.054469038602647930e+07
3.054401719119363278e+07
3.054334929517313093e+07
3.054268667007890716e+07
3.054202928794965148e+07
3.054137712088491768e+07
3.054073014105127007e+07
3.054008832058207691e+07
3.053945163147204742e+07
3.053882004554959387e+07
3.053819353452965617e+07
3.053757207008337229e+07
3.053695562386190146e+07
3.053634416746591032e+07
3.053573767240379751e+07
3.053513611008689553e+07
3.053453945187186450e+07
3.053394766911797225e+07
3.053336073321773484e+07
3.053277861558574438e+07
3.053220128762495518e+07
3.053162872070266679e+07
3.053106088615257293e+07
3.053049775529453531e+07
3.052993929945089296e+07
3.052938548994751275e+07
3.052883629810545966e+07
3.052829169523813576e+07
3.052775165266305953e+07
3.052721614172285423e+07
3.052668513380237296e+07
3.052615860033279657e+07
3.052563651278436184e+07
3.052511884265745059e+07
3.052460556148006395e+07
3.052409664081251621e+07
3.052359205225391313e+07
3.052309176744563133e+07
3.052259575807156786e+07
3.052210399585927278e+07
3.052161645258500054e+07
3.052113310008241981e+07
3.052065391025060043e+07
3.052017885505798459e+07
3.051970790654185414e+07
3.051924103680600971e+07
3.051877821801987290e+07
3.051831942241986096e+07
3.051786462231204659e+07
3.051741379007447138e+07
3.051696689815877378e+07
3.051652391909217089e+07
3.051608482548071444e+07
3.051564959001359344e+07
3.051521818546720594e+07
3.051479058470772952e+07
3.051436676069189608e+07
3.051394668646700680e+07
3.051353033517106250e+07
3.051311768003368750e+07
3.051270869437760115e+07
3.051230335162010789e+07
3.051190162527464330e+07
3.051150348895256594e+07
3.051110891636530682e+07
3.051071788132686540e+07
3.051033035775604844e+07
3.050994631967800111e+07
3.050956574122509360e+07
3.050918859663736075e+07
3.050881486026305705e+07
3.050844450655930117e+07
3.050807751009306684e+07
3.050771384554218128e+07
3.050735348769647256e+07
3.050699641145900637e+07
3.050664259184752777e+07
3.050629200399582088e+07
3.050594462315498292e+07
3.050560042469428480e+07
3.050525938410176709e+07
