1.549760776059889793e+08
1.392519512914564013e+08
1.245835247844473720e+08
1.110056483420731276e+08
9.854821496475195885e+07
8.723488731456986070e+07
7.708167445219662786e+07
6.809538631263147295e+07
6.027195846107583493e+07
5.359484276880627871e+07
4.803340710147690773e+07
4.354162150292170793e+07
4.005717509814892709e+07
3.750125805493731797e+07
3.577924066453254968e+07
3.478244622091385722e+07
3.439112488574086130e+07
3.447859071403743327e+07
3.491630029938688129e+07
3.557946582303680480e+07
3.635265665764068067e+07
3.713479661077849567e+07
3.784302961077305675e+07
3.841509186045318842e+07
3.881005030357075483e+07
3.900748954365555942e+07
3.900540467959295213e+07
3.881716033021393418e+07
3.846790536966039985e+07
3.799080482522156835e+07
3.742338809095034003e+07
3.680423740727876127e+07
3.617016747846048325e+07
3.555398410198464245e+07
3.498285910289780051e+07
3.447731961593503505e+07
3.405081934009511769e+07
3.370983531465625018e+07
3.345441434853072464e+07
3.327907786376538500e+07
3.317398292392170057e+07
3.312623151385499164e+07
3.312122069642977044e+07
3.314393366045767814e+07
3.318008569941125438e+07
3.321705873862621933e+07
3.324458129595825076e+07
3.325513537894038856e+07
3.324409538142579049e+07
3.320962445199609920e+07
3.315236956604764611e+07
3.307500685822606087e+07
3.298169355975176767e+07
3.287748258012134582e+07
3.276775118067271262e+07
3.265768729961478710e+07
3.255186694437359273e+07
3.245394467221239954e+07
3.236646746304915100e+07
3.229081108792191744e+07
3.222722813253339007e+07
3.217498877205894142e+07
3.213258968946279585e+07
3.209800347834505886e+07
3.206894054421923310e+07
3.204309774403773993e+07
3.201837237702617422e+07
3.199302606100943685e+07
3.196578977477996424e+07
3.193590816177057475e+07
3.190312737386140227e+07
3.186763572314825282e+07
3.182996983030647039e+07
3.179090064995853230e+07
3.175131376099757850e+07
3.171209685196123272e+07
3.167404475345868245e+07
3.163778908800593764e+07
3.160375605639720708e+07
3.157215246247035265e+07
3.154297713036143035e+07
3.151605263229686022e+07
3.149107085688598827e+07
3.146764543763758987e+07
3.144536436294933781e+07
3.142383705905519426e+07
3.140273168111411855e+07
3.138180004471206665e+07
3.136088936240466312e+07
3.133994152466240153e+07
3.131898193170364201e+07
3.129810074585522711e+07
3.127742985406761244e+07
3.125711882182798535e+07
3.123731274314632639e+07
3.121813423965974152e+07
3.119967104681596905e+07
3.118196976192206144e+07
3.116503552332813665e+07
3.114883672752130032e+07
3.113331343058810383e+07
3.111838783589993417e+07
3.110397529083189368e+07
3.108999434584277868e+07
3.107637481163145602e+07
3.106306313018868864e+07
3.105002482165815681e+07
3.103724416741760820e+07
3.102472161032812297e+07
3.101246956543651223e+07
3.100050742751600221e+07
3.098885654128476977e+07
3.097753578519605473e+07
3.096655823891334236e+07
3.095592919089593366e+07
3.094564552835916355e+07
3.093569636505233869e+07
3.092606462304722890e+07
3.091672920413359627e+07
3.090766736625926197e+07
3.089885695430122688e+07
3.089027820969085395e+07
3.088191498377841339e+07
3.087375528809363395e+07
3.086579121509461477e+07
3.085801834323251992e+07
3.085043479237508774e+07
3.084304011697294563e+07
3.083583421659160033e+07
3.082881641207006201e+07
3.082198478854077309e+07
3.081533585278328508e+07
3.080886450042749569e+07
3.080256424539003149e+07
3.079642763435369730e+07
3.079044675519593060e+07
3.078461374960754439e+07
3.077892125417507067e+07
3.077336271694615856e+07
3.076793256331586838e+07
3.076262621143262833e+07
3.075743995944631472e+07
3.075237078222221136e+07
3.074741608243355528e+07
3.074257344039644301e+07
3.073784039993339404e+07
3.073321431602774188e+07
3.072869227648517862e+07
3.072427109660872817e+07
3.071994737496152520e+07
3.071571759093559161e+07
3.071157822161991149e+07
3.070752585620542616e+07
3.070355729013529047e+07
3.069966958728299662e+07
3.069586010534432530e+07
3.069212648616159335e+07
3.068846661789933220e+07
3.068487857926204056e+07
3.068136057708029449e+07
3.067791088775526732e+07
3.067452781069147959e+07
3.067120963858312368e+07
3.066795464591494948e+07
3.066476109389492869e+07
3.066162724769798666e+07
3.065855140061529353e+07
3.065553189950976893e+07
3.065256716672875360e+07
3.064965571504610404e+07
3.064679615395325422e+07
3.064398718735489249e+07
3.064122760416196659e+07
3.063851626422557235e+07
3.063585208243935928e+07
3.063323401368378848e+07
3.063066104070722312e+07
3.062813216620165110e+07
3.062564640941877663e+07
3.062320280685217306e+07
3.062080041590644047e+07
3.061843832015367597e+07
3.061611563474921510e+07
3.061383151079903543e+07
3.061158513786324114e+07
3.060937574424694479e+07
3.060720259517927840e+07
3.060506498933836818e+07
3.060296225439774245e+07
3.060089374233302101e+07
3.059885882515139133e+07
3.059685689152629301e+07
3.059488734458568692e+07
3.059294960086333752e+07
3.059104309022290260e+07
3.058916725643251464e+07
3.058732155801538378e+07
3.058550546902621537e+07
3.058371847948544100e+07
3.058196009532065317e+07
3.058022983778840303e+07
3.057852724245691299e+07
3.057685185790453479e+07
3.057520324432107061e+07
3.057358097219146043e+07
3.057198462120108306e+07
3.057041377944235504e+07
3.056886804293750972e+07
3.056734701543543860e+07
3.056585030840057135e+07
3.056437754109353200e+07
3.056292834064660221e+07
3.056150234205788374e+07
3.056009918805938214e+07
3.055871852884845436e+07
3.055736002170252800e+07
3.055602333051850647e+07
3.055470812532776594e+07
3.055341408183642477e+07
3.055214088102946058e+07
3.055088820886109397e+07
3.054965575603568554e+07
3.054844321786802635e+07
3.054725029420075566e+07
3.054607668935199827e+07
3.054492211206759140e+07
3.054378627545797452e+07
3.054266889690871537e+07
3.054156969796266034e+07
3.054048840417979285e+07
3.053942474498572573e+07
3.053837845352200419e+07
3.053734926651012897e+07
3.053633692413763329e+07
3.053534116996989772e+07
3.053436175088684261e+07
3.053339841703925282e+07
3.053245092181769386e+07
3.053151902182615921e+07
3.053060247685362771e+07
3.052970104983894527e+07
3.052881450682710856e+07
3.052794261691759154e+07
3.052708515220725536e+07
3.052624188773164153e+07
3.052541260140830278e+07
3.052459707398539037e+07
3.052379508899739385e+07
3.052300643272837251e+07
3.052223089418216050e+07
3.052146826505756378e+07
3.052071833972667903e+07
3.051998091521420330e+07
3.051925579117621481e+07
3.051854276987758279e+07
3.051784165616780519e+07
3.051715225745578855e+07
3.051647438368433341e+07
3.051580784730520844e+07
3.051515246325571090e+07
3.051450804893696308e+07
3.051387442419423908e+07
3.051325141129883379e+07
3.051263883493109047e+07
3.051203652216387540e+07
3.051144430244581774e+07
3.051086200758396089e+07
3.051028947172547132e+07
3.050972653133842349e+07
3.050917302519181371e+07
3.050862879433507472e+07
3.050809368207748234e+07
3.050756753396767005e+07
3.050705019777346402e+07
3.050654152346220613e+07
3.050604136318144947e+07
3.050554957123989239e+07
3.050506600408855826e+07
3.050459052030186355e+07
3.050412298055857420e+07
3.050366324762262031e+07
3.050321118632356822e+07
3.050276666353704035e+07
3.050232954816493765e+07
3.050189971111567318e+07
3.050147702528438345e+07
3.050106136553320289e+07
3.050065260867158324e+07
3.050025063343662769e+07
3.049985532047334313e+07
3.049946655231489986e+07
3.049908421336267889e+07
3.049870818986620009e+07
3.049833836990292370e+07
3.049797464335783571e+07
3.049761690190300345e+07
3.049726503897701949e+07
3.049691894976443425e+07
3.049657853117519617e+07
3.049624368182410300e+07
