2.913221327650164813e+07
2.575198748185345158e+07
2.287233449951110035e+07
2.049214629307468981e+07
1.860198031124452502e+07
1.718159103746603057e+07
1.619744590495250002e+07
1.560090508429678530e+07
1.532811254565213621e+07
1.530269815253766254e+07
1.544172911764990538e+07
1.566399342120978981e+07
1.589844711297411099e+07
1.609050384790994972e+07
1.620488729765572399e+07
1.622514863910315186e+07
1.615083787285086326e+07
1.599351250882071629e+07
1.577252294935347140e+07
1.551114398917762935e+07
1.523331384587405995e+07
1.496105388601986319e+07
1.471255855670990050e+07
1.450092678894175962e+07
1.433351515684897825e+07
1.421190030503689311e+07
1.413242516741064563e+07
1.408726347651165724e+07
1.406587631647422723e+07
1.405667129465151206e+07
1.404863403671500273e+07
1.403270333000911772e+07
1.400271110349160433e+07
1.395579428000950254e+07
1.389228303793674894e+07
1.381515405700254068e+07
1.372919162972934172e+07
1.364001993591984920e+07
1.355316142510467395e+07
1.347324819497191161e+07
1.340347416697729379e+07
1.334533222757898085e+07
1.329863695269894600e+07
1.326179401966511458e+07
1.323224602826225758e+07
1.320700523312819377e+07
1.318317950784216821e+07
1.315840912960578501e+07
1.313115598631056212e+07
1.310081821959330142e+07
1.306767560091619939e+07
1.303269814237120003e+07
1.299726851393118501e+07
1.296287610263215005e+07
1.293083746637633815e+07
1.290208646961702779e+07
1.287706036902423203e+07
1.285568875747931004e+07
1.283747381909471378e+07
1.282163572985226661e+07
1.280728847731901519e+07
1.279360996430378780e+07
1.277997571328985691e+07
1.276603615913777985e+07
1.275173080412573554e+07
1.273724548885983974e+07
1.272292914900897257e+07
1.270919202421453595e+07
1.269640781944208965e+07
1.268483839162924141e+07
1.267459245697122067e+07
1.266562145433681831e+07
1.265774784313725308e+07
1.265071527626617998e+07
1.264424717922222987e+07
1.263810049712794274e+07
1.263210428446420841e+07
1.262617745103799924e+07
1.262032514587402716e+07
1.261461780653391592e+07
1.260915995647733845e+07
1.260405695909841172e+07
1.259938716051010787e+07
1.259518459842869639e+07
1.259143440387380123e+07
1.258807994048785418e+07
1.258503828792313859e+07
1.258221933095235005e+07
1.257954361682132632e+07
1.257695514401271753e+07
1.257442696973691508e+07
1.257195947826267034e+07
1.256957285692463443e+07
1.256729642344629392e+07
1.256515776991476864e+07
1.256317427251888998e+07
1.256134856686435454e+07
1.255966840735665523e+07
1.255811022853650153e+07
1.255664495508889854e+07
1.255524430007887073e+07
1.255388595209348388e+07
1.255255657275584340e+07
1.255125222707039863e+07
1.254997655341313034e+07
1.254873748368568905e+07
1.254754355128762126e+07
1.254640076102348603e+07
1.254531070036733150e+07
1.254427015364665538e+07
1.254327206249882840e+07
1.254230736231741682e+07
1.254136707857341692e+07
1.254044410034242086e+07
1.253953422525189072e+07
1.253863632314599305e+07
1.253775171822191775e+07
1.253688307604993880e+07
1.253603316445953399e+07
1.253520383038504049e+07
1.253439542250452563e+07
1.253360673471672460e+07
1.253283539568207972e+07
1.253207852370125428e+07
1.253133342537887394e+07
1.253059814144805446e+07
1.252987171675319783e+07
1.252915416621402651e+07
1.252844619567865133e+07
1.252774879355742782e+07
1.252706282529669441e+07
1.252638874017529190e+07
1.252572645094022527e+07
1.252507538911926001e+07
1.252443468978500739e+07
1.252380343133300543e+07
1.252318085299881548e+07
1.252256649210523814e+07
1.252196021544444934e+07
1.252136215351150930e+07
1.252077257250263914e+07
1.252019173094237968e+07
1.251961976440308243e+07
1.251905662648293376e+07
1.251850209333107062e+07
1.251795581946747005e+07
1.251741741986973956e+07
1.251688654989357293e+07
1.251636296002526022e+07
1.251584651371058449e+07
1.251533716932644323e+07
1.251483493773790076e+07
1.251433983215792663e+07
1.251385182647524402e+07
1.251337083295627311e+07
1.251289670259684883e+07
1.251242924406625889e+07
1.251196825229834951e+07
1.251151353640940785e+07
1.251106493859639764e+07
1.251062233984211087e+07
1.251018565299563110e+07
1.250975480756748468e+07
1.250932973238654435e+07
1.250891034187950939e+07
1.250849652963546664e+07
1.250808817003815249e+07
1.250768512610831112e+07
1.250728726007781923e+07
1.250689444295228273e+07
1.250650656026754342e+07
1.250612351291013509e+07
1.250574521361051127e+07
1.250537158097182214e+07
1.250500253335055336e+07
1.250463798454908654e+07
1.250427784236213565e+07
1.250392200992593728e+07
1.250357038892938569e+07
1.250322288331119530e+07
1.250287940214995667e+07
1.250253986094124243e+07
1.250220418112129718e+07
1.250187228829478100e+07
1.250154410997058079e+07
1.250121957363381982e+07
1.250089860573007725e+07
1.250058113173849881e+07
1.250026707712006196e+07
1.249995636867342331e+07
1.249964893577430770e+07
1.249934471110149845e+07
1.249904363068960235e+07
1.249874563339910656e+07
1.249845066007141583e+07
1.249815865269430168e+07
1.249786955384187028e+07
1.249758330651392788e+07
1.249729985434264690e+07
1.249701914201581478e+07
1.249674111571950652e+07
1.249646572343203798e+07
1.249619291498292983e+07
1.249592264188790321e+07
1.249565485704765283e+07
1.249538951443113014e+07
1.249512656884945557e+07
1.249486597587718256e+07
1.249460769191679731e+07
1.249435167435300723e+07
1.249409788172096014e+07
1.249384627382021770e+07
1.249359681173663959e+07
1.249334945777246170e+07
1.249310417531672120e+07
1.249286092870277725e+07
1.249261968309600279e+07
1.249238040443605557e+07
1.249214305943452194e+07
1.249190761560910381e+07
1.249167404132607952e+07
1.249144230582540669e+07
1.249121237921414152e+07
1.249098423242852837e+07
1.249075783717695624e+07
1.249053316588138416e+07
1.249031019163265266e+07
1.249008888816775754e+07
1.248986922986776754e+07
1.248965119176787511e+07
1.248943474956797808e+07
1.248921987963392586e+07
1.248900655898453295e+07
1.248879476526534185e+07
1.248858447671475261e+07
1.248837567212976702e+07
1.248816833083746955e+07
1.248796243267516233e+07
1.248775795797844976e+07
1.248755488757386059e+07
1.248735320277184620e+07
1.248715288535678573e+07
1.248695391757273301e+07
1.248675628210577741e+07
1.248655996206532419e+07
1.248636494096684828e+07
1.248617120271793008e+07
1.248597873160792142e+07
1.248578751230028644e+07
1.248559752982588857e+07
1.248540876957541704e+07
1.248522121728983708e+07
1.248503485904873535e+07
1.248484968125718273e+07
1.248466567063228041e+07
1.248448281419049762e+07
1.248430109923645109e+07
1.248412051335321553e+07
1.248394104439376295e+07
1.248376268047292531e+07
1.248358540995927900e+07
1.248340922146678716e+07
1.248323410384620726e+07
1.248306004617661051e+07
1.248288703775737807e+07
1.248271506810093299e+07
1.248254412692623958e+07
1.248237420415284298e+07
1.248220528989521787e+07
1.248203737445701659e+07
1.248187044832512550e+07
1.248170450216344744e+07
1.248153952680653706e+07
1.248137551325334609e+07
1.248121245266116410e+07
1.248105033633996546e+07
1.248088915574714541e+07
1.248072890248253196e+07
1.248056956828369945e+07
1.248041114502139203e+07
1.248025362469509803e+07
1.248009699942876771e+07
1.247994126146671548e+07
1.247978640316976234e+07
1.247963241701161489e+07
1.247947929557546601e+07
1.247932703155074641e+07
1.247917561772998050e+07
1.247902504700566828e+07
1.247887531236721575e+07
1.247872640689783543e+07
1.247857832377156243e+07
1.247843105625030026e+07
1.247828459768103808e+07
1.247813894149319082e+07
1.247799408119606599e+07
1.247785001037648320e+07
1.247770672269649059e+07
1.247756421189121157e+07
1.247742247176677734e+07
