3.627520787645587325e+07
3.310493537280598283e+07
3.032282423247975111e+07
2.791146519531989843e+07
2.576656078432605788e+07
2.389211884026758373e+07
2.228908251010595262e+07
2.095447580982773751e+07
1.988060652528866380e+07
1.905432002894002199e+07
1.845649451361329854e+07
1.806193322822256386e+07
1.783984255910342932e+07
1.775502463248645514e+07
1.776978105217757821e+07
1.784634068410686404e+07
1.794945523537405580e+07
1.804873110472936928e+07
1.812032606666860357e+07
1.814780739369481429e+07
1.812216693637516722e+07
1.804114305581314489e+07
1.790807399794080853e+07
1.773050997018136084e+07
1.751877100114628300e+07
1.728458361922426522e+07
1.703987991769950837e+07
1.679580517422383279e+07
1.656195517618901283e+07
1.634584877020354383e+07
1.615263112340694666e+07
1.598499549791725352e+07
1.584330380790648237e+07
1.572587790169826895e+07
1.562942463790035993e+07
1.554954962807823718e+07
1.548130877537434362e+07
1.541974520136736147e+07
1.536036294774773903e+07
1.529949802648643591e+07
1.523456086515805870e+07
1.516413995062368363e+07
1.508797215520941839e+07
1.500679870720845833e+07
1.492213557344358601e+07
1.483599250281222723e+07
1.475057620379497111e+07
1.466801064654073864e+07
1.459010207383187860e+07
1.451816881397850439e+07
1.445294723666623048e+07
1.439457599574799463e+07
1.434265189755516127e+07
1.429634317420302518e+07
1.425454043504132703e+07
1.421602274896957725e+07
1.417961649017604254e+07
1.414432765085462108e+07
1.410943372593677603e+07
1.407452809868219867e+07
1.403951699736937322e+07
1.400457548635254800e+07
1.397007374411073327e+07
1.393648755317271501e+07
1.390430734696926549e+07
1.387395853678525612e+07
1.384574265060655400e+07
1.381980468569392525e+07
1.379612769192059524e+07
1.377455160465930589e+07
1.375481025447593257e+07
1.373657863706197217e+07
1.371952206019263715e+07
1.370333961083940789e+07
1.368779623634607717e+07
1.367274021242923290e+07
1.365810542705145665e+07
1.364390031457804516e+07
1.363018708845782280e+07
1.361705593404707126e+07
1.360459897643433884e+07
1.359288821266642585e+07
1.358196038737084344e+07
1.357181025897368975e+07
1.356239213542718068e+07
1.355362821279696003e+07
1.354542132173607871e+07
1.353766928002107702e+07
1.353027816909779608e+07
1.352317241377511807e+07
1.351630039507607929e+07
1.350963528219742700e+07
1.350317164953632653e+07
1.349691910353392176e+07
1.349089449412986077e+07
1.348511430598530546e+07
1.347958855647216365e+07
1.347431705863551423e+07
1.346928835053044185e+07
1.346448106110101193e+07
1.345986707073840126e+07
1.345541559089246020e+07
1.345109724972243235e+07
1.344688740891869366e+07
1.344276819973912835e+07
1.343872908676766232e+07
1.343476607711654715e+07
1.343087993361544609e+07
1.342707388678582199e+07
1.342335136098838039e+07
1.341971414778599516e+07
1.341616130518683419e+07
1.341268887564788386e+07
1.340929033962944336e+07
1.340595758852496743e+07
1.340268213111375272e+07
1.339945624596778862e+07
1.339627384883072600e+07
1.339313093879302964e+07
1.339002559512654506e+07
1.338695759381207265e+07
1.338392778071813472e+07
1.338093736740986258e+07
1.337798730551970378e+07
1.337507785450737178e+07
1.337220839881375059e+07
1.336937750896313041e+07
1.336658319049359113e+07
1.336382323381528631e+07
1.336109557072554156e+07
1.335839855732752569e+07
1.335573113219317235e+07
1.335309283416454867e+07
1.335048369748621434e+07
1.334790406609457545e+07
1.334535437999876961e+07
1.334283498435333557e+07
1.334034599865451455e+07
1.333788726410017908e+07
1.333545836683048308e+07
1.333305871820604242e+07
1.333068766361552477e+07
1.332834458963409066e+07
1.332602900480038673e+07
1.332374057948086411e+07
1.332147914216404408e+07
1.331924464008251578e+07
1.331703707907356694e+07
1.331485645999841765e+07
1.331270272701791301e+07
1.331057573774664104e+07
1.330847525853217393e+07
1.330640098166449554e+07
1.330435255667966232e+07
1.330232962589322403e+07
1.330033185494703054e+07
1.329835895189462043e+07
1.329641067219366133e+07
1.329448681081853993e+07
1.329258718562553823e+07
1.329071161753985658e+07
1.328885991297848150e+07
1.328703185247061588e+07
1.328522718725324795e+07
1.328344564335826039e+07
1.328168693093895912e+07
1.327995075566547178e+07
1.327823682903999649e+07
1.327654487528605759e+07
1.327487463372264616e+07
1.327322585685520247e+07
1.327159830545752868e+07
1.326999174246450700e+07
1.326840592748739198e+07
1.326684061329471692e+07
1.326529554486700520e+07
1.326377046086538211e+07
1.326226509675482661e+07
1.326077918851977959e+07
1.325931247593280300e+07
1.325786470462616161e+07
1.325643562665318884e+07
1.325502499967205524e+07
1.325363258522145450e+07
1.325225814671493322e+07
1.325090144774623029e+07
1.324956225111307390e+07
1.324824031870510615e+07
1.324693541214519367e+07
1.324564729389011115e+07
1.324437572842300497e+07
1.324312048320802301e+07
1.324188132919766195e+07
1.324065804084037617e+07
1.323945039568018913e+07
1.323825817373520508e+07
1.323708115686958842e+07
1.323591912833798677e+07
1.323477187260248326e+07
1.323363917542910203e+07
1.323252082419177890e+07
1.323141660826603137e+07
1.323032631938920915e+07
1.322924975189464539e+07
1.322818670277769491e+07
1.322713697160596773e+07
1.322610036032748595e+07
1.322507667304995470e+07
1.322406571585960686e+07
1.322306729672501981e+07
1.322208122549906746e+07
1.322110731400188059e+07
1.322014537614723295e+07
1.321919522806890309e+07
1.321825668821071833e+07
1.321732957736083865e+07
1.321641371863000654e+07
1.321550893738964573e+07
1.321461506119442359e+07
1.321373191971388832e+07
1.321285934469063208e+07
1.321199716993139684e+07
1.321114523132658005e+07
1.321030336688566953e+07
1.320947141677353345e+07
1.320864922333463281e+07
1.320783663109784015e+07
1.320703348676145449e+07
1.320623963916387036e+07
1.320545493924842775e+07
1.320467924003114924e+07
1.320391239657747000e+07
1.320315426599019580e+07
1.320240470740685984e+07
1.320166358200208843e+07
1.320093075298961625e+07
1.320020608561942726e+07
1.319948944716775790e+07
1.319878070692002214e+07
1.319807973614876904e+07
1.319738640808983520e+07
1.319670059791971371e+07
1.319602218273613974e+07
1.319535104154244065e+07
1.319468705523486063e+07
1.319403010659110360e+07
1.319338008025836013e+07
1.319273686273921654e+07
1.319210034237497486e+07
1.319147040932652727e+07
1.319084695555372350e+07
1.319022987479434907e+07
1.318961906254373677e+07
1.318901441603556648e+07
1.318841583422387019e+07
1.318782321776583977e+07
1.318723646900477260e+07
1.318665549195259809e+07
1.318608019227146357e+07
1.318551047725445032e+07
1.318494625580549985e+07
1.318438743841904029e+07
1.318383393715967238e+07
1.318328566564224102e+07
1.318274253901245072e+07
1.318220447392788157e+07
1.318167138853929564e+07
1.318114320247187093e+07
1.318061983680629916e+07
1.318010121405953541e+07
1.317958725816531107e+07
1.317907789445445500e+07
1.317857304963522777e+07
1.317807265177379176e+07
1.317757663027490675e+07
1.317708491586279124e+07
1.317659744056225196e+07
1.317611413767984137e+07
1.317563494178506918e+07
1.317515978869162127e+07
1.317468861543854326e+07
1.317422136027149111e+07
1.317375796262406930e+07
1.317329836309929565e+07
1.317284250345130265e+07
1.317239032656718045e+07
1.317194177644905075e+07
1.317149679819626361e+07
1.317105533798768744e+07
1.317061734306414984e+07
1.317018276171091199e+07
1.316975154324025661e+07
1.316932363797419518e+07
1.316889899722731486e+07
1.316847757328979857e+07
1.316805931941056997e+07
1.316764418978068233e+07
1.316723213951681927e+07
1.316682312464497238e+07
1.316641710208429582e+07
