1.293066717443827093e+08
1.146717731513649821e+08
1.013163980283179581e+08
8.927936228729248047e+07
7.859041275102013350e+07
6.926747870651821792e+07
6.131348423277623206e+07
5.471279797724121809e+07
4.942751827801444381e+07
4.539397020904785395e+07
4.252001914387558401e+07
4.068403551422491670e+07
3.973647111797931790e+07
3.950486864405810833e+07
3.980258109272437543e+07
4.044054556039441377e+07
4.124043423972570896e+07
4.204688837022843957e+07
4.273669526510949433e+07
4.322363435578879714e+07
4.345885044848380983e+07
4.342752262594891340e+07
4.314304524140898883e+07
4.263996138549219072e+07
4.196666306686463207e+07
4.117856639612741768e+07
4.033219030746990442e+07
3.948035602521251142e+07
3.866858359518133104e+07
3.793267500941248238e+07
3.729742054658315331e+07
3.677632888942311704e+07
3.637225126456234604e+07
3.607874049064543098e+07
3.588195805733355880e+07
3.576292057173743099e+07
3.569986698684292287e+07
3.567053496548160166e+07
3.565416064858352393e+07
3.563305920904708654e+07
3.559369847804697603e+07
3.552723699018983543e+07
3.542955308096253872e+07
3.530083675560994446e+07
3.514484708253867179e+07
3.496795376908604056e+07
3.477808352917230874e+07
3.458368241180416942e+07
3.439278751648479700e+07
3.421227848591811955e+07
3.404735347293415666e+07
3.390124814850750566e+07
3.377519165157766640e+07
3.366857185834439099e+07
3.357926544601505995e+07
3.350407712988332286e+07
3.343922789811751992e+07
3.338083409052193910e+07
3.332532736959076300e+07
3.326977810177270696e+07
3.321210038622523844e+07
3.315113297118634731e+07
3.308660513627677411e+07
3.301900841515094042e+07
3.294940279958092794e+07
3.287918940522061288e+07
3.280988071417779475e+07
3.274289515030362085e+07
3.267939591543008387e+07
3.262018588094479591e+07
3.256566202794262767e+07
3.251582544914005697e+07
3.247033701645573229e+07
3.242860494154806435e+07
3.238988877492691949e+07
3.235340478681948036e+07
3.231841980577412620e+07
3.228432395667954534e+07
3.225067675815816596e+07
3.221722513203441724e+07
3.218389553855886310e+07
3.215076529764181003e+07
3.211801995876189321e+07
3.208590427007836103e+07
3.205467394581840187e+07
3.202455423187761009e+07
3.199570949193555862e+07
3.196822598418103158e+07
3.194210796928141266e+07
3.191728553863404319e+07
3.189363126465955004e+07
3.187098205454974622e+07
3.184916245113591105e+07
3.182800600648766384e+07
3.180737213177758083e+07
3.178715684036434814e+07
3.176729687906193361e+07
3.174776772865958139e+07
3.172857672661399841e+07
3.170975304685210437e+07
3.169133643921887875e+07
3.167336650718433410e+07
3.165587394754641131e+07
3.163887467438953370e+07
3.162236719431217387e+07
3.160633307782917097e+07
3.159073995235004649e+07
3.157554616984593123e+07
3.156070619419784471e+07
3.154617580010584742e+07
3.153191634713782370e+07
3.151789764516425133e+07
3.150409921189438924e+07
3.149050999292412773e+07
3.147712683208007738e+07
3.146395212059362978e+07
3.145099110839042440e+07
3.143824933434844390e+07
3.142573054102553427e+07
3.141343530673392490e+07
3.140136048037564382e+07
3.138949936695712060e+07
3.137784250381930545e+07
3.136637880154378712e+07
3.135509680314802378e+07
3.134398583677902818e+07
3.133303689085021242e+07
3.132224311302110553e+07
3.131159991119641438e+07
3.130110470287505537e+07
3.129075640907849744e+07
3.128055481547874212e+07
3.127049992556592450e+07
3.126059141210790351e+07
3.125082824001488462e+07
3.124120849372547865e+07
3.123172940304147825e+07
3.122238752932722867e+07
3.121317905337202176e+07
3.120410009866981581e+07
3.119514702863962948e+07
3.118631667067840323e+07
3.117760643999031931e+07
3.116901435758880526e+07
3.116053897585134953e+07
3.115217923866756633e+07
3.114393431004486233e+07
3.113580340492574871e+07
3.112778565003129840e+07
3.111987999273190647e+07
3.111208516458263621e+07
3.110439969548591599e+07
3.109682196623183042e+07
3.108935028247775882e+07
3.108198295233884081e+07
3.107471835222043097e+07
3.106755497035638615e+07
3.106049142346765101e+07
3.105352644776592404e+07
3.104665887015482783e+07
3.103988756826889142e+07
3.103321142871383578e+07
3.102662931172761694e+07
3.102014002797718346e+07
3.101374233002391830e+07
3.100743491783458740e+07
3.100121645517128333e+07
3.099508559214738756e+07
3.098904098882029578e+07
3.098308133530829474e+07
3.097720536528839171e+07
3.097141186147589982e+07
3.096569965341488644e+07
3.096006760929395631e+07
3.095451462433522940e+07
3.094903960851450264e+07
3.094364147601859272e+07
3.093831913809097558e+07
3.093307149997150525e+07
3.092789746171641722e+07
3.092279592223194987e+07
3.091776578358816355e+07
3.091280595816916972e+07
3.090791537219132483e+07
3.090309296878609061e+07
3.089833770881335810e+07
3.089364856988952309e+07
3.088902454419677705e+07
3.088446463580906019e+07
3.087996785825636983e+07
3.087553323288442940e+07
3.087115978831027076e+07
3.086684656099361181e+07
3.086259259670154750e+07
3.085839695248507708e+07
3.085425869872960448e+07
3.085017692088519782e+07
3.084615072059960663e+07
3.084217921613373607e+07
3.083826154209554195e+07
3.083439684865272045e+07
3.083058430045594275e+07
3.082682307551702484e+07
3.082311236424726620e+07
3.081945136878734827e+07
3.081583930267279968e+07
3.081227539079947025e+07
3.080875886959642917e+07
3.080528898728832975e+07
3.080186500413444266e+07
3.079848619256176427e+07
3.079515183715201914e+07
3.079186123448718339e+07
3.078861369289305061e+07
3.078540853213998675e+07
3.078224508316222578e+07
3.077912268784381449e+07
3.077604069889659435e+07
3.077299847982970253e+07
3.076999540498786047e+07
3.076703085962143540e+07
3.076410423994716629e+07
3.076121495316405594e+07
3.075836241740143299e+07
3.075554606159194559e+07
3.075276532527733222e+07
3.075001965836580470e+07
3.074730852086548507e+07
3.074463138261778653e+07
3.074198772304951400e+07
3.073937703095434234e+07
3.073679880430598184e+07
3.073425255009815842e+07
3.073173778420240059e+07
3.072925403123353422e+07
3.072680082441427559e+07
3.072437770543423668e+07
3.072198422430216148e+07
3.071961993919396773e+07
3.071728441630108654e+07
3.071497722968408838e+07
3.071269796113501862e+07
3.071044620005019382e+07
3.070822154331242293e+07
3.070602359517956153e+07
3.070385196717530489e+07
3.070170627797773480e+07
3.069958615330217406e+07
3.069749122577638924e+07
3.069542113480785117e+07
3.069337552644446492e+07
3.069135405323128775e+07
3.068935637406611443e+07
3.068738215405666083e+07
3.068543106438150257e+07
3.068350278215589374e+07
3.068159699030279368e+07
3.067971337742869928e+07
3.067785163770364225e+07
3.067601147074437886e+07
3.067419258150036260e+07
3.067239468014203012e+07
3.067061748195146397e+07
3.066886070721577108e+07
3.066712408112311363e+07
3.066540733366183192e+07
3.066371019952242821e+07
3.066203241800207272e+07
3.066037373291122913e+07
3.065873389248169586e+07
3.065711264927557111e+07
3.065550976009460166e+07
3.065392498588979244e+07
3.065235809167120233e+07
3.065080884641826153e+07
3.064927702299072593e+07
3.064776239804095402e+07
3.064626475192771107e+07
3.064478386863188818e+07
3.064331953567431122e+07
3.064187154403577372e+07
3.064043968807920069e+07
3.063902376547407731e+07
3.063762357712286338e+07
3.063623892708945274e+07
3.063486962252961844e+07
3.063351547362326831e+07
3.063217629350863397e+07
3.063085189821824431e+07
3.062954210661642253e+07
3.062824674033862725e+07
3.062696562373202667e+07
3.062569858379747346e+07
3.062444545013271272e+07
3.062320605487660319e+07
3.062198023265445977e+07
3.062076782052433863e+07
3.061956865792441741e+07
3.061838258662139624e+07
3.061720945066003501e+07
