1.647151667564869300e+07
1.506619746304157376e+07
1.415035088968038931e+07
1.369970128529219516e+07
1.362208594979072735e+07
1.375189124899010360e+07
1.391622091984819807e+07
1.400313670477882773e+07
1.397492765542772412e+07
1.384758797651085258e+07
1.366313953680760227e+07
1.346829930605209060e+07
1.330148001692415774e+07
1.318590207056771033e+07
1.312713205603201687e+07
1.311467656355237588e+07
1.312745776595125906e+07
1.314179332616985589e+07
1.313908292595387250e+07
1.311045540187954716e+07
1.305734901419234835e+07
1.298888056010221317e+07
1.291767090786296874e+07
1.285562321499911323e+07
1.281066311780615896e+07
1.278503780532489717e+07
1.277542588413551450e+07
1.277469546336892247e+07
1.277466176310588047e+07
1.276884886383278295e+07
1.275430282475302368e+07
1.273195592040093616e+07
1.270564623884043284e+07
1.268034495902517438e+07
1.266029815810869448e+07
1.264769138503224403e+07
1.264219307989672944e+07
1.264141333918369375e+07
1.264200874679487757e+07
1.264096614305627719e+07
1.263658419884103537e+07
1.262884238141354546e+07
1.261911492183482274e+07
1.260943066601170227e+07
1.260161091198003665e+07
1.259661230438540131e+07
1.259428554096458107e+07
1.259358446808586642e+07
1.259308823701729998e+07
1.259159446652208269e+07
1.258854203232546337e+07
1.258412050465111807e+07
1.257906798669775017e+07
1.257428347777532786e+07
1.257043574582057074e+07
1.256772597453200817e+07
1.256587751652421430e+07
1.256432381546141580e+07
1.256248815727620199e+07
1.256002538195841014e+07
1.255692973057870194e+07
1.255348306468160078e+07
1.255008907771266624e+07
1.254708116058808379e+07
1.254459042014043778e+07
1.254252221331452578e+07
1.254063547575302050e+07
1.253867456141307577e+07
1.253648691547042318e+07
1.253407571516977064e+07
1.253157341893728264e+07
1.252916030687569827e+07
1.252697379635553621e+07
1.252505181333542243e+07
1.252333130211962573e+07
1.252169409650360793e+07
1.252003127385997027e+07
1.251829266996729374e+07
1.251650027755280957e+07
1.251472474043965340e+07
1.251304205295309052e+07
1.251149459545594268e+07
1.251007489431311935e+07
1.250873656976176053e+07
1.250742281468042918e+07
1.250609546942677349e+07
1.250475002128846198e+07
1.250341118924768083e+07
1.250211441991215944e+07
1.250088498592988029e+07
1.249972579636079445e+07
1.249861882613555714e+07
1.249753723725684732e+07
1.249646016689507850e+07
1.249538200353012607e+07
1.249431215296074003e+07
1.249326694936987013e+07
1.249225928064220771e+07
1.249129184224934876e+07
1.249035705326076411e+07
1.248944259073859453e+07
1.248853861174638569e+07
1.248764243282058463e+07
1.248675850416919589e+07
1.248589445687852427e+07
1.248505605586580932e+07
1.248424404981176928e+07
1.248345437042682804e+07
1.248268101883185655e+07
1.248191956633011252e+07
1.248116918154289015e+07
1.248043227109641954e+07
1.247971233320705034e+07
1.247901155348489434e+07
1.247832957360618748e+07
1.247766395147227123e+07
1.247701176176541299e+07
1.247637120792659372e+07
1.247574229393097572e+07
1.247512631531102583e+07
1.247452466944730654e+07
1.247393780978585407e+07
1.247336494807744958e+07
1.247280456044044346e+07
1.247225525866772234e+07
1.247171643839069083e+07
1.247118834745651111e+07
1.247067162998450361e+07
1.247016671344366111e+07
1.246967344186891243e+07
1.246919113949029706e+07
1.246871899141573161e+07
1.246825644925165176e+07
1.246780340252506547e+07
1.246736004718171433e+07
1.246692658527173102e+07
1.246650297488082573e+07
1.246608888122498617e+07
1.246568382642117515e+07
1.246528740852692910e+07
1.246489943728458881e+07
1.246451991296285391e+07
1.246414888837253489e+07
1.246378632321698405e+07
1.246343202660190314e+07
1.246308570975899324e+07
1.246274709497840703e+07
1.246241599885668792e+07
1.246209233889141306e+07
1.246177607213612273e+07
1.246146711863693595e+07
1.246116532380469143e+07
1.246087047866249084e+07
1.246058237469629198e+07
1.246030085048365965e+07
1.246002579996766895e+07
1.245975714332413673e+07
1.245949478666166775e+07
1.245923859994350187e+07
1.245898842498893663e+07
1.245874410266232304e+07
1.245850549696691521e+07
1.245827249975873157e+07
1.245804501614013314e+07
1.245782294415608421e+07
1.245760616413941979e+07
1.245739454366458952e+07
1.245718795202076063e+07
1.245698627237270959e+07
1.245678940338750370e+07
1.245659725096423738e+07
1.245640971763014048e+07
1.245622669752400555e+07
1.245604807950992510e+07
1.245587375467543304e+07
1.245570362196186930e+07
1.245553758813435212e+07
1.245537556310350075e+07
1.245521745485903323e+07
1.245506316784418374e+07
1.245491260541679896e+07
1.245476567391087301e+07
1.245462228503893130e+07
1.245448235514497757e+07
1.245434580239583179e+07
1.245421254433441535e+07
1.245408249752352387e+07
1.245395557914417982e+07
1.245383170897339843e+07
1.245371081016330421e+07
1.245359280843498558e+07
1.245347763058032282e+07
1.245336520354392752e+07
1.245325545469671488e+07
1.245314831289240532e+07
1.245304370936170220e+07
1.245294157777850330e+07
1.245284185357774980e+07
1.245274447316249274e+07
1.245264937360937335e+07
1.245255649298806116e+07
1.245246577091394737e+07
1.245237714884145930e+07
1.245229056989920326e+07
1.245220597846705094e+07
1.245212331986683235e+07
1.245204254038498923e+07
1.245196358754373156e+07
1.245188641035213508e+07
1.245181095932800695e+07
1.245173718629752472e+07
1.245166504415359348e+07
1.245159448675399087e+07
1.245152546899630874e+07
1.245145794695864804e+07
1.245139187796308473e+07
1.245132722050839290e+07
1.245126393413577229e+07
1.245120197933592461e+07
1.245114131755341589e+07
1.245108191125455499e+07
1.245102372397793084e+07
1.245096672031383589e+07
1.245091086582582071e+07
1.245085612697209790e+07
1.245080247107430361e+07
1.245074986633354984e+07
1.245069828185500577e+07
1.245064768764274195e+07
1.245059805455905013e+07
1.245054935427400097e+07
1.245050155923514813e+07
1.245045464266533032e+07
1.245040857857127860e+07
1.245036334173948690e+07
1.245031890771029517e+07
1.245027525274112262e+07
1.245023235377686098e+07
1.245019018843636103e+07
1.245014873500883766e+07
1.245010797244706750e+07
1.245006788034981303e+07
1.245002843893702328e+07
1.244998962902732939e+07
1.244995143202405795e+07
1.244991382990760542e+07
1.244987680522700958e+07
1.244984034108548984e+07
1.244980442112100497e+07
1.244976902948703244e+07
1.244973415083789453e+07
1.244969977031833678e+07
1.244966587355374917e+07
1.244963244663774408e+07
1.244959947611714154e+07
1.244956694897696748e+07
1.244953485262788460e+07
1.244950317489610985e+07
1.244947190401383862e+07
1.244944102860821784e+07
1.244941053768870234e+07
1.244938042063427344e+07
1.244935066718199849e+07
1.244932126741719060e+07
1.244929221176414564e+07
1.244926349097636342e+07
1.244923509612608328e+07
1.244920701859387755e+07
1.244917925005907752e+07
1.244915178249116428e+07
1.244912460814147443e+07
1.244909771953466162e+07
1.244907110945972800e+07
1.244904477096115611e+07
1.244901869733054191e+07
1.244899288209887035e+07
1.244896731902910396e+07
1.244894200210875645e+07
1.244891692554237321e+07
1.244889208374420553e+07
1.244886747133123502e+07
1.244884308311663195e+07
1.244881891410339251e+07
1.244879495947800018e+07
1.244877121460404620e+07
1.244874767501603439e+07
1.244872433641342446e+07
1.244870119465499185e+07
1.244867824575334415e+07
1.244865548586957157e+07
1.244863291130792908e+07
1.244861051851072907e+07
1.244858830405342951e+07
1.244856626463992335e+07
1.244854439709797502e+07
1.244852269837471843e+07
1.244850116553224251e+07
1.244847979574329779e+07
1.244845858628720045e+07
1.244843753454586491e+07
