3.286580428759929538e+07
2.929988205613590404e+07
2.624119362774304301e+07
2.368684917476075515e+07
2.162594029258103296e+07
2.003747998882563412e+07
1.888842662950492278e+07
1.813234133784510940e+07
1.770946601437069103e+07
1.754901166850314289e+07
1.757397301708757877e+07
1.770784526895061880e+07
1.788169194917538017e+07
1.803360654865655303e+07
1.810395619200522825e+07
1.810517642487151921e+07
1.803329085262116790e+07
1.789278491194090620e+07
1.769412978218752891e+07
1.745152746973167732e+07
1.718096753561167419e+07
1.689861142440781742e+07
1.661949007413136959e+07
1.635649547402242199e+07
1.611965346670914814e+07
1.591567437275471725e+07
1.574778389228301123e+07
1.561583511564892717e+07
1.551669118705656007e+07
1.544484754224742576e+07
1.539323607429921441e+07
1.535412736276997067e+07
1.532002904176001251e+07
1.528447531598122418e+07
1.524261772208990902e+07
1.519155840771314874e+07
1.513040769230508804e+07
1.506008845556616783e+07
1.498294281619888172e+07
1.490221663819472678e+07
1.482150347727925517e+07
1.474422349372647516e+07
1.467319797077300027e+07
1.461035999643601105e+07
1.455661976130809821e+07
1.451188140293564089e+07
1.447518956303880364e+07
1.444496965041859820e+07
1.441931761453721672e+07
1.439629353614701703e+07
1.437417829938520305e+07
1.435166279400948808e+07
1.432795248744253814e+07
1.430278442483204417e+07
1.427636652106691152e+07
1.424925870144250244e+07
1.422222107095771655e+07
1.419605563469881378e+07
1.417146555391801149e+07
1.414895033536505327e+07
1.412874780878742598e+07
1.411082546814252064e+07
1.409491595827229880e+07
1.408058527681532875e+07
1.406731845775816590e+07
1.405460653050181828e+07
1.404202034025641158e+07
1.402926082498203404e+07
1.401618065860544518e+07
1.400277771163047850e+07
1.398916553428684920e+07
1.397552928138592467e+07
1.396207679936234653e+07
1.394899401352591440e+07
1.393641165475226939e+07
1.392438733716864139e+07
1.391290370994848572e+07
1.390188047497943416e+07
1.389119595398460329e+07
1.388071285763759911e+07
1.387030298208734952e+07
1.385986656139407307e+07
1.384934362230763584e+07
1.383871653999654390e+07
1.382800471170604974e+07
1.381725355894714594e+07
1.380652076524629258e+07
1.379586271591911092e+07
1.378532361016906798e+07
1.377492883538300171e+07
1.376468314708739147e+07
1.375457320501617715e+07
1.374457325599192642e+07
1.373465233947366849e+07
1.372478135230666772e+07
1.371493859919613227e+07
1.370511297036655061e+07
1.369530449344194867e+07
1.368552256934000552e+07
1.367578261611261033e+07
1.366610204962599650e+07
1.365649651630180702e+07
1.364697709701020271e+07
1.363754889033110067e+07
1.362821103854168765e+07
1.361895795622802526e+07
1.360978131478612125e+07
1.360067225344048813e+07
1.359162332639048994e+07
1.358262982932988554e+07
1.357369033456946164e+07
1.356480645570315793e+07
1.355598201952073723e+07
1.354722191748544388e+07
1.353853093147090822e+07
1.352991278516367078e+07
1.352136958298109099e+07
1.351290168877128512e+07
1.350450799347792752e+07
1.349618644548399746e+07
1.348793468146779202e+07
1.347975060266983137e+07
1.347163276811033860e+07
1.346358057084189355e+07
1.345559416667571291e+07
1.344767423432374001e+07
1.343982164275488816e+07
1.343203711958593503e+07
1.342432099761268497e+07
1.341667308637351915e+07
1.340909267956200615e+07
1.340157867628192157e+07
1.339412977153019980e+07
1.338674466245814785e+07
1.337942222175823152e+07
1.337216160471146740e+07
1.336496227688208967e+07
1.335782396961794607e+07
1.335074658578829467e+07
1.334373008580148406e+07
1.333677438334330358e+07
1.332987927291799337e+07
1.332304439997240715e+07
1.331626927244171873e+07
1.330955330290901102e+07
1.330289586514817365e+07
1.329629634823288769e+07
1.328975419499677047e+07
1.328326891786226630e+07
1.327684009196744673e+07
1.327046733129994944e+07
1.326415025695009530e+07
1.325788846715591475e+07
1.325168151684443653e+07
1.324552891076857969e+07
1.323943011025864258e+07
1.323338455015157536e+07
1.322739166040187702e+07
1.322145088651672751e+07
1.321556170412163436e+07
1.320972362512030825e+07
1.320393619536425918e+07
1.319819898582808673e+07
1.319251158052958548e+07
1.318687356465927511e+07
1.318128451570095494e+07
1.317574399905752391e+07
1.317025156826762296e+07
1.316480676870469749e+07
1.315940914296230301e+07
1.315405823604147881e+07
1.314875359888933413e+07
1.314349478958769701e+07
1.313828137230140716e+07
1.313311291473679245e+07
1.312798898518446460e+07
1.312290915018867701e+07
1.311787297356326878e+07
1.311288001699537039e+07
1.310792984199940972e+07
1.310302201263709366e+07
1.309815609828028828e+07
1.309333167576970719e+07
1.308854833056074940e+07
1.308380565675879270e+07
1.307910325623517111e+07
1.307444073720706627e+07
1.306981771272376180e+07
1.306523379943460971e+07
1.306068861686040461e+07
1.305618178720703162e+07
1.305171293560426310e+07
1.304728169056199491e+07
1.304288768442454375e+07
1.303853055365981162e+07
1.303420993891486153e+07
1.302992548486752063e+07
1.302567683997475356e+07
1.302146365624505281e+07
1.301728558914304338e+07
1.301314229768240452e+07
1.300903344469866157e+07
1.300495869723789021e+07
1.300091772696648538e+07
1.299691021050665714e+07
1.299293582962852344e+07
1.298899427127161250e+07
1.298508522741170414e+07
1.298120839482152462e+07
1.297736347478819266e+07
1.297355017284570262e+07
1.296976819856199995e+07
1.296601726539532840e+07
1.296229709061184525e+07
1.295860739524224028e+07
1.295494790405180305e+07
1.295131834550441802e+07
1.294771845171259157e+07
1.294414795837739483e+07
1.294060660473024100e+07
1.293709413349012658e+07
1.293361029084572196e+07
1.293015482646382973e+07
1.292672749351683259e+07
1.292332804871573672e+07
1.291995625233305618e+07
1.291661186820233613e+07
1.291329466368685663e+07
1.291000440961705893e+07
1.290674088020265475e+07
1.290350385454057530e+07
1.290029311017033458e+07
1.289710843231390044e+07
1.289394960765485652e+07
1.289081642576004565e+07
1.288770867900521308e+07
1.288462616250821576e+07
1.288156867406748608e+07
1.287853601410454325e+07
1.287552798561055027e+07
1.287254439409782551e+07
1.286958504755716771e+07
1.286664975642110780e+07
1.286373833353199810e+07
1.286085059411267936e+07
1.285798635573666543e+07
1.285514543829495087e+07
1.285232766395710595e+07
1.284953285712573305e+07
1.284676084438448399e+07
1.284401145444120653e+07
1.284128451806819066e+07
1.283857986804180965e+07
1.283589733908334188e+07
1.283323676780233718e+07
1.283059799264313467e+07
1.282798085383480415e+07
1.282538519334442541e+07
1.282281085483355448e+07
1.282025768361774459e+07
1.281772552662904188e+07
1.281521423238120973e+07
1.281272365093733370e+07
1.281025363387931138e+07
1.280780403427844681e+07
1.280537470666634291e+07
1.280296550700537674e+07
1.280057629265812039e+07
1.279820692235555500e+07
1.279585725616400130e+07
1.279352715545118973e+07
1.279121648285190389e+07
1.278892510223379172e+07
1.278665287866390869e+07
1.278439967837634310e+07
1.278216536874131858e+07
1.277994981823590212e+07
1.277775289641640708e+07
1.277557447389247268e+07
1.277341442230283096e+07
1.277127261429252103e+07
1.276914892349150777e+07
1.276704322449441254e+07
1.276495539284107462e+07
1.276288530499776825e+07
1.276083283833868802e+07
1.275879787112757191e+07
1.275678028249932639e+07
1.275477995244158991e+07
1.275279676177627593e+07
1.275083059214126691e+07
1.274888132597231492e+07
1.274694884648543224e+07
1.274503303765983507e+07
1.274313378422161378e+07
1.274125097162821516e+07
1.273938448605377786e+07
1.273753421437533200e+07
1.273570004415985197e+07
1.273388186365208961e+07
