4.167777605806238949e+07
3.731767920241248608e+07
3.339328386692190170e+07
2.991577578080796450e+07
2.689248452166096121e+07
2.432564120536363497e+07
2.221093137967976928e+07
2.053591119403213263e+07
1.927844683512743190e+07
1.840546483089514822e+07
1.787243724593661353e+07
1.762410046470031515e+07
1.759681003793963790e+07
1.772258532022804022e+07
1.793434987736913189e+07
1.817137585334708169e+07
1.838379503622730449e+07
1.853535155608047172e+07
1.860414711247312278e+07
1.858165441737570241e+07
1.847055376086082309e+07
1.828197846324312687e+07
1.803263973874903470e+07
1.774214449829828739e+07
1.743068239519025385e+07
1.711716188981734216e+07
1.681781685557721928e+07
1.654527405110846274e+07
1.630805569730390422e+07
1.611048109849500842e+07
1.595292086099071242e+07
1.583234489844587073e+07
1.574309089929711074e+07
1.567776758565828577e+07
1.562819934296354651e+07
1.558631998795696162e+07
1.554493472291037813e+07
1.549828992665525712e+07
1.544241720115916058e+07
1.537524658263163269e+07
1.529650960031607375e+07
1.520747260056340508e+07
1.511055279290926456e+07
1.500887377239013836e+07
1.490581491793525964e+07
1.480460169108801335e+07
1.470797315406061336e+07
1.461795048516205326e+07
1.453571713788022287e+07
1.446160863169046491e+07
1.439519874646286480e+07
1.433546002741887420e+07
1.428097070169419050e+07
1.423013804495565221e+07
1.418140962635322288e+07
1.413344883676989749e+07
1.408525830966201425e+07
1.403624341861214861e+07
1.398621656413362920e+07
1.393535031957346573e+07
1.388409283975817263e+07
1.383306180312072113e+07
1.378293352651625313e+07
1.373434207523522899e+07
1.368779974191378430e+07
1.364364586392989755e+07
1.360202628428730369e+07
1.356290146291412786e+07
1.352607780959246494e+07
1.349125456030505151e+07
1.345807758925751224e+07
1.342619188687640429e+07
1.339528582771411724e+07
1.336512247469734028e+07
1.333555563296368532e+07
1.330653079498459399e+07
1.327807318120440468e+07
1.325026654344201833e+07
1.322322714249739423e+07
1.319707733304851502e+07
1.317192258482678980e+07
1.314783470989004523e+07
1.312484276309526339e+07
1.310293175477074832e+07
1.308204815490754135e+07
1.306211032212189585e+07
1.304302153971537575e+07
1.302468329871717095e+07
1.300700678481081128e+07
1.298992110571366735e+07
1.297337751368331723e+07
1.295734960523425043e+07
1.294183010351281613e+07
1.292682526627391391e+07
1.291234817247902974e+07
1.289841212308420241e+07
1.288502518233077973e+07
1.287218654576173238e+07
1.285988502331491932e+07
1.284809954203693569e+07
1.283680126256981865e+07
1.282595670569290221e+07
1.281553121524495818e+07
1.280549213419372216e+07
1.279581121544132009e+07
1.278646599043961056e+07
1.277744003522643074e+07
1.276872226696661487e+07
1.276030554568307847e+07
1.275218492958543822e+07
1.274435593592704274e+07
1.273681310249295086e+07
1.272954904630198516e+07
1.272255409897361323e+07
1.271581648540910147e+07
1.270932292285308242e+07
1.270305946316749230e+07
1.269701238646997884e+07
1.269116897581401467e+07
1.268551805106047168e+07
1.268005020281672478e+07
1.267475773091550544e+07
1.266963434479477070e+07
1.266467471737950109e+07
1.265987399626630172e+07
1.265522736729745939e+07
1.265072974076768383e+07
1.264637559657140635e+07
1.264215898923973180e+07
1.263807368382171355e+07
1.263411337371053919e+07
1.263027192396643199e+07
1.262654358797588013e+07
1.262292315877945721e+07
1.261940603511973098e+07
1.261598820183110237e+07
1.261266614073715732e+07
1.260943669902471825e+07
1.260629694593121670e+07
1.260324404584017955e+07
1.260027516809218749e+07
1.259738744329744764e+07
1.259457796517867595e+07
1.259184382814329118e+07
1.258918218533359095e+07
1.258659031039011478e+07
1.258406564827107266e+07
1.258160584520410001e+07
1.257920875383310579e+07
1.257687241544601694e+07
1.257459502566339076e+07
1.257237489241917245e+07
1.257021039528900385e+07
1.256809995352241397e+07
1.256604200716884434e+07
1.256403501227233745e+07
1.256207744803209603e+07
1.256016783167999983e+07
1.255830473591805622e+07
1.255648680408643559e+07
1.255471275953170657e+07
1.255298140748609789e+07
1.255129162967247888e+07
1.254964237339901552e+07
1.254803263782500476e+07
1.254646146026824415e+07
1.254492790496047214e+07
1.254343105574626476e+07
1.254197001313397847e+07
1.254054389511124045e+07
1.253915184043709934e+07
1.253779301282501221e+07
1.253646660453607142e+07
1.253517183832065016e+07
1.253390796723383293e+07
1.253267427244509012e+07
1.253147005962950736e+07
1.253029465478068963e+07
1.252914740030106902e+07
1.252802765203859843e+07
1.252693477762531489e+07
1.252586815612608381e+07
1.252482717871107161e+07
1.252381124988344125e+07
1.252281978874883056e+07
1.252185222989455983e+07
1.252090802361465618e+07
1.251998663541884348e+07
1.251908754494682513e+07
1.251821024453359470e+07
1.251735423771721497e+07
1.251651903795001842e+07
1.251570416768692248e+07
1.251490915791087411e+07
1.251413354804683477e+07
1.251337688613738306e+07
1.251263872911869176e+07
1.251191864304630272e+07
1.251121620316533931e+07
1.251053099378283508e+07
1.250986260796197131e+07
1.250921064710398205e+07
1.250857472050465085e+07
1.250795444496721402e+07
1.250734944452827610e+07
1.250675935031704977e+07
1.250618380053249747e+07
1.250562244049635902e+07
1.250507492272810638e+07
1.250454090699129738e+07
1.250402006027628295e+07
1.250351205670589209e+07
1.250301657737239078e+07
1.250253331012976170e+07
1.250206194937277772e+07
1.250160219583236426e+07
1.250115375640788488e+07
1.250071634404443949e+07
1.250028967765093222e+07
1.249987348204567842e+07
1.249946748791233450e+07
1.249907143175030127e+07
1.249868505580883101e+07
1.249830810800122470e+07
1.249794034180212580e+07
1.249758151613560319e+07
1.249723139526334591e+07
1.249688974868087657e+07
1.249655635102659464e+07
1.249623098200399801e+07
1.249591342631396279e+07
1.249560347359159216e+07
1.249530091834166646e+07
1.249500555986804143e+07
1.249471720219452307e+07
1.249443565397744253e+07
1.249416072841226310e+07
1.249389224313780293e+07
1.249363002014169283e+07
1.249337388566990197e+07
1.249312367014173046e+07
1.249287920807016827e+07
1.249264033798632026e+07
1.249240690236610733e+07
1.249217874755742773e+07
1.249195572370654345e+07
1.249173768468324468e+07
1.249152448800517991e+07
1.249131599476212636e+07
1.249111206954126060e+07
1.249091258035429567e+07
1.249071739856681786e+07
1.249052639882985316e+07
1.249033945901317708e+07
1.249015646013964713e+07
1.248997728631998971e+07
1.248980182468748465e+07
1.248962996533247828e+07
1.248946160123681836e+07
1.248929662820860185e+07
1.248913494481773674e+07
1.248897645233267546e+07
1.248882105465865694e+07
1.248866865827750415e+07
1.248851917218891904e+07
1.248837250785307214e+07
1.248822857913428731e+07
1.248808730224557966e+07
1.248794859569404274e+07
1.248781238022700883e+07
1.248767857877908461e+07
1.248754711642014049e+07
1.248741792030438036e+07
1.248729091962047666e+07
1.248716604554280639e+07
1.248704323118366674e+07
1.248692241154644266e+07
1.248680352347955108e+07
1.248668650563119538e+07
1.248657129840481654e+07
1.248645784391527623e+07
1.248634608594586700e+07
1.248623596990613453e+07
1.248612744279056415e+07
1.248602045313820615e+07
1.248591495099320635e+07
1.248581088786620647e+07
1.248570821669661626e+07
1.248560689181570336e+07
1.248550686891047284e+07
1.248540810498830862e+07
1.248531055834237486e+07
1.248521418851777539e+07
1.248511895627847314e+07
1.248502482357494906e+07
1.248493175351260230e+07
1.248483971032087132e+07
1.248474865932305530e+07
1.248465856690681726e+07
1.248456940049532987e+07
