4.681184284067435563e+07
4.481396453501415253e+07
4.315883335237707198e+07
4.179703144432947040e+07
4.061982085131140053e+07
3.953258053861609101e+07
3.850271408063846827e+07
3.753633397595690936e+07
3.665244661062131077e+07
3.586952460121244937e+07
3.519829495138575882e+07
3.463799222404843569e+07
3.417660124801333994e+07
3.379593687534348667e+07
3.347948694204474986e+07
3.321799180882628635e+07
3.300924094334412366e+07
3.285320717635393143e+07
3.274651433651641756e+07
3.267985836307586357e+07
3.263972317138002068e+07
3.261295111633248627e+07
3.259093617000082135e+07
3.257071635536368936e+07
3.255266500136975944e+07
3.253684674247696251e+07
3.252075316860235855e+07
3.249980937272081524e+07
3.246982821938026696e+07
3.242926465606120974e+07
3.237966244710310549e+07
3.232428887941282243e+07
3.226615416114670038e+07
3.220675105725959688e+07
3.214614766405682638e+07
3.208408983065884188e+07
3.202113842894391716e+07
3.195898089759723842e+07
3.189978086298606545e+07
3.184516201344880089e+07
3.179561288681732863e+07
3.175068120764402673e+07
3.170969441046573967e+07
3.167239696536027640e+07
3.163905426807095855e+07
3.161004383738902584e+07
3.158533931339184567e+07
3.156431740748655051e+07
3.154601056938735396e+07
3.152884470695242286e+07
3.151355462357626110e+07
3.149985100287022442e+07
3.148733257071479410e+07
3.147554319701883569e+07
3.146408280714003742e+07
3.145269969623531029e+07
3.144130853367827088e+07
3.142993277181237563e+07
3.141861795273223519e+07
3.140737332321137935e+07
3.139617100394792855e+07
3.138498877290140837e+07
3.137385527446172386e+07
3.136286134579593688e+07
3.135213030402502418e+07
3.134177000011494756e+07
3.133183939460152760e+07
3.132234821773985028e+07
3.131328315833323449e+07
3.130463708659088239e+07
3.129641988592047244e+07
3.128864644049669802e+07
3.128131494483486190e+07
3.127439412332413346e+07
3.126782890199547261e+07
3.126155919680136070e+07
3.125553757341331244e+07
3.124973440054272860e+07
3.124412999573896825e+07
3.123870286925916746e+07
3.123342444638994336e+07
3.122826382492243126e+07
3.122319759192635864e+07
3.121821630619391054e+07
3.121332287572195381e+07
3.120852490529042110e+07
3.120382734801207483e+07
3.119923049757711589e+07
3.119473333603216335e+07
3.119033803207896650e+07
3.118605121011238545e+07
3.118188101280026138e+07
3.117783266916992143e+07
3.117390620341581106e+07
3.117009772104855627e+07
3.116640264723379537e+07
3.116281801612979546e+07
3.115934221121346205e+07
3.115597296928998083e+07
3.115270580286176503e+07
3.114953430155968666e+07
3.114645193882002681e+07
3.114345376844158024e+07
3.114053672094686329e+07
3.113769858816610277e+07
3.113493686908964440e+07
3.113224854614785314e+07
3.112963084095197171e+07
3.112708209657441825e+07
3.112460192800252140e+07
3.112219054475777224e+07
3.111984788785341382e+07
3.111757328286510706e+07
3.111536574126354605e+07
3.111322445067768544e+07
3.111114891740908474e+07
3.110913864982708544e+07
3.110719273073307797e+07
3.110530969125558436e+07
3.110348776826386526e+07
3.110172526809150726e+07
3.110002071024257690e+07
3.109837268445611000e+07
3.109677963270160556e+07
3.109523980057603121e+07
3.109375139816198498e+07
3.109231280049685389e+07
3.109092260377159715e+07
3.108957951796919107e+07
3.108828223334507644e+07
3.108702939671096206e+07
3.108581970027530938e+07
3.108465197161871940e+07
3.108352516731670499e+07
3.108243828127715737e+07
3.108139026038131490e+07
3.108037999822302163e+07
3.107940639051257446e+07
3.107846838001343980e+07
3.107756494486393034e+07
3.107669505206452310e+07
3.107585763209071755e+07
3.107505160154544562e+07
3.107427590809317678e+07
3.107352955327863619e+07
3.107281157811413705e+07
3.107212103604595736e+07
3.107145698571775854e+07
3.107081850908403099e+07
3.107020473244310170e+07
3.106961482816156372e+07
3.106904799838692695e+07
3.106850346034566313e+07
3.106798044743436947e+07
3.106747822078948095e+07
3.106699607541530207e+07
3.106653333316643909e+07
3.106608933014659584e+07
3.106566341093634814e+07
3.106525493297437206e+07
3.106486327340486646e+07
3.106448782989876717e+07
3.106412801545697823e+07
3.106378325414685160e+07
3.106345298273922503e+07
3.106313665594029054e+07
3.106283374924837798e+07
3.106254375691021234e+07
3.106226618808308989e+07
3.106200056557191536e+07
3.106174642775111645e+07
3.106150333053418994e+07
3.106127084669801593e+07
3.106104856328861415e+07
3.106083607986402139e+07
3.106063300889531523e+07
3.106043897694984823e+07
3.106025362460474297e+07
3.106007660482987761e+07
3.105990758139117062e+07
3.105974622858017683e+07
3.105959223189647868e+07
3.105944528835685551e+07
3.105930510584406927e+07
3.105917140218258277e+07
3.105904390485864505e+07
3.105892235139331967e+07
3.105880648958894238e+07
3.105869607711619139e+07
3.105859088073824719e+07
3.105849067581433430e+07
3.105839524626559764e+07
3.105830438460204005e+07
3.105821789161225408e+07
3.105813557580011338e+07
3.105805725295260549e+07
3.105798274600926787e+07
3.105791188501971960e+07
3.105784450691349432e+07
3.105778045508925244e+07
3.105771957905897871e+07
3.105766173428948224e+07
3.105760678213583305e+07
3.105755458968502283e+07
3.105750502948508784e+07
3.105745797929139063e+07
3.105741332192413881e+07
3.105737094518040866e+07
3.105733074168580025e+07
3.105729260866457596e+07
3.105725644771172479e+07
3.105722216463520378e+07
3.105718966934157163e+07
3.105715887569507211e+07
3.105712970133324340e+07
3.105710206748756021e+07
3.105707589885000885e+07
3.105705112346780300e+07
3.105702767262195051e+07
3.105700548067937046e+07
3.105698448494934291e+07
3.105696462557041645e+07
3.105694584541661665e+07
3.105692808999531344e+07
3.105691130733055994e+07
3.105689544785061851e+07
3.105688046429408342e+07
3.105686631162621081e+07
3.105685294694860280e+07
3.105684032940016687e+07
3.105682842006251216e+07
3.105681718187842146e+07
3.105680657957763225e+07
3.105679657959980890e+07
3.105678715001448244e+07
3.105677826044589654e+07
3.105676988200688362e+07
3.105676198723700643e+07
3.105675455003896728e+07
3.105674754561403394e+07
3.105674095040179789e+07
3.105673474202614278e+07
3.105672889924378693e+07
3.105672340189223737e+07
3.105671823083805665e+07
3.105671336792869866e+07
3.105670879594825953e+07
3.105670449857465923e+07
3.105670046033666283e+07
3.105669666657189280e+07
3.105669310338786244e+07
3.105668975762584060e+07
3.105668661682581156e+07
3.105668366919185594e+07
3.105668090355905145e+07
3.105667830936266482e+07
3.105667587660916895e+07
3.105667359584813565e+07
3.105667145814462751e+07
3.105666945505311340e+07
3.105666757859293371e+07
3.105666582122526318e+07
3.105666417583054677e+07
3.105666263568674028e+07
3.105666119444873556e+07
3.105665984612905234e+07
3.105665858507942036e+07
3.105665740597286448e+07
3.105665630378660187e+07
3.105665527378592640e+07
3.105665431150904298e+07
3.105665341275254637e+07
3.105665257355746999e+07
3.105665179019598663e+07
3.105665105915898457e+07
3.105665037714420632e+07
3.105664974104496837e+07
3.105664914793936908e+07
3.105664859507995844e+07
3.105664807988420129e+07
3.105664759992527589e+07
3.105664715292330831e+07
3.105664673673708364e+07
3.105664634935612604e+07
3.105664598889340460e+07
3.105664565357814729e+07
3.105664534174922854e+07
3.105664505184876174e+07
3.105664478241614625e+07
3.105664453208237886e+07
3.105664429956473410e+07
3.105664408366162702e+07
3.105664388324780762e+07
3.105664369726989418e+07
3.105664352474204451e+07
3.105664336474188417e+07
3.105664321640671790e+07
3.105664307892989367e+07
3.105664295155742019e+07
3.105664283358469233e+07
