2.103943189890596867e+08
1.924995543678213656e+08
1.754972195322000384e+08
1.594225160910023749e+08
1.454206322588341236e+08
1.330219259241821915e+08
1.213591275346044898e+08
1.104498453039472699e+08
1.003091343494735956e+08
9.094863121823626757e+07
8.237583433708484471e+07
7.459345471007564664e+07
6.759881775596930087e+07
6.138332216133262217e+07
5.593197538971193880e+07
5.122303440152446181e+07
4.722778606375438720e+07
4.391050480577245355e+07
4.122862471845021844e+07
3.913315865397707373e+07
3.756938721842951328e+07
3.647782555387546122e+07
3.579545594008578360e+07
3.545719096155672520e+07
3.539750777548811585e+07
3.555217217770087719e+07
3.585995526843270659e+07
3.626423867256295681e+07
3.671440833747608960e+07
3.716695199955779314e+07
3.758619964466834068e+07
3.794467629946850985e+07
3.822306807965931296e+07
3.840983147870108485e+07
3.850049917147861421e+07
3.849675123955429345e+07
3.840532823387130350e+07
3.823686260455314070e+07
3.800469924727557600e+07
3.772376606773912162e+07
3.740954333146998286e+07
3.707716764550995827e+07
3.674069382737176120e+07
3.641252638758155704e+07
3.610302229759574682e+07
3.582025831433354318e+07
3.556994941711346060e+07
3.535549983200769126e+07
3.517816458448667079e+07
3.503729743050365150e+07
3.493066025672865659e+07
3.485476948792313784e+07
3.480525654950907826e+07
3.477722183735516667e+07
3.476556474990644306e+07
3.476527592411795259e+07
3.477168165918374062e+07
3.478063438607372344e+07
3.478864673853288591e+07
3.479297012457814813e+07
3.479162154859730601e+07
3.478336470015910268e+07
3.476765295993915945e+07
3.474454297198170424e+07
3.471458782768468559e+07
3.467871876188851148e+07
3.463812365688758343e+07
3.459412967983194441e+07
3.454809614181625098e+07
3.450132226153680682e+07
3.445497303662832826e+07
3.441002495766378939e+07
3.436723191902521253e+07
3.432711045100825280e+07
3.428994236858543754e+07
3.425579213948448002e+07
3.422453573744612187e+07
3.419589746989104152e+07
3.416949124179010093e+07
3.414486291453422606e+07
3.412153080361789465e+07
3.409902188685495406e+07
3.407690191528929770e+07
3.405479828020000458e+07
3.403241514223516732e+07
3.400954092906969041e+07
3.398604882082474232e+07
3.396189124279637635e+07
3.393708965885476768e+07
3.391172110313196480e+07
3.388590290912116319e+07
3.385977700904336572e+07
3.383349500328226388e+07
3.380720496447639167e+07
3.378104066940531135e+07
3.375511366918927431e+07
3.372950833697284758e+07
3.370427979065671563e+07
3.367945439003436267e+07
3.365503236136805266e+07
3.363099201140336692e+07
3.360729495584328473e+07
3.358389179927151650e+07
3.356072776000258327e+07
3.353774779138183221e+07
3.351490093248310685e+07
3.349214360342848301e+07
3.346944180419919267e+07
3.344677219881223142e+07
3.342412218021640927e+07
3.340148907381182536e+07
3.337887868138305843e+07
3.335630338846435025e+07
3.333378005837896094e+07
3.331132791847676039e+07
3.328896661248255149e+07
3.326671455194113031e+07
3.324458765417755395e+07
3.322259850837458298e+07
3.320075596909121424e+07
3.317906514077588171e+07
3.315752768957626075e+07
3.313614240103974938e+07
3.311490589421656728e+07
3.309381340348405391e+07
3.307285954772011563e+07
3.305203902044107392e+07
3.303134715212919563e+07
3.301078031513837725e+07
3.299033616037212685e+07
3.297001369177707285e+07
3.294981319838655740e+07
3.292973607344250381e+07
3.290978455572723597e+07
3.288996142978268489e+07
3.287026971965387464e+07
3.285071240589900687e+07
3.283129218873752654e+07
3.281201131229376793e+07
3.279287145682254061e+07
3.277387369834742323e+07
3.275501852889927477e+07
3.273630592591028661e+07
3.271773545648422837e+07
3.269930640121804550e+07
3.268101788281833380e+07
3.266286898663705960e+07
3.264485886306339502e+07
3.262698680504216254e+07
3.260925229744376987e+07
3.259165503823526949e+07
3.257419493412172422e+07
3.255687207535651699e+07
3.253968669566746801e+07
3.252263912371313572e+07
3.250572973224650323e+07
3.248895889035438374e+07
3.247232692293111980e+07
3.245583408011769876e+07
3.243948051796954870e+07
3.242326629026249796e+07
3.240719135022507980e+07
3.239125556017453223e+07
3.237545870656593144e+07
3.235980051783319563e+07
3.234428068256626278e+07
3.232889886596613377e+07
3.231365472306914628e+07
3.229854790785248578e+07
3.228357807794551179e+07
3.226874489521428198e+07
3.225404802290876210e+07
3.223948712034201995e+07
3.222506183619539440e+07
3.221077180152817443e+07
3.219661662343606353e+07
3.218259588008360192e+07
3.216870911757021025e+07
3.215495584881196916e+07
3.214133555436695367e+07
3.212784768492315337e+07
3.211449166502244025e+07
3.210126689751776308e+07
3.208817276825129241e+07
3.207520865049003065e+07
3.206237390874796361e+07
3.204966790174235404e+07
3.203708998436087370e+07
3.202463950863757730e+07
3.201231582383944839e+07
3.200011827584025636e+07
3.198804620600308105e+07
3.197609894980499893e+07
3.196427583542279899e+07
3.195257618246161193e+07
3.194099930095829070e+07
3.192954449073507637e+07
3.191821104112472758e+07
3.190699823104142398e+07
3.189590532933722064e+07
3.188493159536211193e+07
3.187407627963928878e+07
3.186333862457202375e+07
3.185271786511320621e+07
3.184221322934976965e+07
3.183182393897660449e+07
3.182154920965707302e+07
3.181138825128537416e+07
3.180134026817891374e+07
3.179140445923566073e+07
3.178158001809192076e+07
3.177186613331139833e+07
3.176226198862814903e+07
3.175276676325531304e+07
3.174337963226096332e+07
3.173409976700218022e+07
3.172492633560128883e+07
3.171585850344330817e+07
3.170689543367217854e+07
3.169803628766460717e+07
3.168928022546420246e+07
3.168062640616364405e+07
3.167207398822870106e+07
3.166362212976396829e+07
3.165526998872478306e+07
3.164701672308444232e+07
3.163886149096726254e+07
3.163080345075945929e+07
3.162284176120899990e+07
3.161497558152370155e+07
3.160720407147487998e+07
3.159952639151084051e+07
3.159194170288220048e+07
3.158444916777878255e+07
3.157704794947623089e+07
3.156973721248966083e+07
3.156251612273119763e+07
3.155538384766873717e+07
3.154833955648355559e+07
3.154138242022547871e+07
3.153451161196494848e+07
3.152772630694197118e+07
3.152102568271280825e+07
3.151440891929467395e+07
3.150787519930969924e+07
3.150142370812826604e+07
3.149505363401191682e+07
3.148876416825547814e+07
3.148255450532753021e+07
3.147642384300815314e+07
3.147037138252263516e+07
3.146439632866979763e+07
3.145849788994362950e+07
3.145267527864751220e+07
3.144692771100020409e+07
3.144125440723349899e+07
3.143565459168169275e+07
3.143012749286333844e+07
3.142467234355614334e+07
3.141928838086568564e+07
3.141397484628917649e+07
3.140873098577498272e+07
3.140355604977886379e+07
3.139844929331754893e+07
3.139340997602023184e+07
3.138843736217825860e+07
3.138353072079332173e+07
3.137868932562420145e+07
3.137391245523208380e+07
3.136919939302443713e+07
3.136454942729740590e+07
3.135996185127663240e+07
3.135543596315650642e+07
3.135097106613777950e+07
3.134656646846345440e+07
3.134222148345303163e+07
3.133793542953494936e+07
3.133370763027717918e+07
3.132953741441597044e+07
3.132542411588251963e+07
3.132136707382759452e+07
3.131736563264388219e+07
3.131341914198605344e+07
3.130952695678846911e+07
3.130568843728040159e+07
3.130190294899889827e+07
3.129816986279915646e+07
3.129448855486266315e+07
3.129085840670294687e+07
3.128727880516935885e+07
3.128374914244879037e+07
3.128026881606553495e+07
3.127683722887958214e+07
3.127345378908321634e+07
3.127011791019629687e+07
3.126682901106023788e+07
3.126358651583076268e+07
3.126038985396953300e+07
3.125723846023477241e+07
3.125413177467083186e+07
