2.661691435807293355e+08
2.428231561387044489e+08
2.209656827531691194e+08
2.006063176991191506e+08
1.817481075186389685e+08
1.643869493624634147e+08
1.485110255141237080e+08
1.341002965347170085e+08
1.211260849112844467e+08
1.095507430533938110e+08
9.932753063255652785e+07
9.040060445554246008e+07
8.270525359137816727e+07
7.616836457089121640e+07
7.070914335958455503e+07
6.624010216704822332e+07
6.266830452188819647e+07
5.989684495643093437e+07
5.782652159160929173e+07
5.635764284856098890e+07
5.539189559927438200e+07
5.483419328289924562e+07
5.459442025898147374e+07
5.458899346804539859e+07
5.474217385271179676e+07
5.498707659149090946e+07
5.526634902824907005e+07
5.553250601762448996e+07
5.574793215586560965e+07
5.588457735246898234e+07
5.592338532744149864e+07
5.585350341520181298e+07
5.567132658972370625e+07
5.537942938040022552e+07
5.498543706114090234e+07
5.450088300212579221e+07
5.394009318312046677e+07
5.331913227443408221e+07
5.265483893231217563e+07
5.196397139615096897e+07
5.126247832842475921e+07
5.056490419664526731e+07
4.988393337027809024e+07
4.923007246169477701e+07
4.861146623699560761e+07
4.803383863373134285e+07
4.750054705304495990e+07
4.701273518603238463e+07
4.656956725720218569e+07
4.616852482783398777e+07
4.580574627772988379e+07
4.547638887668269873e+07
4.517499399825918674e+07
4.489583751976521313e+07
4.463324972693248093e+07
4.438189197487375140e+07
4.413698077000280470e+07
4.389445749320230633e+07
4.365107849909810722e+07
4.340448554675852507e+07
4.315318316760883480e+07
4.289648882736400515e+07
4.263444137115914375e+07
4.236768181506647170e+07
4.209731699191219360e+07
4.182477625963427871e+07
4.155167059857408702e+07
4.127966208303494751e+07
4.101035005080181360e+07
4.074517845462435484e+07
4.048536699820708483e+07
4.023186685795865953e+07
3.998534017236655951e+07
3.974616112117561698e+07
3.951443536868070066e+07
3.929003393583364785e+07
3.907263719708080590e+07
3.886178464744225144e+07
3.865692632925869524e+07
3.845747226420784742e+07
3.826283689355187118e+07
3.807247627482310683e+07
3.788591658718554676e+07
3.770277328700669110e+07
3.752276098276528716e+07
3.734569472335799783e+07
3.717148388738071918e+07
3.700012020658167452e+07
3.683166164988262951e+07
3.666621394147828221e+07
3.650391140303088725e+07
3.634489861841510236e+07
3.618931414708031714e+07
3.603727718845303357e+07
3.588887775450338423e+07
3.574417056824409962e+07
3.560317259640408307e+07
3.546586386371747404e+07
3.533219099730335176e+07
3.520207281946723908e+07
3.507540724695623666e+07
3.495207875987205654e+07
3.483196576523383707e+07
3.471494728642474860e+07
3.460090854629278183e+07
3.448974516369364411e+07
3.438136583654221892e+07
3.427569352644050121e+07
3.417266528063171357e+07
3.407223091937877983e+07
3.397435087711273134e+07
3.387899351323064417e+07
3.378613220545797050e+07
3.369574250971279293e+07
3.360779962151619792e+07
3.352227631215929613e+07
3.343914144520151615e+07
3.335835911210257560e+07
3.327988836556006595e+07
3.320368347975543141e+07
3.312969463097672164e+07
3.305786887116913870e+07
3.298815126057027280e+07
3.292048603217143938e+07
3.285481767781949788e+07
3.279109187124929577e+07
3.272925616483888030e+07
3.266926044797600806e+07
3.261105714567570016e+07
3.255460119686997682e+07
3.249984984640688822e+07
3.244676230361996964e+07
3.239529932361761481e+07
3.234542276583690941e+07
3.229709517782521993e+07
3.225027944202642143e+07
3.220493851107899845e+07
3.216103524427750707e+07
3.211853234574519470e+07
3.207739239458574355e+07
3.203757794955961406e+07
3.199905170604591817e+07
3.196177668123289570e+07
3.192571640436489880e+07
3.189083509196051210e+07
3.185709779256197065e+07
3.182447049107141048e+07
3.179292016838683933e+07
3.176241481726655364e+07
3.173292341965679452e+07
3.170441589380941540e+07
3.167686302126054093e+07
3.165023636416280642e+07
3.162450818272473663e+07
3.159965136086653173e+07
3.157563934596706182e+07
3.155244610607981309e+07
3.153004610554163530e+07
3.150841429774358496e+07
3.148752613215957209e+07
3.146735757164181024e+07
3.144788511551570147e+07
3.142908582409597188e+07
3.141093734080112725e+07
3.139341790892886370e+07
3.137650638122225553e+07
3.136018222145634890e+07
3.134442549828208983e+07
3.132921687238012999e+07
3.131453757854213566e+07
3.130036940458661318e+07
3.128669466904399917e+07
3.127349619934903085e+07
3.126075731191679090e+07
3.124846179502025992e+07
3.123659389489980787e+07
3.122513830507975817e+07
3.121408015849172324e+07
3.120340502173892409e+07
3.119309889069379866e+07
3.118314818659953028e+07
3.117353975192676485e+07
3.116426084539496154e+07
3.115529913577071950e+07
3.114664269427316636e+07
3.113827998561890051e+07
3.113019985790612549e+07
3.112239153165376931e+07
3.111484458837127313e+07
3.110754895904056728e+07
3.110049491285088286e+07
3.109367304645259306e+07
3.108707427390216291e+07
3.108068981737152487e+07
3.107451119860455394e+07
3.106853023102980107e+07
3.106273901238968223e+07
3.105712991772231087e+07
3.105169559253336489e+07
3.104642894601632282e+07
3.104132314421469718e+07
3.103637160306272656e+07
3.103156798128444701e+07
3.102690617316992581e+07
3.102238030127701908e+07
3.101798470912612230e+07
3.101371395396178216e+07
3.100956279965189099e+07
3.100552620978288352e+07
3.100159934099193662e+07
3.099777753655754030e+07
3.099405632025054097e+07
3.099043139043201879e+07
3.098689861437235400e+07
3.098345402275985852e+07
3.098009380436627194e+07
3.097681430083969235e+07
3.097361200160192698e+07
3.097048353883588314e+07
3.096742568255702779e+07
3.096443533577080071e+07
3.096150952972404286e+07
3.095864541926179081e+07
3.095584027830255777e+07
3.095309149544367194e+07
3.095039656970595568e+07
3.094775310642319173e+07
3.094515881327733770e+07
3.094261149647695199e+07
3.094010905707263947e+07
3.093764948740132526e+07
3.093523086765013635e+07
3.093285136253051832e+07
3.093050921805446595e+07
3.092820275840608403e+07
3.092593038290377706e+07
3.092369056305022910e+07
3.092148183966890350e+07
3.091930282012718916e+07
3.091715217564680427e+07
3.091502863870241493e+07
3.091293100050912797e+07
3.091085810859869421e+07
3.090880886448384449e+07
3.090678222140901536e+07
3.090477718218509108e+07
3.090279279710537568e+07
3.090082816193939000e+07
3.089888241600127891e+07
3.089695474028951675e+07
3.089504435569504648e+07
3.089315052127522603e+07
3.089127253259143978e+07
3.088940972010850906e+07
3.088756144765442237e+07
3.088572711093896627e+07
3.088390613612999022e+07
3.088209797848590091e+07
3.088030212104309350e+07
3.087851807335656509e+07
3.087674537029213458e+07
3.087498357086833566e+07
3.087323225714606792e+07
3.087149103316405416e+07
3.086975952391814440e+07
3.086803737438268214e+07
3.086632424857200682e+07
3.086461982864078134e+07
3.086292381402133033e+07
3.086123592059693485e+07
3.085955587990971655e+07
3.085788343840197846e+07
3.085621835668998212e+07
3.085456040886904299e+07
3.085290938184895366e+07
3.085126507471859455e+07
3.084962729813885689e+07
3.084799587376266718e+07
3.084637063368114829e+07
3.084475141989481822e+07
3.084313808380889893e+07
3.084153048575170338e+07
3.083992849451505765e+07
3.083833198691613972e+07
3.083674084737944603e+07
3.083515496753849834e+07
3.083357424585612863e+07
3.083199858726286516e+07
3.083042790281245112e+07
3.082886210935395584e+07
3.082730112921958044e+07
3.082574488992774487e+07
3.082419332390043512e+07
3.082264636819445342e+07
3.082110396424580738e+07
3.081956605762658641e+07
3.081803259781387448e+07
3.081650353796999529e+07
3.081497883473367244e+07
3.081345844802154973e+07
