3.577888700088059902e+07
3.131167662350786477e+07
2.736292720855875313e+07
2.393428021332347766e+07
2.102202916984697431e+07
1.861595401502454653e+07
1.669811257471560314e+07
1.524172264494002983e+07
1.421034406022218987e+07
1.355764168551606685e+07
1.322804140286549926e+07
1.315853389398290217e+07
1.328169886371723562e+07
1.352972814969597757e+07
1.383890790358310193e+07
1.415381714047466032e+07
1.443052381578887999e+07
1.463831279829701222e+07
1.475984855243695155e+07
1.479000432040627487e+07
1.473377623659746349e+07
1.460373155573520437e+07
1.441736506826595590e+07
1.419462231992907077e+07
1.395574044642527588e+07
1.371947918527680635e+07
1.350176803260601684e+07
1.331477256123549677e+07
1.316637276931673661e+07
1.306003928600845113e+07
1.299508254880907573e+07
1.296723261265569553e+07
1.296948393532679416e+07
1.299311476243941113e+07
1.302877132399038970e+07
1.306749969981443137e+07
1.310161716166914254e+07
1.312534001082084514e+07
1.313512188340246677e+07
1.312969774356570467e+07
1.310986645782440528e+07
1.307807295216721669e+07
1.303786658718566597e+07
1.299331563757767901e+07
1.294845078238379583e+07
1.290679634898661077e+07
1.287102975557887927e+07
1.284278976634227298e+07
1.282263489723579213e+07
1.281013626690614223e+07
1.280407575133594126e+07
1.280271153583816066e+07
1.280406969675496034e+07
1.280622233303322643e+07
1.280751937081854045e+07
1.280675121958600171e+07
1.280323128029911593e+07
1.279679909339919314e+07
1.278775506798028387e+07
1.277674509700127691e+07
1.276461733900546841e+07
1.275227398684569821e+07
1.274053835470347479e+07
1.273005282027878985e+07
1.272121696178497933e+07
1.271416858607315272e+07
1.270880415998471156e+07
1.270483019270472974e+07
1.270183391455344111e+07
1.269936041152107716e+07
1.269698417043702118e+07
1.269436543065021001e+07
1.269128528532830253e+07
1.268765746527552977e+07
1.268351851151629910e+07
1.267900104966612160e+07
1.267429675684903748e+07
1.266961622180290706e+07
1.266515231885719858e+07
1.266105219977184758e+07
1.265740091834885068e+07
1.265421744491887465e+07
1.265146177639111504e+07
1.264905029489504918e+07
1.264687564910290018e+07
1.264482727238952182e+07
1.264280913607604802e+07
1.264075229619163647e+07
1.263862100660218671e+07
1.263641240715817548e+07
1.263415084828288481e+07
1.263187863677844219e+07
1.262964530943437479e+07
1.262749746524173580e+07
1.262547078284431249e+07
1.262358523161839880e+07
1.262184378699466027e+07
1.262023431295647100e+07
1.261873378061728552e+07
1.261731371460438892e+07
1.261594571583448723e+07
1.261460607422907650e+07
1.261327879906004854e+07
1.261195678074871376e+07
1.261064117679148167e+07
1.260933941922015697e+07
1.260806242762232572e+07
1.260682166393725760e+07
1.260562659351139702e+07
1.260448295288709737e+07
1.260339201248079538e+07
1.260235080812457949e+07
1.260135313936140575e+07
1.260039102139189281e+07
1.259945624252614565e+07
1.259854171491602063e+07
1.259764239563677460e+07
1.259675567279274948e+07
1.259588123054202087e+07
1.259502050474960729e+07
1.259417590190324932e+07
1.259334997188233212e+07
1.259254470328804478e+07
1.259176105871054716e+07
1.259099880109794624e+07
1.259025659660238773e+07
1.258953232682749815e+07
1.258882351262531243e+07
1.258812774525944144e+07
1.258744303633406758e+07
1.258676802883889899e+07
1.258610204932723939e+07
1.258544501693375036e+07
1.258479725168593973e+07
1.258415923829943314e+07
1.258353140159662627e+07
1.258291393803700432e+07
1.258230672884221189e+07
1.258170933895724639e+07
1.258112108740018494e+07
1.258054116192760319e+07
1.257996874607261457e+07
1.257940312928988785e+07
1.257884377939619124e+07
1.257829036800543778e+07
1.257774275127805397e+07
1.257720091752893105e+07
1.257666491846643388e+07
1.257613480158064887e+07
1.257561055802049302e+07
1.257509209452001378e+07
1.257457923123406246e+07
1.257407172133974917e+07
1.257356928416020609e+07
1.257307164196857810e+07
1.257257855148164555e+07
1.257208982376735285e+07
1.257160532995985262e+07
1.257112499382173270e+07
1.257064877499993332e+07
1.257017664829204232e+07
1.256970858425818011e+07
1.256924453531330265e+07
1.256878442948786169e+07
1.256832817191899754e+07
1.256787565234708227e+07
1.256742675579939783e+07
1.256698137338323891e+07
1.256653941060794704e+07
1.256610079166992381e+07
1.256566545934497193e+07
1.256523337122332677e+07
1.256480449375834689e+07
1.256437879586550221e+07
1.256395624361920916e+07
1.256353679707109369e+07
1.256312040953434259e+07
1.256270702903266624e+07
1.256229660114771314e+07
1.256188907229727879e+07
1.256148439254255034e+07
1.256108251729586348e+07
1.256068340767982416e+07
1.256028702966452762e+07
1.255989335239045136e+07
1.255950234621785581e+07
1.255911398102078028e+07
1.255872822509668022e+07
1.255834504484834895e+07
1.255796440517741069e+07
1.255758627036266774e+07
1.255721060511483997e+07
1.255683737550806627e+07
1.255646654957064614e+07
1.255609809744008631e+07
1.255573199111332372e+07
1.255536820391913131e+07
1.255500670988804474e+07
1.255464748319025338e+07
1.255429049776506796e+07
1.255393572719522193e+07
1.255358314480754361e+07
1.255323272392720357e+07
1.255288443818630651e+07
1.255253826179198176e+07
1.255219416968683898e+07
1.255185213757558540e+07
1.255151214183191955e+07
1.255117415932973847e+07
1.255083816725558229e+07
1.255050414295502938e+07
1.255017206384802237e+07
1.254984190742410533e+07
1.254951365130562335e+07
1.254918727335080132e+07
1.254886275176277384e+07
1.254854006517460197e+07
1.254821919269159064e+07
1.254790011388655752e+07
1.254758280875665508e+07
1.254726725765886903e+07
1.254695344124376960e+07
1.254664134040391073e+07
1.254633093624625541e+07
1.254602221008985117e+07
1.254571514348278940e+07
1.254540971822853573e+07
1.254510591641089693e+07
1.254480372040954418e+07
1.254450311290217936e+07
1.254420407685411163e+07
1.254390659549962729e+07
1.254361065232121572e+07
1.254331623103247210e+07
1.254302331556846574e+07
1.254273189008482173e+07
1.254244193896384910e+07
1.254215344682462141e+07
1.254186639853295684e+07
1.254158077920799702e+07
1.254129657422350906e+07
1.254101376920358650e+07
1.254073235001399741e+07
1.254045230275133252e+07
1.254017361373217776e+07
1.253989626948410459e+07
1.253962025673937052e+07
1.253934556243131682e+07
1.253907217369259335e+07
1.253880007785418071e+07
1.253852926244401187e+07
1.253825971518457308e+07
1.253799142398925871e+07
1.253772437695778720e+07
1.253745856237126887e+07
1.253719396868761629e+07
1.253693058453777246e+07
1.253666839872300252e+07
1.253640740021302737e+07
1.253614757814479433e+07
1.253588892182119563e+07
1.253563142070947960e+07
1.253537506443891302e+07
1.253511984279774316e+07
1.253486574572946876e+07
1.253461276332876831e+07
1.253436088583736122e+07
1.253411010363997892e+07
1.253386040726073086e+07
1.253361178735979833e+07
1.253336423473041318e+07
1.253311774029604718e+07
1.253287229510766640e+07
1.253262789034097083e+07
1.253238451729363576e+07
1.253214216738254204e+07
1.253190083214110881e+07
1.253166050321672484e+07
1.253142117236839235e+07
1.253118283146452717e+07
1.253094547248088941e+07
1.253070908749858290e+07
1.253047366870206594e+07
1.253023920837709308e+07
1.253000569890854880e+07
1.252977313277821429e+07
1.252954150256245583e+07
1.252931080092988163e+07
1.252908102063903958e+07
1.252885215453613736e+07
1.252862419555288181e+07
1.252839713670436665e+07
1.252817097108708322e+07
1.252794569187696837e+07
1.252772129232754186e+07
1.252749776576810516e+07
1.252727510560197756e+07
1.252705330530483462e+07
1.252683235842307657e+07
1.252661225857228972e+07
