2.544165002257699072e+08
2.338175229235714972e+08
2.142677280951226950e+08
1.957758126064070761e+08
1.783470701573832929e+08
1.619831471445738673e+08
1.466818187421128154e+08
1.324367912200501263e+08
1.192375370318119824e+08
1.070691694688780457e+08
9.591236379439434409e+07
8.574333165792678297e+07
7.653385520752719045e+07
6.825138660269896686e+07
6.085921755050747842e+07
5.431672202432829142e+07
4.857967343094201386e+07
4.360063530356572568e+07
3.932942202236685902e+07
3.571362335138425231e+07
3.269918377271022275e+07
3.023102490044010431e+07
2.825369684364370257e+07
2.671204244730094075e+07
2.555185704333949089e+07
2.472052582549311221e+07
2.416762130357983336e+07
2.384544451157528907e+07
2.370949568554220349e+07
2.371886287064203620e+07
2.383652018356310204e+07
2.402953103220142052e+07
2.426915524693657085e+07
2.453086258316518366e+07
2.479425821654521674e+07
2.504292851781430468e+07
2.526421746277612448e+07
2.544894545944509655e+07
2.559108316326454282e+07
2.568739304933980107e+07
2.573705119452010468e+07
2.574126098660164699e+07
2.570286942409064621e+07
2.562599539620321989e+07
2.551567792779657990e+07
2.537755091280877218e+07
2.521754940235457569e+07
2.504165110483007133e+07
2.485565542695478350e+07
2.466500115762990713e+07
2.447462278377423435e+07
2.428884443641430885e+07
2.411130960043873265e+07
2.394494398505929112e+07
2.379194834590727091e+07
2.365381757526167110e+07
2.353138203516188264e+07
2.342486689921526611e+07
2.333396519131018966e+07
2.325792025940956920e+07
2.319561359337414801e+07
2.314565417717030644e+07
2.310646594409950823e+07
2.307637036170540005e+07
2.305366169077738374e+07
2.303667301836457103e+07
2.302383173496535048e+07
2.301370368830404058e+07
2.300502577898518369e+07
2.299672724795756489e+07
2.298794032664076984e+07
2.297800126631548256e+07
2.296644302688185871e+07
2.295298108369994164e+07
2.293749390648969263e+07
2.291999968146245554e+07
2.290063079533935338e+07
2.287960748838046938e+07
2.285721192521478608e+07
2.283376374008268490e+07
2.280959790002679825e+07
2.278504550790739805e+07
2.276041794802083820e+07
2.273599457015909627e+07
2.271201392094254494e+07
2.268866837001980096e+07
2.266610184712220356e+07
2.264441030596229807e+07
2.262364446282355487e+07
2.260381432013937086e+07
2.258489497589030862e+07
2.256683323478373140e+07
2.254955457276821136e+07
2.253297005793718249e+07
2.251698289362913370e+07
2.250149431898020953e+07
2.248640867408727109e+07
2.247163750751909614e+07
2.245710266997757554e+07
2.244273839692461118e+07
2.242849243310470507e+07
2.241432629194488376e+07
2.240021477228558809e+07
2.238614487385735661e+07
2.237211426194015145e+07
2.235812943170625716e+07
2.234420371513769031e+07
2.233035525961615518e+07
2.231660508889506012e+07
2.230297533578175306e+07
2.228948771301275864e+07
2.227616226588775963e+07
2.226301642844264209e+07
2.225006438526525348e+07
2.223731672366619483e+07
2.222478035134003311e+07
2.221245863278300315e+07
2.220035171144150570e+07
2.218845696131650731e+07
2.217676952416023612e+07
2.216528288697612286e+07
2.215398945993388444e+07
2.214288112112146616e+07
2.213194970179659128e+07
2.212118739342852682e+07
2.211058706534446403e+07
2.210014248880128562e+07
2.208984846946761757e+07
2.207970089539294690e+07
2.206969671142520756e+07
2.205983383367165923e+07
2.205011101901254058e+07
2.204052770497631654e+07
2.203108383461899310e+07
2.202177967960618064e+07
2.201261567268048972e+07
2.200359225831732154e+07
2.199470976783011109e+07
2.198596832266051322e+07
2.197736776723293215e+07
2.196890763068450242e+07
2.196058711508418620e+07
2.195240510647694767e+07
2.194436020424411073e+07
2.193645076384603232e+07
2.192867494796818495e+07
2.192103078137113154e+07
2.191351620527966321e+07
2.190612912786277011e+07
2.189886746817948669e+07
2.189172919182669371e+07
2.188471233736171201e+07
2.187781503333465010e+07
2.187103550641529262e+07
2.186437208161172271e+07
2.185782317594120651e+07
2.185138728712754697e+07
2.184506297897282243e+07
2.183884886500226706e+07
2.183274359183237329e+07
2.182674582348890603e+07
2.182085422763179243e+07
2.181506746435184032e+07
2.180938417791498452e+07
2.180380299156132340e+07
2.179832250523430109e+07
2.179294129593020678e+07
2.178765792022464424e+07
2.178247091845215857e+07
2.177737881998472288e+07
2.177238014906841144e+07
2.176747343072718382e+07
2.176265719631926715e+07
2.175792998842504621e+07
2.175329036484661698e+07
2.174873690159921721e+07
2.174426819486753643e+07
2.173988286197865754e+07
2.173557954150616378e+07
2.173135689266320318e+07
2.172721359416760504e+07
2.172314834276926890e+07
2.171915985162223130e+07
2.171524684866376966e+07
2.171140807513407618e+07
2.170764228433608264e+07
2.170394824069928378e+07
2.170032471917688847e+07
2.169677050497432798e+07
2.169328439358194917e+07
2.168986519106486440e+07
2.168651171455068886e+07
2.168322279285011813e+07
2.167999726714500785e+07
2.167683399168412387e+07
2.167373183443543315e+07
2.167068967765513435e+07
2.166770641834633052e+07
2.166478096859270334e+07
2.166191225576426089e+07
2.165909922260209918e+07
2.165634082719686627e+07
2.165363604288085550e+07
2.165098385805653408e+07
2.164838327598483860e+07
2.164583331455515325e+07
2.164333300605616719e+07
2.164088139696262404e+07
2.163847754774882272e+07
2.163612053273506463e+07
2.163380943996890634e+07
2.163154337113965675e+07
2.162932144152142107e+07
2.162714277993820608e+07
2.162500652874334902e+07
2.162291184380548447e+07
2.162085789449345320e+07
2.161884386365387961e+07
2.161686894757632166e+07
2.161493235594262555e+07
2.161303331175869703e+07
2.161117105126846954e+07
2.160934482385104150e+07
2.160755389190312102e+07
2.160579753070949018e+07
2.160407502830445766e+07
2.160238568532755598e+07
2.160072881487620994e+07
2.159910374235796183e+07
2.159750980534403026e+07
2.159594635342563689e+07
2.159441274807363003e+07
2.159290836250170693e+07
2.159143258153278381e+07
2.158998480146791041e+07
2.158856442995680496e+07
2.158717088586905226e+07
2.158580359916501492e+07
2.158446201076555252e+07
2.158314557241991162e+07
2.158185374657132849e+07
2.158058600622005761e+07
2.157934183478383347e+07
2.157812072595600039e+07
2.157692218356148154e+07
2.157574572141121328e+07
2.157459086315535754e+07
2.157345714213594049e+07
2.157234410123929381e+07
2.157125129274877161e+07
2.157017827819810808e+07
2.156912462822557613e+07
2.156808992242925614e+07
2.156707374922341481e+07
2.156607570569602400e+07
2.156509539746744931e+07
2.156413243855016679e+07
2.156318645120952278e+07
2.156225706582536548e+07
2.156134392075456679e+07
2.156044666219434515e+07
2.155956494404638186e+07
2.155869842778177559e+07
2.155784678230680898e+07
2.155700968382963538e+07
2.155618681572796404e+07
2.155537786841778830e+07
2.155458253922328725e+07
2.155380053224795312e+07
2.155303155824701115e+07
2.155227533450124785e+07
2.155153158469223604e+07
2.155080003877900913e+07
2.155008043287624046e+07
2.154937250913387164e+07
2.154867601561825722e+07
2.154799070619480312e+07
2.154731634041200951e+07
2.154665268338707834e+07
2.154599950569290668e+07
2.154535658324654028e+07
2.154472369719912484e+07
2.154410063382723927e+07
2.154348718442576379e+07
2.154288314520216733e+07
2.154228831717228889e+07
2.154170250605762005e+07
2.154112552218411118e+07
2.154055718038247526e+07
2.153999729989001155e+07
2.153944570425400138e+07
2.153890222123662755e+07
2.153836668272144347e+07
2.153783892462137341e+07
2.153731878678828478e+07
2.153680611292405427e+07
2.153630075049319491e+07
2.153580255063697696e+07
2.153531136808907986e+07
2.153482706109274179e+07
