1.402872939048397812e+14
1.229552505574794219e+14
1.075114026768398906e+14
9.379027085995565625e+13
8.159617411697082812e+13
7.076260417404334375e+13
6.116178920002371875e+13
5.269566073808218750e+13
4.528213599629428906e+13
3.884130320951047656e+13
3.328834599422858203e+13
2.853659705759465625e+13
2.450090992034474609e+13
2.109733688332330078e+13
1.824357148343253125e+13
1.586160813462831836e+13
1.387917249194911914e+13
1.223080654891204492e+13
1.085975266968302734e+13
9.717735405248123047e+12
8.762782166532093750e+12
7.958208997914444336e+12
7.272497116756190430e+12
6.678873738786432617e+12
6.155749499997790039e+12
5.687360578704018555e+12
5.262845962873069336e+12
4.874731315394698242e+12
4.517963289764348633e+12
4.188851481943227051e+12
3.884230629499386719e+12
3.601415658811179688e+12
3.338193413478808105e+12
3.092829714037795898e+12
2.864525395669393555e+12
2.653481222469292969e+12
2.460369894592824219e+12
2.285986199761803223e+12
2.130936609890054932e+12
1.995328443219500244e+12
1.878886790452252441e+12
1.781034106817738770e+12
1.700765006095674561e+12
1.636742409935707031e+12
1.587267006144260010e+12
1.550071310274964111e+12
1.522451274848305176e+12
1.501575056201588379e+12
1.484785849718272461e+12
1.469836260774526123e+12
1.454821548093765625e+12
1.438115400491853271e+12
1.418504992941772705e+12
1.395263769278816406e+12
1.368172974957136963e+12
1.337447723262884521e+12
1.303560381280245117e+12
1.267159827632756104e+12
1.228999105797566895e+12
1.189892181779310303e+12
1.150768105282633301e+12
1.112617036192205322e+12
1.076338789346926514e+12
1.042591853645754761e+12
1.011704489226470703e+12
9.837299160843995361e+11
9.585277186476341553e+11
9.358281683335457764e+11
9.153054613464481201e+11
8.966210567618818359e+11
8.794663073597399902e+11
8.635786640309456787e+11
8.487415324952191162e+11
8.347898080103128662e+11
8.215843687397967529e+11
8.090023547961173096e+11
7.969449531750095215e+11
7.853411793895869141e+11
7.741448164133837891e+11
7.633093464598676758e+11
7.527758559907852783e+11
7.424749968859948730e+11
7.323375339287335205e+11
7.223112506164965820e+11
7.123693386599641113e+11
7.025143728974871826e+11
6.927675667859079590e+11
6.831552872557208252e+11
6.736982372428758545e+11
6.644028066722441406e+11
6.552626552757272949e+11
6.462631825634055176e+11
6.373896600684527588e+11
6.286312780868071289e+11
6.199817019135961914e+11
6.114401143421782227e+11
6.030112717670156250e+11
5.947041299576529541e+11
5.865266799087332764e+11
5.784828664678392334e+11
5.705718977197395020e+11
5.627906028313908691e+11
5.551362158534530029e+11
5.476075959257012939e+11
5.402049142752440796e+11
5.329271010216400757e+11
5.257704995329934082e+11
5.187289716555332642e+11
5.117954360484269409e+11
5.049634313616770630e+11
4.982284499751140747e+11
4.915880307347460327e+11
4.850405927908646851e+11
4.785843682003146362e+11
4.722171846402653809e+11
4.659368045255602417e+11
4.597408239936928101e+11
4.536269229158242798e+11
4.475932076607194824e+11
4.416383211404914551e+11
4.357611156010549927e+11
4.299604027308507690e+11
4.242349373791820068e+11
4.185835988224046021e+11
4.130056198139801025e+11
4.075006373543540649e+11
4.020684681694838867e+11
3.967088922235713501e+11
3.914216554054424438e+11
3.862063825958672485e+11
3.810624261868599854e+11
3.759888443485721436e+11
3.709845744003184814e+11
3.660485021749739380e+11
3.611794038941437378e+11
3.563759409278009033e+11
3.516367910127896729e+11
3.469608256855728760e+11
3.423472354031399536e+11
3.377954828986981812e+11
3.333051405892705078e+11
3.288757589468115234e+11
3.245068242132834473e+11
3.201977364470717773e+11
3.159477993873594971e+11
3.117562586256945190e+11
3.076223344175285645e+11
3.035452283638563843e+11
2.995241370338779297e+11
2.955582790601375732e+11
2.916469140401412354e+11
2.877893513194627075e+11
2.839849381292971802e+11
2.802330263197264404e+11
2.765329530373394775e+11
2.728840565497911987e+11
2.692856935275967712e+11
2.657372448066438599e+11
2.622381096478589478e+11
2.587876930168473511e+11
2.553853966786343079e+11
2.520306245518935242e+11
2.487227887575801697e+11
2.454613036074624634e+11
2.422455763657070618e+11
2.390750031699223328e+11
2.359489739525069885e+11
2.328668847540081177e+11
2.298281480438666992e+11
2.268321915962249146e+11
2.238784513001266785e+11
2.209663666432988281e+11
2.180953816634119568e+11
2.152649475480940857e+11
2.124745258351030579e+11
2.097235881944596252e+11
2.070116136366802673e+11
2.043380849569915466e+11
2.017024874721265564e+11
1.991043089283468323e+11
1.965430409565619202e+11
1.940181802600626221e+11
1.915292280446952209e+11
1.890756894362607727e+11
1.866570738268174744e+11
1.842728954790430298e+11
1.819226740511940308e+11
1.796059357682777710e+11
1.773222135487067871e+11
1.750710465344958801e+11
1.728519795500040588e+11
1.706645626043053894e+11
1.685083505180570068e+11
1.663829027640461121e+11
1.642877832690453186e+11
1.622225605202182922e+11
1.601868081982358093e+11
1.581801053958899231e+11
1.562020365343873596e+11
1.542521911047263489e+11
