2.660213268638990879e+09
9.904772992373211670e+11
1.781518270081051331e+11
3.656616563731715088e+11
5.402518475357852783e+11
3.999411215836170654e+11
1.630038856700057068e+11
8.288725067350952148e+10
1.846455647776716309e+11
2.701814087203320312e+11
2.234819067509212341e+11
1.252551097886741333e+11
7.327754593186041260e+10
7.460835896241265869e+10
9.900070582691415405e+10
1.210099405251219635e+11
1.183895317963402557e+11
8.245690332844775391e+10
3.924885744130245209e+10
2.907765036485566711e+10
5.409388181949461365e+10
7.499024025421611023e+10
6.590993266692445374e+10
4.041479276698678589e+10
2.263425107847821426e+10
2.084267282257665634e+10
3.045921104248936462e+10
4.111207097332971191e+10
3.984487053499456787e+10
2.376121313744044495e+10
8.804342741274230957e+09
1.114959378599409294e+10
2.396672423814303207e+10
2.786424151731411362e+10
1.858674800319725418e+10
8.661733147113519669e+09
7.223094242376689911e+09
1.178309515924368668e+10
1.576325576788657188e+10
1.478512011022653008e+10
9.142207669855304718e+09
4.588843307433473587e+09
6.095486410714553833e+09
1.036105211608265877e+10
1.062131560613840485e+10
6.789120305908353806e+09
4.111520993976829529e+09
4.787282762184703827e+09
6.607829165492458344e+09
7.110205363504552841e+09
5.696895442465759277e+09
3.803845248073562145e+09
3.572097266564769745e+09
4.882202672195001602e+09
5.410735662584134102e+09
4.366504938676982880e+09
3.316819020999075890e+09
3.311996213255389690e+09
3.859542278643287659e+09
4.141981306328505993e+09
3.734569378813300133e+09
3.010083560310487747e+09
2.888953477199059010e+09
3.403061237062332630e+09
3.581907551310270309e+09
3.130368367037578106e+09
2.740619316863992214e+09
2.828341939187339306e+09
3.107612449453014851e+09
3.131133555466489315e+09
2.824849338450780869e+09
2.608940339461418629e+09
2.764073587457002163e+09
2.945012695482872486e+09
2.822556065167492390e+09
2.618034100328582764e+09
2.609191173061439991e+09
2.723060571098229408e+09
2.756747748983522415e+09
2.651918341263504028e+09
2.553792229254447460e+09
2.595253584742723465e+09
2.670408885252337456e+09
2.634264265276185036e+09
2.552458999832581520e+09
2.544075790826586246e+09
2.590035233647783756e+09
2.601333067399260044e+09
2.555990088387313366e+09
2.523015962917021275e+09
2.544500577859907627e+09
2.566408295055143833e+09
2.546731249664751530e+09
2.519862119388793468e+09
2.520344250361567020e+09
2.536238735898265362e+09
2.536738537865420341e+09
2.516990735784423828e+09
2.507088491186437607e+09
2.518758967215529919e+09
2.524818180973922253e+09
2.512188413940658092e+09
2.501823670539939404e+09
2.507625482756276608e+09
2.514453980444149971e+09
2.507536060959513187e+09
2.498446518056946754e+09
2.501135079182400227e+09
2.506558373859807014e+09
2.502703977900871277e+09
2.496071260848253727e+09
2.496979044740499496e+09
2.500629926407147884e+09
2.498332107199303150e+09
2.493999423113290787e+09
2.494061376219777107e+09
2.495881312844822884e+09
2.494896524792491436e+09
2.492022725939316273e+09
2.491323744408360958e+09
2.492594507902134418e+09
2.491907281469119549e+09
2.489833445101009369e+09
2.489274582507249832e+09
2.489707682847339153e+09
2.489339817565344334e+09
2.487893006388767719e+09
2.487073848433102608e+09
2.487449844496685505e+09
2.487037679717807770e+09
2.485763188018936157e+09
2.485244727778563023e+09
2.485291436314126492e+09
2.484824874816607952e+09
2.483844310864208221e+09
2.483347068949110508e+09
2.483295644151612759e+09
2.482727014155018330e+09
2.481930402865705013e+09
2.481540555803299427e+09
2.481280702664912224e+09
2.480740334580303192e+09
2.480067361382181168e+09
2.479669242327272415e+09
2.479345962798790455e+09
2.478779249653136730e+09
2.478204415137746811e+09
2.477798885298837662e+09
2.477406111691621304e+09
2.476859939131676197e+09
2.476316637529274464e+09
2.475921128869919777e+09
2.475472962789158821e+09
2.474928874141551495e+09
2.474439583640604973e+09
2.474007943690529346e+09
2.473534562719811440e+09
2.473007768600507736e+09
2.472529223839733601e+09
2.472081985127427578e+09
2.471585242849110126e+09
2.471074052900434494e+09
2.470599666939349174e+09
2.470131713728849888e+09
2.469625501551659107e+09
2.469122992442353725e+09
2.468647891966492653e+09
2.468158539435666084e+09
2.467652010760891438e+09
2.467153775484641075e+09
2.466668285073837757e+09
2.466169345108933449e+09
2.465658941388261318e+09
2.465162821005090714e+09
2.464666842052174091e+09
2.464157628719753265e+09
2.463649097402896881e+09
2.463148009142644882e+09
2.462641563433620930e+09
2.462127706031859875e+09
2.461617833257452488e+09
2.461109283942440987e+09
2.460595030297746658e+09
2.460077941560394764e+09
2.459563772329394341e+09
2.459048171875494003e+09
2.458527522713074684e+09
2.458007039207111359e+09
2.457487481196735859e+09
2.456964885410407543e+09
2.456439244655926704e+09
2.455914619256145954e+09
2.455389048877470493e+09
2.454859930118288994e+09
2.454330266923930645e+09
2.453800497819081783e+09
2.453268452375793457e+09
2.452734364308022499e+09
2.452200066930957317e+09
2.451664513119155407e+09
