1.569035876865483250e+15
1.488527975084459000e+15
1.411846490165195750e+15
1.338823893634085000e+15
1.269277914373592750e+15
1.203045498713538750e+15
1.139973624457457250e+15
1.079920299469303125e+15
1.022748515849330875e+15
9.683228133057506250e+14
9.165134284852958750e+14
8.672015765034913750e+14
8.202803691054336250e+14
7.756512411898955000e+14
7.332196543628478750e+14
6.928936191211220000e+14
6.545853304903556250e+14
6.182136926422125000e+14
5.837052141001147500e+14
5.509929592372608750e+14
5.200142788454918750e+14
4.907076409077685000e+14
4.630094892624434375e+14
4.368528587345632500e+14
4.121685459904036875e+14
3.888876768317797500e+14
3.669435665994518125e+14
3.462719722209106875e+14
3.268105367926000625e+14
3.084984758889207500e+14
2.912767132163598750e+14
2.750880891927467812e+14
2.598774206988230938e+14
2.455915023097465625e+14
2.321791487109874688e+14
2.195912716364645000e+14
2.077809319129456562e+14
1.967032714850497812e+14
1.863152973206310000e+14
1.765756483972448750e+14
1.674444945359441875e+14
1.588835874260213125e+14
1.508564269266054062e+14
1.433285367942121562e+14
1.362677913121419844e+14
1.296445746472473125e+14
1.234315853832280469e+14
1.176034321501399375e+14
1.121363589995373906e+14
1.070081535673341406e+14
1.021979887357383594e+14
9.768613176431418750e+13
9.345373058419700000e+13
8.948277945540892188e+13
8.575616339527106250e+13
8.225769812189626562e+13
7.897214844071935938e+13
7.588521698636201562e+13
7.298352643285307812e+13
7.025462649426756250e+13
6.768701231002335156e+13
6.527011815657611719e+13
6.299425481849219531e+13
6.085047424028990625e+13
5.883040852163273438e+13
5.692617380905420312e+13
5.513034805993736719e+13
5.343594538368387500e+13
5.183636950867920312e+13
5.032540721423208594e+13
4.889727145296714062e+13
4.754662898784098438e+13
4.626857720638117969e+13
4.505859938197140625e+13
4.391252421844319531e+13
4.282648715684280469e+13
4.179689218697407031e+13
4.082037456901036719e+13
3.989376661779108594e+13
3.901407733303330469e+13
3.817848671300244531e+13
3.738434389615789062e+13
3.662916013996567969e+13
3.591058991922563281e+13
3.522640752213867969e+13
3.457449943582948828e+13
3.395287291819918359e+13
3.335966269222500781e+13
3.279313118102997266e+13
3.225166633116996484e+13
3.173377473826351562e+13
3.123806936111081641e+13
3.076325442729213281e+13
3.030811130822918750e+13
2.987149120661917969e+13
2.945231557863264453e+13
2.904957771366598047e+13
2.866233940313994141e+13
2.828972252845584766e+13
2.793089953803756641e+13
2.758508773967355469e+13
2.725154884142900000e+13
2.692959004568749609e+13
2.661856389517634375e+13
2.631786717131109375e+13
2.602693874554753906e+13
2.574525614579696875e+13
2.547233122383810547e+13
2.520770577489634766e+13
2.495094908942462109e+13
2.470165744718410547e+13
2.445945285707665234e+13
2.422398046512921875e+13
2.399490611098881641e+13
2.377191486155842578e+13
2.355471031430596094e+13
2.334301360877473828e+13
2.313656191429083984e+13
2.293510722572176562e+13
2.273841558261556250e+13
2.254626632459176562e+13
2.235845137613355078e+13
2.217477457201485938e+13
2.199505097970310156e+13
2.181910620910704297e+13
2.164677560875361719e+13
2.147790339142581250e+13
2.131234188458383203e+13
2.114995101717057422e+13
2.099059805688332422e+13
2.083415740734753516e+13
2.068051027194646094e+13
2.052954429049221875e+13
2.038115315975650000e+13
2.023523622946857031e+13
2.009169820650862891e+13
1.995044890139335547e+13
1.981140292869185547e+13
1.967447939325409375e+13
1.953960158485400391e+13
1.940669670609410156e+13
1.927569563257758594e+13
1.914653270947064453e+13
1.901914559019516797e+13
1.889347508862107031e+13
1.876946503650869141e+13
1.864706212103799219e+13
1.852621569646328125e+13
1.840687762086455078e+13
1.828900210993433984e+13
1.817254556780167969e+13
1.805746643118895703e+13
1.794372504789601562e+13
1.783128357091991797e+13
1.772010587070547656e+13
1.761015745917876953e+13
1.750140541100555469e+13
1.739381828210619922e+13
1.728736603632831445e+13
1.718201997164278125e+13
1.707775263377365234e+13
1.697453774063320117e+13
1.687235012220603906e+13
1.677116566174364258e+13
1.667096124574633789e+13
1.657171472390890820e+13
1.647340486708450586e+13
1.637601131766478906e+13
1.627951453739486328e+13
1.618389576129126758e+13
1.608913696113266016e+13
1.599522081555223242e+13
1.590213068037854297e+13
1.580985055652489453e+13
1.571836505871160156e+13
1.562765938482973047e+13
1.553771928590336133e+13
1.544853103946160742e+13
1.536008142507024414e+13
1.527235770111619336e+13
1.518534758244225781e+13
1.509903921861203906e+13
1.501342117300515234e+13
1.492848240280002344e+13
1.484421224026909961e+13
1.476060037471347656e+13
1.467763683563923633e+13
1.459531197777461523e+13
1.451361646681187109e+13
1.443254126537863477e+13
1.435207761933834570e+13
1.427221704467124609e+13
1.419295131516897461e+13
1.411427245091082422e+13
1.403617270750228516e+13
1.395864456589600195e+13
1.388168072263513086e+13
1.380527408023779688e+13
1.372941773790441797e+13
1.365410498306245508e+13
