1.762781733082432270e+09
1.105881009597116943e+12
1.613182727984062500e+11
3.783771732905823364e+11
6.097719827195898438e+11
4.447923297309714355e+11
1.691500336331200562e+11
7.756704221786763000e+10
1.927907616904725647e+11
2.970931809501068726e+11
2.539763911808005676e+11
1.410914491104669495e+11
7.089067667268452454e+10
6.914182063219050598e+10
1.060025382095222931e+11
1.388375396184254456e+11
1.337696748739451904e+11
8.720366003344174194e+10
3.659577993246298218e+10
2.731588896055200195e+10
5.843488384181754303e+10
8.401274530375001526e+10
7.353023855589447021e+10
4.203669801118118286e+10
2.004229505525291824e+10
1.996134973336158371e+10
3.397301642028057861e+10
4.580739353991911316e+10
4.191713677400596619e+10
2.336493158790404129e+10
8.174129586867998123e+09
1.132243327197714424e+10
2.490498046053328705e+10
2.937128525154285049e+10
1.973545981307489014e+10
8.315446771785650253e+09
5.943144995820075035e+09
1.139144670555379868e+10
1.665746851417531586e+10
1.551229309362504578e+10
8.701767766143173218e+09
3.520743999699666023e+09
5.357184673727067947e+09
1.029098538556268692e+10
1.082103941592825890e+10
6.493837786880791664e+09
3.087839471057425499e+09
3.785729884853877544e+09
6.279054514525976181e+09
6.997775454082361221e+09
5.081812565342636108e+09
2.816530145958391666e+09
2.752210240381980896e+09
4.338402058306357384e+09
4.893839563089997292e+09
3.671345122229867458e+09
2.447028131540593147e+09
2.471263830294160366e+09
3.182056562255003452e+09
3.486338709923397064e+09
2.953608064377758980e+09
2.170334984291698456e+09
2.075068070700724125e+09
2.620987017312899113e+09
2.834876230685984135e+09
2.360744285850601196e+09
1.883151549478385448e+09
1.967789277669772148e+09
2.330411344546897411e+09
2.359172321772710323e+09
1.987182581014932871e+09
1.750064371693278551e+09
1.929128263296477079e+09
2.138083247382002831e+09
2.016290970352866650e+09
1.768564831694358826e+09
1.742390826381830931e+09
1.899286091656562805e+09
1.946199823607072353e+09
1.804298079519677639e+09
1.696334640867643118e+09
1.756151729205661774e+09
1.837355375820095778e+09
1.797052816896133423e+09
1.704706278723685741e+09
1.691127033198211193e+09
1.749426037840884209e+09
1.765098595078920841e+09
1.708365616227337599e+09
1.672275169959717512e+09
1.698453020374195814e+09
1.723596156947205305e+09
1.704025295754070282e+09
1.670232773528855562e+09
1.669287216639149904e+09
1.693790315654688597e+09
1.693329641736120701e+09
1.666507053223013878e+09
1.658856261012641430e+09
1.673854620925663710e+09
1.678837424246508837e+09
1.665168896017689943e+09
1.653702926821013689e+09
1.660668275029920578e+09
1.669434924529129028e+09
1.660754033074636936e+09
1.650671819947168589e+09
1.654897118186641932e+09
1.660698110632110119e+09
1.656548405081338644e+09
1.649527289336410761e+09
1.650419553703799486e+09
1.655141364093052626e+09
1.652826656427347660e+09
1.647766230213152170e+09
1.648307357112655401e+09
1.650639109612112522e+09
1.649692315532567978e+09
1.646747350373639345e+09
1.645962575464557648e+09
1.647776487363238335e+09
1.647442992276593924e+09
1.644988354528066397e+09
1.644590683675219774e+09
1.645588979893512726e+09
1.645259147190187454e+09
1.643736557264497280e+09
1.643154184078073263e+09
1.643839497171953917e+09
1.643559306557535172e+09
1.642317190739585876e+09
1.641986245412203074e+09
1.642310362014537573e+09
1.641983091534054279e+09
1.641083760356857300e+09
1.640782805624248743e+09
1.640968685926290512e+09
1.640545085931462288e+09
1.639870008213511467e+09
1.639677460023109436e+09
1.639627655377313137e+09
1.639243594750329494e+09
1.638718467515429735e+09
1.638509950549927235e+09
1.638390648365777969e+09
1.637987687966332436e+09
1.637568076507824421e+09
1.637361610346180439e+09
1.637163423843553782e+09
1.636780940248353243e+09
1.636412202027495861e+09
1.636211013553615570e+09
1.635954580496123314e+09
1.635581044217939615e+09
1.635269750922169447e+09
1.635040687052370787e+09
1.634750709288556576e+09
1.634397357194120884e+09
1.634113910075049162e+09
1.633859587281244755e+09
1.633544929905548334e+09
1.633221809031172752e+09
1.632940050167151213e+09
1.632662784435371161e+09
1.632346918794636250e+09
1.632033386647404909e+09
1.631751758297896624e+09
1.631458561359818935e+09
1.631140645272065401e+09
1.630836184552236795e+09
1.630549064457655907e+09
1.630242533866514921e+09
1.629927033629032612e+09
1.629628120513012648e+09
1.629329203349716663e+09
1.629016989307711124e+09
1.628705140495313168e+09
1.628403635341846228e+09
1.628096576581342459e+09
1.627781009193766356e+09
1.627471356050730467e+09
1.627164378400462866e+09
1.626850858661069155e+09
1.626534765984053135e+09
1.626223675358494043e+09
1.625911033999046326e+09
1.625593067095886707e+09
1.625276695388925552e+09
1.624961960965123415e+09
1.624644023818053484e+09
1.624323776236298800e+09
1.624005451567593813e+09
1.623686401358340979e+09
1.623364335196689367e+09
1.623042265043565273e+09
1.622720744076106310e+09
1.622397436181234121e+09
1.622072412296859026e+09
1.621747890497717857e+09
1.621422699025555372e+09
