2.451126755954607010e+09
1.008082781168359009e+12
1.721390915252165222e+11
3.701087982939261475e+11
5.513244845277204590e+11
4.026105456938026123e+11
1.597637982706152649e+11
8.401120346458425903e+10
1.898104507743233032e+11
2.730866047856831360e+11
2.236280511489963684e+11
1.259588591029251556e+11
7.491190318819122314e+10
7.529928471236268616e+10
9.919411725712690735e+10
1.223128919201235657e+11
1.201553803227237244e+11
8.286000683552714539e+10
3.859110474521500397e+10
2.922091506329452133e+10
5.532796594758806610e+10
7.582925336243013000e+10
6.574610034919607544e+10
4.021717145130075073e+10
2.303066409544672775e+10
2.125879080936863327e+10
3.042895883501913834e+10
4.099667738577084351e+10
4.001964795770489502e+10
2.399536546332598114e+10
8.778477091069023132e+09
1.094154318706423569e+10
2.383763501602849579e+10
2.793341804031961823e+10
1.872707814744242477e+10
8.605922405944980621e+09
6.912130805338828087e+09
1.153944508914421463e+10
1.582450255161211777e+10
1.487824333126053238e+10
8.937116205481832504e+09
4.261145091277270794e+09
5.967578705547541618e+09
1.035083001433225632e+10
1.049661076327563095e+10
6.584397683744311333e+09
3.937139335130104542e+09
4.612197909410270691e+09
6.433227639208901405e+09
6.993198566465622902e+09
5.564063683042574883e+09
3.569415325210702896e+09
3.339068107294144630e+09
4.753579392893128395e+09
5.290535366986780167e+09
4.152445499906413078e+09
3.077786857710138798e+09
3.138048727150616646e+09
3.715676356913279533e+09
3.955672973150217056e+09
3.512620847849940777e+09
2.809535059638914585e+09
2.721016672908020020e+09
3.223048743677856445e+09
3.372025275346671581e+09
2.926332995065021515e+09
2.559771482960503578e+09
2.642323582774388790e+09
2.902268118730235577e+09
2.929647118121031284e+09
2.639152228478219032e+09
2.418225891359848976e+09
2.557774922367891788e+09
2.744870499478680611e+09
2.637004724016749859e+09
2.423161510357554436e+09
2.401180028034248352e+09
2.526199338434138775e+09
2.568886601935494900e+09
2.452585874075333118e+09
2.349628067250308990e+09
2.399723539583128452e+09
2.476486731877676010e+09
2.435441181711590290e+09
2.352620110550942898e+09
2.345982884746881962e+09
2.393541969504830837e+09
2.404201510615295410e+09
2.356851705236527920e+09
2.324385232603420734e+09
2.347147384634561062e+09
2.368946546010883808e+09
2.348866818364830017e+09
2.320943100783698559e+09
2.321904023279065132e+09
2.339740768510092258e+09
2.338738028783522606e+09
2.317435347197383881e+09
2.309828541124973297e+09
2.321754196587758064e+09
2.325944312452157021e+09
2.314122514719422340e+09
2.304515925222171783e+09
2.309547863354714394e+09
2.316502516541434765e+09
2.309861152594415665e+09
2.300606427936197281e+09
2.303376748773993492e+09
2.308851633715753078e+09
2.305049470123397827e+09
2.298395229460116863e+09
2.299267801420396328e+09
2.303134458131170750e+09
2.300805031209499359e+09
2.296369130956546307e+09
2.296605843943110466e+09
2.298456630517503262e+09
2.297468975699057579e+09
2.294644200319027901e+09
2.293929969512948513e+09
2.295323662285522938e+09
2.294679456389606476e+09
2.292537634958203793e+09
2.292081323755970478e+09
2.292594402006956577e+09
2.292218352428909302e+09
2.290799395841120720e+09
2.290030156278497219e+09
2.290479763011925220e+09
2.290087561793025970e+09
2.288818267570286751e+09
2.288378642639654636e+09
2.288476803430949688e+09
2.288021262904374599e+09
2.287082406718251228e+09
2.286645676893607140e+09
2.286633592203744888e+09
2.286092302589864254e+09
2.285345607240520477e+09
2.285001341238960266e+09
2.284780849957287312e+09
2.284286023661146164e+09
2.283647509141932964e+09
2.283299457704523563e+09
2.283024593174122810e+09
2.282488231113976955e+09
2.281963344354337215e+09
2.281605573315674305e+09
2.281249860190334797e+09
2.280751284975708008e+09
2.280251071266717911e+09
2.279898520150368214e+09
2.279499460320298672e+09
2.278995770392045021e+09
2.278549221660027981e+09
2.278169613121987343e+09
2.277737585823831081e+09
2.277251857578278542e+09
2.276825581166779995e+09
2.276421859246206284e+09
2.275967316123547077e+09
2.275505789939981461e+09
2.275076631148467064e+09
2.274653537995052338e+09
2.274194510300540924e+09
2.273738330010465145e+09
2.273309564124070644e+09
2.272867035314653397e+09
2.272407353356058121e+09
2.271955694545389175e+09
2.271517884526883125e+09
2.271066022537287712e+09
2.270602520688105583e+09
2.270154459827064991e+09
2.269706105628572464e+09
2.269244420303304195e+09
2.268783776565933704e+09
2.268331116631335735e+09
2.267872689718533039e+09
2.267406883861402512e+09
2.266945871914257050e+09
2.266485780667291164e+09
2.266020182555533409e+09
2.265551989848380089e+09
2.265086833223232746e+09
2.264620451877313137e+09
2.264148859090103626e+09
2.263677851837132931e+09
2.263207942132285118e+09
2.262734811337758064e+09
2.262258964952337265e+09
2.261784387389942646e+09
2.261308729503273487e+09
2.260829764821447372e+09
2.260350471472715855e+09
2.259871067431187153e+09
2.259389573176280499e+09
2.258906153409709454e+09
2.258422666492072105e+09
2.257938027181250095e+09
