1.912424280050024748e+09
1.073946696479184814e+12
1.719040821046261597e+11
3.726330009212341919e+11
5.938957080658787842e+11
4.373449638082811279e+11
1.711731979491583557e+11
8.034891373479421997e+10
1.888937184668853455e+11
2.885629458180563965e+11
2.485970005176197815e+11
1.419643834282857361e+11
7.321388756436186218e+10
6.776436669048715973e+10
1.017541444475035248e+11
1.358584236836533356e+11
1.334265437937640686e+11
8.751511422564727783e+10
3.599678625637531281e+10
2.620171045656026459e+10
5.746032254441847992e+10
8.312494414774383545e+10
7.279256471976918030e+10
4.175721516561622620e+10
2.004610448676436615e+10
1.966819589131004333e+10
3.334888565892914963e+10
4.537359486997277069e+10
4.180457004421531677e+10
2.324568278849938965e+10
7.974835233938351631e+09
1.125268949544845772e+10
2.491088471126687241e+10
2.920994761401382065e+10
1.949162188134682465e+10
8.272309594989342690e+09
6.097580818732524872e+09
1.150110211425804901e+10
1.660576435406992340e+10
1.537991992821510124e+10
8.649884593773006439e+09
3.675159421487115383e+09
5.609073063671110153e+09
1.034628725215599632e+10
1.065937792020746231e+10
6.477147044272688866e+09
3.370863985325444698e+09
4.036846910301492691e+09
6.250637946596537590e+09
6.922158253445873260e+09
5.232722132693009377e+09
3.080255016131730556e+09
2.880416731778164387e+09
4.339688654124665260e+09
4.962064973941223145e+09
3.867027490474097729e+09
2.631623168314294815e+09
2.552210273673296452e+09
3.254331858587302208e+09
3.641894955790085316e+09
3.124566003450870514e+09
2.284564117643760681e+09
2.182961308368628502e+09
2.767129928490391254e+09
2.982408629104742527e+09
2.487978443545623302e+09
2.012737935008952141e+09
2.109316503278274775e+09
2.474302792865494728e+09
2.495344477182649136e+09
2.116434135256155252e+09
1.890495384673419237e+09
2.081247357411115646e+09
2.275210522932940483e+09
2.142550488230518103e+09
1.913333911590866089e+09
1.895227791368382215e+09
2.035185591433053017e+09
2.078362167761502981e+09
1.949252055534711838e+09
1.843355902337880373e+09
1.896123856071036100e+09
1.975190421750931263e+09
1.938239060801186562e+09
1.849421715966753721e+09
1.834307425340379000e+09
1.888814698817514658e+09
1.905737427422657490e+09
1.852079159000598192e+09
1.815348251461344481e+09
1.839736110013395309e+09
1.864602598841092110e+09
1.846283839384101391e+09
1.813686486080611706e+09
1.811434226707816601e+09
1.834646249525236845e+09
1.835724017996480703e+09
1.809740355405967474e+09
1.800770316381128311e+09
1.815492713007842302e+09
1.821299214939482212e+09
1.807658446196134329e+09
1.795863481179361343e+09
1.802831687985703230e+09
1.811620833650426865e+09
1.802985561961716652e+09
1.793048161332363129e+09
1.797153651684197426e+09
1.802749955573169947e+09
1.798782142579642296e+09
1.791914156015600920e+09
1.792628523734243393e+09
1.797250673316730261e+09
1.795027401584298849e+09
1.790075415262171507e+09
1.790555561827715635e+09
1.792726979489898920e+09
1.791872102909420013e+09
1.789048298958606243e+09
1.788139651439991951e+09
1.789892557527618408e+09
1.789624150567662716e+09
1.787208285497973919e+09
1.786770808344022989e+09
1.787692666588594198e+09
1.787419746762445450e+09
1.785937666697951555e+09
1.785274555554562569e+09
1.785965682301410913e+09
1.785703289179945707e+09
1.784446244560259819e+09
1.784127877241056919e+09
1.784407893209636450e+09
1.784082487263355255e+09
1.783224223977024555e+09
1.782874777863543987e+09
1.783043184905068159e+09
1.782649797065564394e+09
1.781961093194431782e+09
1.781745964578040123e+09
1.781696415815812826e+09
1.781318059611321449e+09
1.780778728261996984e+09
1.780560988226290941e+09
1.780443205360255957e+09
1.780028063483948946e+09
1.779607949481389284e+09
1.779396256460683584e+09
1.779182521714905262e+09
1.778803739643023968e+09
1.778430146338718414e+09
1.778214892027928829e+09
1.777955690763006210e+09
1.777579734812427521e+09
1.777260574729649305e+09
1.777021721897217512e+09
1.776728767154165030e+09
1.776371724542128563e+09
1.776077987946362972e+09
1.775817976540785313e+09
1.775499540377351284e+09
1.775169247039867401e+09
1.774880063516767025e+09
1.774597412818462610e+09
1.774275860759403229e+09
1.773955362183033943e+09
1.773667434864116669e+09
1.773367695635901451e+09
1.773044100693315983e+09
1.772733091001556396e+09
1.772438584008262396e+09
1.772126716142958641e+09
1.771804605166327715e+09
1.771498581052957058e+09
1.771193614244146585e+09
1.770874775257603407e+09
1.770556415690622330e+09
1.770248216532014608e+09
1.769934398648441315e+09
1.769612511333981037e+09
1.769296143689651966e+09
1.768982126601626873e+09
1.768662144229496717e+09
1.768339534725174904e+09
1.768021244797683716e+09
1.767701900104268789e+09
1.767377429000396490e+09
1.767053935834587097e+09
1.766732268655469418e+09
1.766407670454658985e+09
1.766080434408219099e+09
1.765755042253275633e+09
1.765429132839611053e+09
1.765100114741285324e+09
1.764770932696931124e+09
1.764442399009447336e+09
1.764112068541281462e+09
1.763779914078375101e+09
1.763448293034517288e+09
1.763115949498621225e+09
