2.136741967089217758e+10
7.802915155449053955e+11
2.466653735741325684e+11
3.528955358046366577e+11
4.544687419592026367e+11
3.532535403740985718e+11
1.624996265356144409e+11
1.018062902166374664e+11
1.971090330770710754e+11
2.544418544781593018e+11
1.869974257164688416e+11
1.013935445510594788e+11
8.438916245899827576e+10
1.048189746743278351e+11
1.127198405427369232e+11
1.063546351942324219e+11
9.644566076129782104e+10
7.839292464120468140e+10
5.650464676466030884e+10
5.060944786466537476e+10
6.240281239116629791e+10
6.853959211442399597e+10
5.779338330543704987e+10
4.404728591064784241e+10
3.838048800785214996e+10
3.646203589610594940e+10
3.552634533581130219e+10
3.858325860633913422e+10
4.052936069545746613e+10
3.258407882911435318e+10
2.100213927566550064e+10
2.000929219875006104e+10
2.795735904382426453e+10
3.031389968785894775e+10
2.335329669084363937e+10
1.672351847309821892e+10
1.614006809637440300e+10
1.837404868028551865e+10
1.962947415046429443e+10
1.855071896476830292e+10
1.507448668089742088e+10
1.200762347351154900e+10
1.262693075722830963e+10
1.491680417521076584e+10
1.437705623214158630e+10
1.151911434991893578e+10
1.010618056681973457e+10
1.061784057958177757e+10
1.102062537376842880e+10
1.067695657674614906e+10
9.866523097110496521e+09
8.818638486549928665e+09
8.382031542009001732e+09
8.787095491878889084e+09
8.827832829832721710e+09
8.070163775137764931e+09
7.453472527158351898e+09
7.299984514448539734e+09
7.234754969347894669e+09
7.207015936698078156e+09
7.026287421189907074e+09
6.480426703188457489e+09
6.113601458569114685e+09
6.280119616023804665e+09
6.353360216961758614e+09
5.957928904124550819e+09
5.574225705534386635e+09
5.523150034694049835e+09
5.581538014484980583e+09
5.493215158296526909e+09
5.228056897327650070e+09
4.996633101528052330e+09
4.987186448032281876e+09
5.018554805214352608e+09
4.864220917828285217e+09
4.658349335381506920e+09
4.579356614873064041e+09
4.571312218711807251e+09
4.520566256277674675e+09
4.394312488981324196e+09
4.268198133184431553e+09
4.231373948567554474e+09
4.219789744682325840e+09
4.136996803312753201e+09
4.034272845625677586e+09
3.982285755777435780e+09
3.956098237974246502e+09
3.912824960843356133e+09
3.844497082714231491e+09
3.779879254026094913e+09
3.749097908963952065e+09
3.725006873611355782e+09
3.673622512441132545e+09
3.619691352265499592e+09
3.587981465240117550e+09
3.563822052025541306e+09
3.530326440553706169e+09
3.489068746523486614e+09
3.455564333040435314e+09
3.434681016047732353e+09
3.410794796952118874e+09
3.378569857355656624e+09
3.349913611088286400e+09
3.330116185158885956e+09
3.311769228928341866e+09
3.287816523570100784e+09
3.263217614381376266e+09
3.245943456564431667e+09
3.231423927768841267e+09
3.212415277995925903e+09
3.192823094332878590e+09
3.178160041092564583e+09
3.165815101755305767e+09
3.151084600794326305e+09
3.135439627581019402e+09
3.123275888268745899e+09
3.113031281390188217e+09
3.101087217037931919e+09
3.089007983803046703e+09
3.079106750060696602e+09
3.070288789535797119e+09
3.060932337923504353e+09
3.051562957351943016e+09
3.043352182990753174e+09
3.036066519508528233e+09
3.028757632144659042e+09
3.021305568650940418e+09
3.014581482387396336e+09
3.008769287101793289e+09
3.002909637504443169e+09
2.996911660260023117e+09
2.991607444710766315e+09
2.986891920546108723e+09
2.982137785763512135e+09
2.977416730348345757e+09
2.973166093449991703e+09
2.969349452769689560e+09
2.965533593198428631e+09
2.961756218069857121e+09
2.958374194425600529e+09
2.955293833488448143e+09
2.952188471667273521e+09
2.949174158460741520e+09
2.946490370939275265e+09
2.943957360907973289e+09
2.941434017424861431e+09
2.939041952886960030e+09
2.936852245218848705e+09
2.934779644628952026e+09
2.932727811721912384e+09
2.930783718323145866e+09
2.929004800016488075e+09
2.927280224738141060e+09
2.925595658300261021e+09
2.924009938811763763e+09
2.922524752071654320e+09
2.921089087496445656e+09
2.919684518913784027e+09
2.918364214079932690e+09
2.917114731262690067e+09
2.915892385453989983e+09
2.914708240005033493e+09
2.913586868391940594e+09
2.912514015588486671e+09
2.911457828966881275e+09
2.910438264134453773e+09
2.909469439392431259e+09
2.908524214610115528e+09
2.907597150612415791e+09
2.906703120254048347e+09
2.905841912189580917e+09
2.904995151074670792e+09
2.904165187146281242e+09
2.903363313227173328e+09
2.902579610629114628e+09
2.901806615730247974e+09
2.901049938535205841e+09
2.900312473702342510e+09
2.899585460293228149e+09
2.898867513464046001e+09
2.898163545589003563e+09
2.897470782845363140e+09
2.896785351811547279e+09
2.896107362579171181e+09
2.895439430980221272e+09
2.894778670410963535e+09
2.894122127052863598e+09
2.893472343919510841e+09
2.892829040040628433e+09
2.892189535015524387e+09
2.891553415431955814e+09
2.890922395944591522e+09
2.890294999818669319e+09
2.889669485352248192e+09
2.889047011322954655e+09
2.888427639232702255e+09
2.887809795459825039e+09
2.887193274181588173e+09
2.886578977176214695e+09
2.885965942092834949e+09
