1.357932928341034570e+13
1.317248023633565234e+13
1.226971314680620703e+13
1.176050192084475391e+13
1.120046560326919141e+13
1.052091224123137109e+13
9.906825335023478516e+12
9.456886027644757812e+12
9.034864161938248047e+12
8.538612847463545898e+12
8.034197588215833008e+12
7.611370212283222656e+12
7.258005288079375000e+12
6.903435138840037109e+12
6.526519531961219727e+12
6.163165724342123047e+12
5.842470420304302734e+12
5.555424673345724609e+12
5.277057045892116211e+12
4.997710772083089844e+12
4.727871567653682617e+12
4.480620670675005859e+12
4.256360418744577148e+12
4.044406030761117188e+12
3.836390787110970703e+12
3.635192999526647461e+12
3.449306488762105957e+12
3.280641623823871094e+12
3.122020829835263184e+12
2.967148453583901367e+12
2.817989262136889160e+12
2.680254488681466797e+12
2.553881500923754883e+12
2.433907340825677734e+12
2.317828075902347656e+12
2.206998808499847168e+12
2.103297517476712891e+12
2.006744484168885986e+12
1.915372778890718018e+12
1.827314172039754395e+12
1.742831872777799316e+12
1.663513643530224609e+12
1.589389918034975830e+12
1.518755156870735107e+12
1.450566710624073975e+12
1.385532239717093262e+12
1.324569662981878662e+12
1.267041588060296143e+12
1.211883581435895508e+12
1.159013045368171875e+12
1.108929171967281494e+12
1.061677651915724731e+12
1.016756085909751465e+12
9.737471365600833740e+11
9.326441335533275146e+11
8.937244978170812988e+11
8.568909398841229248e+11
8.216598285458183594e+11
7.878480306852613525e+11
7.557299893841105957e+11
7.253336123239077148e+11
6.962775648931374512e+11
6.683858488038560791e+11
6.418158820635032959e+11
6.166130031996610107e+11
5.925636427890361328e+11
5.694877006329865723e+11
5.474254419581840820e+11
5.264585548092375488e+11
5.064518500870788574e+11
4.872488813646680298e+11
4.688543148328002319e+11
4.513182154880350342e+11
4.345762173874940796e+11
4.185066700814869385e+11
4.030932376260302734e+11
3.883691698545581665e+11
3.742831612872542725e+11
3.607676149573005981e+11
3.478045654780089722e+11
3.353847274456228638e+11
3.234899658797518921e+11
3.120862273803771362e+11
3.011332289956398926e+11
2.906265076197805786e+11
2.805585436889378662e+11
2.708932472248256531e+11
2.616107539019783020e+11
2.527011023362705994e+11
2.441496805230812988e+11
2.359394514874753113e+11
2.280502570279977722e+11
2.204734461298334351e+11
2.131975397089164429e+11
2.062048226991627502e+11
1.994848581806688843e+11
1.930298336216596375e+11
1.868255521221882019e+11
1.808594430721629944e+11
1.751275572048271790e+11
1.696206017101820679e+11
1.643284884282068787e+11
1.592496779522754822e+11
1.543771640440503540e+11
1.496738281735340271e+11
1.450985694206883240e+11
1.406960666616907043e+11
1.365175305264096680e+11
1.325011980306754456e+11
1.285850291283343658e+11
1.248212397557295532e+11
1.212400095606515961e+11
1.177724774523041840e+11
1.144062916169415741e+11
1.111922866593836517e+11
1.081055722764945068e+11
1.051047958569844818e+11
1.022195078849374542e+11
9.945786566519863892e+10
9.678123275389228821e+10
9.419319564190875244e+10
9.171412967438798523e+10
8.932100382459988403e+10
8.700069270878050232e+10
8.477057695689234924e+10
8.262428956054219055e+10
8.054344325029585266e+10
7.853492357240275574e+10
7.660346149238880920e+10
7.473478722100886536e+10
7.292511507817385864e+10
7.118168727863645935e+10
6.949900274070533752e+10
6.786803169485466003e+10
6.629145501713630676e+10
6.477084907746923828e+10
6.329901536968034363e+10
6.187256317705858612e+10
6.049414018411900330e+10
5.916193466555712891e+10
5.787064142448023224e+10
5.661931562544487000e+10
5.540909935186036682e+10
5.423753691962149811e+10
5.310112737461727905e+10
5.199944601938014984e+10
5.093283550976674652e+10
4.989940871084878540e+10
4.889721886882563019e+10
4.792694795463477325e+10
4.699145664388787079e+10
4.609539284017163849e+10
4.524471643377845001e+10
4.442871101164064026e+10
4.358886801499408722e+10
4.269488213800572968e+10
4.186217621363486481e+10
4.114311228786098480e+10
4.041475099052540588e+10
3.963232819628775787e+10
3.891682123119439697e+10
3.826912192494599152e+10
3.758171057421578217e+10
3.689971367678070831e+10
3.629077498718704224e+10
3.567876452740834808e+10
3.504913768666115570e+10
3.447226970799021149e+10
3.391515000377160645e+10
3.333959304905866623e+10
3.279623863376581192e+10
3.228186442190406418e+10
3.175590251511765671e+10
3.124682451129486465e+10
3.076793317792695236e+10
3.028671325683676529e+10
2.981403875768109131e+10
2.937129230765041733e+10
2.894169734541755676e+10
2.852791908178977966e+10
2.813622919032682419e+10
2.771155345170067215e+10
2.724683096536212921e+10
2.684216948408490372e+10
2.649635931225819778e+10
2.611070101665072632e+10
2.570314818044444656e+10
2.535572254585507584e+10
2.502128257858810043e+10
2.465045379008076096e+10
2.430708960801372147e+10
2.400056993827635193e+10
2.367715791563678741e+10
2.337329217213760757e+10
2.313295701750901794e+10
2.289728302130081177e+10
2.257253479396194839e+10
2.216994107911426926e+10
2.185656330732588196e+10
2.164675650326401901e+10
