2.885353459191428661e+09
9.531501595128786621e+11
1.702861249924718628e+11
3.787217614595809937e+11
5.154695659499689331e+11
3.683343014545475464e+11
1.588240618405951538e+11
9.601909747480500793e+10
1.865475632795859985e+11
2.552733015401821899e+11
2.067531130990400085e+11
1.191703459091831360e+11
7.704016428960084534e+10
7.924874954002416992e+10
9.705897517369219971e+10
1.129811494743591766e+11
1.105411858374099884e+11
7.981036258211018372e+10
4.144120964236711884e+10
3.163086515988526917e+10
5.305399945129566193e+10
7.048907336811047363e+10
6.150113206111857605e+10
3.933770087129248047e+10
2.454614071100091553e+10
2.242739908561522293e+10
2.922750256946984863e+10
3.808539343758109283e+10
3.795957251688495636e+10
2.424740248785007858e+10
1.013867630281839943e+10
1.129510087781699753e+10
2.270757845564249802e+10
2.660103091525754547e+10
1.841079872349383163e+10
9.256764802228101730e+09
7.583114922307490349e+09
1.150129579664548302e+10
1.527745468731528282e+10
1.458793081173358154e+10
9.257252909798185349e+09
4.812676307862979889e+09
6.274154418250400543e+09
1.037178070225377083e+10
1.046967956678454971e+10
6.727170735282312393e+09
4.337622869213758469e+09
5.120273493016246796e+09
6.740618725325038910e+09
7.045856113769495964e+09
5.696318020528832436e+09
4.025219748998952866e+09
3.899879881325740814e+09
5.073248344726652145e+09
5.411684691995317459e+09
4.417017755513471603e+09
3.590782303073019505e+09
3.627424758995214462e+09
3.995123518626634598e+09
4.201230872402289867e+09
3.916371849846628189e+09
3.280011943433196068e+09
3.109903135929179192e+09
3.559644499832725525e+09
3.738955098531746864e+09
3.329483851465068340e+09
2.974512169530107498e+09
3.047521288921301842e+09
3.284654668030473709e+09
3.308799529360890388e+09
3.042760401688433647e+09
2.838000430266531467e+09
2.965934902304818630e+09
3.133924556809833050e+09
3.028909314531939983e+09
2.837320870687524796e+09
2.820876925799654484e+09
2.928319322259049416e+09
2.964645387669042110e+09
2.859928372411606789e+09
2.764943749710483074e+09
2.813369291618639946e+09
2.881646083304761410e+09
2.836074441621572495e+09
2.764679624712453842e+09
2.765774208268935204e+09
2.801333773360424519e+09
2.805741182577532768e+09
2.769127896359038353e+09
2.741318876030395031e+09
2.757144857717328548e+09
2.775224543979405880e+09
2.759171745629044056e+09
2.735354941460120201e+09
2.733774599886491776e+09
2.747951100944210529e+09
2.749181338455489159e+09
2.730175729269196987e+09
2.721187550734463215e+09
2.732240801239529610e+09
2.736421920228609085e+09
2.725080434905501842e+09
2.716363850717458725e+09
2.720573574979446888e+09
2.726661130398056030e+09
2.720707152787716389e+09
2.711880514197716236e+09
2.714445250508702755e+09
2.719258468095943451e+09
2.715257762523219585e+09
2.709524687683843136e+09
2.710192415988484383e+09
2.713129385333439827e+09
2.711169165848230839e+09
2.707025241853405952e+09
2.706984769248163700e+09
2.708661947671353817e+09
2.707439313550074577e+09
2.704835716982200623e+09
2.704234457691548347e+09
2.705113740599414825e+09
2.704427480146349907e+09
2.702514075515907764e+09
2.701893148923287392e+09
2.702184881099411011e+09
2.701727821959269524e+09
2.700380498619080544e+09
2.699538268977061272e+09
2.699749757505786419e+09
2.699333911818374634e+09
2.698060539201825619e+09
2.697507427740905762e+09
2.697490857659814835e+09
2.696930946360733986e+09
2.695980603247396469e+09
2.695462538362417698e+09
2.695291924523826122e+09
2.694704264992069244e+09
2.693904024528530121e+09
2.693453087327021599e+09
2.693132421340445518e+09
2.692556621470797062e+09
2.691859118261313915e+09
2.691410587365943432e+09
2.691033111399964333e+09
2.690426329882655144e+09
2.689819460695481777e+09
2.689370637868207932e+09
2.688917536458742142e+09
2.688337264869785309e+09
2.687760504558631420e+09
2.687308910351429939e+09
2.686816472085771084e+09
2.686232795532989025e+09
2.685701404454518318e+09
2.685222638964244366e+09
2.684700176634900570e+09
2.684135156314320087e+09
2.683613110343219757e+09
2.683115247403872967e+09
2.682574537028917313e+09
2.682022394592926025e+09
2.681501017646896362e+09
2.680984493175943851e+09
2.680435712541490078e+09
2.679888551836657524e+09
2.679365605611309528e+09
2.678830301407778740e+09
2.678278782988219261e+09
2.677734938100983620e+09
2.677201741432497025e+09
2.676656547225461960e+09
2.676100742632227898e+09
2.675557397095315933e+09
2.675014158032416821e+09
2.674458278204474449e+09
2.673903308028463840e+09
2.673354542482715607e+09
2.672800402802456379e+09
2.672239809202641964e+09
2.671682317095468521e+09
2.671125625412259102e+09
2.670563764010694504e+09
2.669998989571092606e+09
2.669436495456448078e+09
2.668872672359565735e+09
2.668303779350047588e+09
2.667734904617529869e+09
2.667166750444961548e+09
2.666595238473746300e+09
2.666021021781755447e+09
2.665447443436646461e+09
2.664872551925585270e+09
2.664294389009829521e+09
2.663715452301754951e+09
2.663136099919762611e+09
2.662554461408129215e+09
2.661970772088268280e+09
2.661386596964744568e+09
2.660801024747724056e+09
