2.078150165485852957e+09
1.060913864896083984e+12
1.707744554902442932e+11
3.726553603507513428e+11
5.853527722907796631e+11
4.298880244210060425e+11
1.672109518267562561e+11
7.919988088434629822e+10
1.901938309253842468e+11
2.884279871507756348e+11
2.436199590722618713e+11
1.347830842927874298e+11
7.104021035065200806e+10
7.176383499166955566e+10
1.049122791222279205e+11
1.327384844478478241e+11
1.271462589210908966e+11
8.476728288882313538e+10
3.833919193166897583e+10
2.916852846506269836e+10
5.694860649712632751e+10
7.986232631406462097e+10
7.033991205320515442e+10
4.204999378878507996e+10
2.172722054811783981e+10
2.025077566237382889e+10
3.213914426516631317e+10
4.390325256367202759e+10
4.158043772816098785e+10
2.392415975513531494e+10
8.288430836142677307e+09
1.089548792008163071e+10
2.454473753943120956e+10
2.915724510469513321e+10
1.948529116612684631e+10
8.241546534016008377e+09
6.222227921623300552e+09
1.165751907746861649e+10
1.653721534097959900e+10
1.522012760784226418e+10
8.697261648653532028e+09
3.889625932522132874e+09
5.756324648066747665e+09
1.037282212287967682e+10
1.066025180047480011e+10
6.531105463730939865e+09
3.513194402309910774e+09
4.217392185196740627e+09
6.363270052632432938e+09
6.970660354881940842e+09
5.319895427849463463e+09
3.226394738742008209e+09
3.032757995982645988e+09
4.482960091173889160e+09
5.084446918787463188e+09
3.957346189280663490e+09
2.749877842272688866e+09
2.736133962336627960e+09
3.424346247462418556e+09
3.745182211234481335e+09
3.229115130749502659e+09
2.443042736340139389e+09
2.359722375694201469e+09
2.917562327411491871e+09
3.102176187775467873e+09
2.613349417324543953e+09
2.180576517135791779e+09
2.286612673532610416e+09
2.608073309885181427e+09
2.618231329769039154e+09
2.278689499065221310e+09
2.061508777072944880e+09
2.225625243643413067e+09
2.415600249108407974e+09
2.297161204599026680e+09
2.071752632636159420e+09
2.049884756118413448e+09
2.185124095629083633e+09
2.228841596987062931e+09
2.105961019280547619e+09
1.998844310984109640e+09
2.047380409374405861e+09
2.130322632505099535e+09
2.094096834970679522e+09
2.001120270816440582e+09
1.988989617335184574e+09
2.046371506078428030e+09
2.059427186270856142e+09
2.004757843924130917e+09
1.970911963996380091e+09
1.996166330379734278e+09
2.019709315613733768e+09
1.999634609982456446e+09
1.968039069763697624e+09
1.968379990400337458e+09
1.990159303036413431e+09
1.988877513911677837e+09
1.964563138988220692e+09
1.957213399160565615e+09
1.970644726409094095e+09
1.975213004247584105e+09
1.962389788066637993e+09
1.951765663845674276e+09
1.957868891312899828e+09
1.965677054114663363e+09
1.958004693340879440e+09
1.948367519233305216e+09
1.951701075984959841e+09
1.957434274695596933e+09
1.953585764837677479e+09
1.946533530639209032e+09
1.947408890758760691e+09
1.951849953121660471e+09
1.949465656071743727e+09
1.944670454686974287e+09
1.945060474530084133e+09
1.947172490400658607e+09
1.946252127343922615e+09
1.943299103769309521e+09
1.942524364159982681e+09
1.944207647818828821e+09
1.943698885464232206e+09
1.941361071205449820e+09
1.940959121883375645e+09
1.941724472004225731e+09
1.941374149269902229e+09
1.939896025684653044e+09
1.939214827949079275e+09
1.939804366457597733e+09
1.939469341402455807e+09
1.938206625745559931e+09
1.937829831427218914e+09
1.938044189418881893e+09
1.937664844031130791e+09
1.936747139432083845e+09
1.936369354374280691e+09
1.936477100274806261e+09
1.936003626520197630e+09
1.935280582748383760e+09
1.935024857812477112e+09
1.934903568155286551e+09
1.934462187102916718e+09
1.933883540171293020e+09
1.933616271010883570e+09
1.933426905671391249e+09
1.932957946520138741e+09
1.932494304082956314e+09
1.932221196683652878e+09
1.931946292433726072e+09
1.931515943768998861e+09
1.931087563900297880e+09
1.930814217322400808e+09
1.930498135924073935e+09
1.930064467940570593e+09
1.929690366149433136e+09
1.929396112627499342e+09
1.929041709454566002e+09
1.928628217473832846e+09
1.928280687494058371e+09
1.927960318589471102e+09
1.927582435930893421e+09
1.927196363095703125e+09
1.926850119242723942e+09
1.926506823071313858e+09
1.926126326817705631e+09
1.925750035936620474e+09
1.925401920953687906e+09
1.925041853489522934e+09
1.924661045223448277e+09
1.924290406829882622e+09
1.923935918566730738e+09
1.923564719992348909e+09
1.923182914672159910e+09
1.922817315066556454e+09
1.922451824603535175e+09
1.922072814374977350e+09
1.921694455169693708e+09
1.921325506061644316e+09
1.920950984076264381e+09
1.920568213949262619e+09
1.920191046946382284e+09
1.919815863808490753e+09
1.919434300286074877e+09
1.919050483589999437e+09
1.918670623018943310e+09
1.918289329764923573e+09
1.917902958551794052e+09
1.917517488748564720e+09
1.917133598315937042e+09
1.916746450378112555e+09
1.916356767851953745e+09
1.915968781904098272e+09
1.915579868185320139e+09
1.915187869899738550e+09
1.914795627319640160e+09
1.914403741332068443e+09
1.914009899090748072e+09
1.913614193524147749e+09
1.913218841690465450e+09
1.912822518629839897e+09
