2.257451331219925880e+09
1.046573187519526367e+12
1.748782414646456604e+11
3.634365673108378296e+11
5.739933222735288086e+11
4.290270339961669312e+11
1.647947839675288391e+11
7.506008384197583008e+10
1.882172043234076233e+11
2.850901188456844482e+11
2.380189249346402283e+11
1.329269590709693451e+11
7.362156093131758118e+10
7.143051498416893005e+10
9.934197839583543396e+10
1.284992109449598694e+11
1.285250791734642639e+11
8.727862447542617798e+10
3.682650755853318787e+10
2.544172039084495926e+10
5.550835448380461884e+10
8.091833161122091675e+10
7.097324455954280090e+10
4.110458726707833099e+10
2.044493228229772186e+10
1.966846669833152390e+10
3.220400453464130402e+10
4.414852567883320618e+10
4.146146609138991547e+10
2.329744266636421967e+10
7.823209994329679489e+09
1.111552052109205437e+10
2.485002383828562164e+10
2.885682075507896805e+10
1.906932439020981216e+10
8.387766762262874603e+09
6.517279202619347572e+09
1.152564387889811134e+10
1.633938874088599777e+10
1.537787039336488533e+10
8.873344609216053009e+09
3.831797644330047607e+09
5.782399944786951065e+09
1.057203641536712265e+10
1.072933187566684532e+10
6.506237150213248253e+09
3.670396036553168774e+09
4.444724309765372276e+09
6.425137213783591270e+09
6.993625140612303734e+09
5.480752300054786682e+09
3.430807925340765953e+09
3.166228358185450554e+09
4.575369750269699097e+09
5.194421783490753174e+09
4.123641470463869095e+09
2.948174875536020279e+09
2.874370627232890129e+09
3.514955681698128223e+09
3.901441610289829731e+09
3.433628643892587662e+09
2.594255402084381104e+09
2.481973995193860054e+09
3.076459585380760670e+09
3.275702898872921944e+09
2.777032868823807716e+09
2.340215886805274487e+09
2.437390630055198193e+09
2.766910372875675678e+09
2.797399505904926777e+09
2.443631957190415382e+09
2.210182523218569279e+09
2.394990973780215263e+09
2.591776694669732571e+09
2.455343109783399105e+09
2.233994244038367748e+09
2.223156148939414501e+09
2.351250472830438137e+09
2.392480112500712872e+09
2.274435172636164188e+09
2.167010941607278347e+09
2.215923568194129467e+09
2.297631271835155010e+09
2.259419622310955524e+09
2.171390641032077312e+09
2.159775893049685478e+09
2.211665511693005085e+09
2.227027492799777985e+09
2.175725006250916958e+09
2.139574471845671654e+09
2.164383179744631290e+09
2.187996947348460197e+09
2.168041068683937550e+09
2.138848764669610739e+09
2.137381786269054890e+09
2.156671229243051529e+09
2.158951359213232994e+09
2.135461553874645472e+09
2.124671780759406328e+09
2.138922892427544832e+09
2.145570870358389854e+09
2.131615366535795450e+09
2.120128618850093603e+09
2.126939470858494520e+09
2.135200368994649887e+09
2.127072099913698196e+09
2.117119400800876141e+09
2.120930790373269081e+09
2.126629960083157778e+09
2.122409685682952642e+09
2.115660109949676275e+09
2.116522984229834795e+09
2.120681214586851835e+09
2.118481029569673777e+09
2.113704380189275980e+09
2.113952099080186605e+09
2.116062108756901026e+09
2.115114991833947659e+09
2.112212887070471048e+09
2.111390687933357239e+09
2.112930309697377205e+09
2.112489438177968740e+09
2.110190674018765926e+09
2.109660368091869593e+09
2.110370896943538189e+09
2.110069897234953642e+09
2.108576281697205544e+09
2.107790505608452559e+09
2.108357399348482847e+09
2.108045520081432104e+09
2.106725916405938387e+09
2.106294780047779083e+09
2.106486605033267975e+09
2.106087494366398335e+09
2.105136973214594126e+09
2.104704510222784996e+09
2.104785719065691471e+09
2.104290026339377403e+09
2.103523680852632523e+09
2.103230040853871346e+09
2.103071574786497593e+09
2.102602772554944515e+09
2.101988410037327766e+09
2.101674066092930794e+09
2.101454591394702196e+09
2.100952741875596046e+09
2.100448428273231506e+09
2.100135984606484890e+09
2.099825035923395157e+09
2.099360818103276968e+09
2.098891323895988464e+09
2.098579179027659178e+09
2.098225838809644699e+09
2.097755260990758896e+09
2.097343405843767643e+09
2.097004918840620041e+09
2.096616017184991360e+09
2.096166263993132353e+09
2.095772888185644388e+09
2.095415860265681028e+09
2.095001184157606840e+09
2.094572520880321264e+09
2.094186018587131500e+09
2.093804406371925354e+09
2.093383831047075033e+09
2.092965856315757751e+09
2.092578118460552216e+09
2.092177614421175480e+09
2.091755922025571108e+09
2.091344550356083155e+09
2.090948495458322287e+09
2.090537051944839478e+09
2.090113669132175446e+09
2.089706275156934023e+09
2.089299817168969393e+09
2.088878922385730982e+09
2.088458928461063862e+09
2.088047901178699732e+09
2.087631366083899260e+09
2.087206755591731310e+09
2.086787030036983013e+09
2.086369402959338903e+09
2.085945549721742630e+09
2.085519096698593616e+09
2.085096249355369329e+09
2.084672194989671469e+09
2.084242995740749121e+09
2.083814221914700508e+09
2.083387058162330151e+09
2.082956752283272982e+09
2.082523556320118189e+09
2.082091844269083738e+09
2.081659393304570675e+09
2.081223588823770046e+09
2.080787328898583889e+09
2.080351467859128952e+09
2.079913488527618170e+09
2.079473517033800840e+09
2.079033772170831442e+09
2.078592982922167063e+09
