7.952216470956202500e+14
7.533852769138696250e+14
7.134852458288471250e+14
6.754681691939761250e+14
6.392385976302723750e+14
6.047121101270416250e+14
5.718153490945191250e+14
5.404794502832570625e+14
5.106358391644789375e+14
4.822155426993564375e+14
4.551523197213188750e+14
4.293862315858361875e+14
4.048649337723085000e+14
3.815422739575623125e+14
3.593761947575673125e+14
3.383276356895087500e+14
3.183603307917112500e+14
2.994407430235685000e+14
2.815372388274170000e+14
2.646188160600443438e+14
2.486540419777062188e+14
2.336099500163163750e+14
2.194508636767049688e+14
2.061379551740978438e+14
1.936301284563552812e+14
1.818857864037942188e+14
1.708642899439157188e+14
1.605265261682903125e+14
1.508350665288691250e+14
1.417544313901349688e+14
1.332513320754312031e+14
1.252945398716371250e+14
1.178544454718899062e+14
1.109026646122521719e+14
1.044118268255157969e+14
9.835545506937012500e+13
9.270790347463148438e+13
8.744435732021953125e+13
8.254082827079353125e+13
7.797412706655192188e+13
7.372188976109732812e+13
6.976266955458510938e+13
6.607602009586473438e+13
6.264256800600744531e+13
5.944412635080571094e+13
5.646377507840614844e+13
5.368579969161537500e+13
5.109557111657161719e+13
4.867951741409988281e+13
4.642512574881664844e+13
4.432080809680820312e+13
4.235567126644883594e+13
4.051937744957560156e+13
3.880214363741737500e+13
3.719478699315155469e+13
3.568875844268659375e+13
3.427615498571109766e+13
3.294969325737055078e+13
3.170265919614108984e+13
3.052888348002666406e+13
2.942275102176514062e+13
2.837920791013439062e+13
2.739373619994878125e+13
2.646228234293262891e+13
2.558115408502978125e+13
2.474694113492455859e+13
2.395648661065571875e+13
2.320686972986467969e+13
2.249537782662945703e+13
2.181949940439514062e+13
2.117694306475283594e+13
2.056564436183809766e+13
1.998374737452223828e+13
1.942957354520280469e+13
1.890158089729132031e+13
1.839832313334030078e+13
1.791842862554594922e+13
1.746060008933558594e+13
1.702361985761804297e+13
1.660635101521819141e+13
1.620773137041140039e+13
1.582676474130302539e+13
1.546251582938536914e+13
1.511410396457228516e+13
1.478069288504045117e+13
1.446148648458051758e+13
1.415573262793457422e+13
1.386272567256065820e+13
1.358180643970287500e+13
1.331236204427106250e+13
1.305382188899837500e+13
1.280565034525368945e+13
1.256734144516114062e+13
1.233841627112384180e+13
1.211842187619378516e+13
1.190693159861038672e+13
1.170354541956404297e+13
1.150788920029709570e+13
1.131961187347589258e+13
1.113838063279304688e+13
1.096387745958946094e+13
1.079579863912501562e+13
1.063385475375916797e+13
1.047777037167370117e+13
1.032728411277333984e+13
1.018214807448988477e+13
1.004212680273581836e+13
9.906996941039748047e+12
9.776546890471589844e+12
9.650575922033074219e+12
9.528893235248589844e+12
9.411317212275847656e+12
9.297674877830076172e+12
9.187801284248212891e+12
9.081538761876248047e+12
8.978736487477376953e+12
8.879250157399095703e+12
8.782941465656850586e+12
8.689677762725901367e+12
8.599331803995341797e+12
8.511781407296078125e+12
8.426909373235739258e+12
8.344603552490294922e+12
8.264756709812208984e+12
8.187266280972609375e+12
8.112034138454431641e+12
8.038966383593149414e+12
7.967973143201703125e+12
7.898968348722443359e+12
7.831869588828716797e+12
7.766597999029967773e+12
7.703078136333071289e+12
7.641237906071021484e+12
7.581008450983654297e+12
7.522323975708707031e+12
7.465121634234436523e+12
7.409341432433729492e+12
7.354926084237893555e+12
7.301820868544873047e+12
7.249973487785553711e+12
7.199333927661381836e+12
7.149854334996228516e+12
7.101488934208804688e+12
7.054193982806858398e+12
7.007927712995109375e+12
6.962650246074908203e+12
6.918323488131857422e+12
6.874911008386486328e+12
6.832377945678211914e+12
6.790690942536267578e+12
6.749818068153627930e+12
6.709728745285060547e+12
6.670393694246339844e+12
6.631784883709789062e+12
6.593875479395161133e+12
6.556639787625609375e+12
6.520053201943251953e+12
6.484092152912734375e+12
6.448734060109275391e+12
6.413957284989633789e+12
6.379741080565142578e+12
6.346065550080019531e+12
6.312911615745373047e+12
6.280260986161830078e+12
6.248096125831196289e+12
6.216400227521263672e+12
6.185157183009238281e+12
6.154351551296352539e+12
6.123968525717647461e+12
6.093993904134260742e+12
6.064414063403226562e+12
6.035215937370501953e+12
6.006386994994805664e+12
5.977915216399200195e+12
5.949789070309927734e+12
5.921997492588814453e+12
5.894529865322664062e+12
5.867375998276287109e+12
5.840526111326769531e+12
5.813970817342031250e+12
5.787701106140365234e+12
5.761708329589860352e+12
5.735984187230073242e+12
5.710520711630722656e+12
5.685310253828590820e+12
5.660345469172174805e+12
5.635619304497693359e+12
5.611124986507743164e+12
5.586856010176229492e+12
5.562806127656514648e+12
5.538969337773131836e+12
5.515339875698451172e+12
5.491912202967726562e+12
5.468680997978101562e+12
5.445641147094416016e+12
5.422787736159523438e+12
5.400116042227420898e+12
5.377621525435304688e+12
5.355299821283075195e+12
5.333146733488563477e+12
